time,step-size,{Attack}.AttackInstance.output,{FollowingAlgorithm}.FollowingAlgorithmInstance.accel,{FollowingCar}.FollowingCarInstance.speed,{FollowingCar}.FollowingCarInstance.x,{LeadingCar}.LeadingCarInstance.accel,{LeadingCar}.LeadingCarInstance.speed,{LeadingCar}.LeadingCarInstance.x
0.0,0.0,0.0,0.0,0.0,0.0,-0.01,0.0,50.0
0.01,0.01,0.0,1.3900001049041748,0.0,0.0,-0.006230095016944524,-1.0E-4,50.0
0.02,0.01,0.0,1.3937300443649292,0.013900001049041748,0.0,-0.0024602272413292593,-1.6230095016944523E-4,49.999999
0.03,0.01,0.0,1.391914963722229,0.02783730149269104,1.3900001049041747E-4,0.0013095661197728061,-1.8690322258273781E-4,49.9999973769905
0.04,0.01,1.3900001049041747E-4,1.3900998830795288,0.04175645112991333,4.1737302541732793E-4,0.005079247860023128,-1.7380756138500974E-4,49.999995507958275
0.05,0.01,4.1737302541732793E-4,1.3883016109466553,0.05565744996070862,8.349375367164613E-4,0.008848780774184809,-1.2301508278477846E-4,49.999993769882664
0.060000000000000005,0.01,8.349375367164613E-4,1.3865197896957397,0.06954046607017518,0.0013915120363235476,0.01261812765848981,-3.4527275042930356E-5,49.999992539731835
0.07,0.01,0.0013915120363235476,1.3847545385360718,0.08340566396713259,0.0020869166970252997,0.01638725131100613,9.165400154196775E-5,49.99999219445908
0.08,0.01,0.0020869166970252997,1.3830057382583618,0.09725320935249329,0.0029209733366966253,0.02015611453200497,2.5552651465202895E-4,49.9999931109991
0.09,0.01,0.0029209733366966253,1.3812733888626099,0.1110832667350769,0.003893505430221558,0.0239246801243279,4.5708765997207857E-4,49.99999566626425
0.09999999999999999,0.01,0.003893505430221558,1.3795572519302368,0.124896000623703,0.005004338097572326,0.02769291089375394,6.963344612153574E-4,50.000000237140846
0.10999999999999999,0.01,0.005004338097572326,1.3778573274612427,0.13869157314300537,0.006253298103809355,0.03146076964936671,9.732635701528967E-4,50.000007200485456
0.11999999999999998,0.01,0.006253298103809355,1.3761736154556274,0.1524701464176178,0.007640213835239409,0.03522821920392144,0.0012878712666465637,50.00001693312116
0.12999999999999998,0.01,0.007640213835239409,1.374505877494812,0.16623188257217408,0.009164915299415585,0.038995222374211984,0.0016401534586857778,50.000029811833826
0.13999999999999999,0.01,0.009164915299415585,1.3728541135787964,0.17997694134712222,0.010827234125137327,0.04276174198143788,0.002030105682427898,50.000046213368414
0.15,0.01,0.010827234125137327,1.3712183237075806,0.1937054824829102,0.012627003538608551,0.04652774085157119,0.0024577231022422773,50.000066514425235
0.16,0.01,0.012627003538608551,1.3695982694625854,0.20741766571998602,0.014564058363437654,0.05029318181572346,0.0029230005107579895,50.00009109165626
0.17,0.01,0.014564058363437654,1.3679940700531006,0.2211136484146119,0.016638235020637517,0.05405802771051257,0.0034259323289152245,50.00012032166136
0.18000000000000002,0.01,0.016638235020637517,1.3664053678512573,0.23479358911514292,0.01884937150478364,0.05782224137842943,0.00396651260602035,50.00015458098465
0.19000000000000003,0.01,0.01884937150478364,1.3648321628570557,0.2484576427936555,0.021197307395935068,0.061585785668204836,0.004544735019804645,50.00019424611071
0.20000000000000004,0.01,0.021197307395935068,1.3632745742797852,0.26210596442222606,0.023681883823871624,0.06534862343517606,0.005160592876486694,50.000239693460905
0.21000000000000005,0.01,0.023681883823871624,1.3617322444915771,0.27573871016502394,0.02630294346809389,0.06911071754165345,0.005814079110838455,50.00029129938967
0.22000000000000006,0.01,0.02630294346809389,1.3602052927017212,0.2893560326099397,0.02906033056974413,0.07287203085728697,0.006505186286254991,50.000349440180784
0.23000000000000007,0.01,0.02906033056974413,1.3586937189102173,0.3029580855369569,0.03195389089584353,0.07663252625943273,0.007233906594827861,50.000414492043646
0.24000000000000007,0.01,0.03195389089584353,1.3571972846984863,0.3165450227260591,0.0349834717512131,0.08039216663351931,0.008000231857422189,50.0004868311096
0.25000000000000006,0.01,0.0349834717512131,1.3557156324386597,0.33011699557304397,0.038148921978473686,0.08415091487341395,0.00880415352375738,50.000566833428174
0.26000000000000006,0.01,0.038148921978473686,1.3542492389678955,0.34367415189743056,0.04145009193420413,0.08790873388178909,0.00964566267249152,50.00065487496341
0.2700000000000001,0.01,0.04145009193420413,1.3527976274490356,0.35721664428710953,0.04488683345317844,0.09166558657048816,0.010524750011309411,50.00075133159013
0.2800000000000001,0.01,0.04488683345317844,1.3513610363006592,0.3707446205615999,0.048458999896049536,0.09542143586089183,0.011441405877014293,50.00085657909025
0.2900000000000001,0.01,0.048458999896049536,1.349938988685608,0.3842582309246065,0.052166446101665535,0.09917624468428393,0.012395620235623211,50.00097099314902
0.3000000000000001,0.01,0.052166446101665535,1.34853196144104,0.3977576208114626,0.056009028410911606,0.10292997598221722,0.013387382682466052,50.001094949351376
0.3100000000000001,0.01,0.056009028410911606,1.3471391201019287,0.411242940425873,0.05998660461902623,0.10668259270687923,0.014416682442288225,50.0012288231782
0.3200000000000001,0.01,0.05998660461902623,1.3457610607147217,0.4247143316268923,0.06409903402328497,0.1104340578214579,0.015483508369357019,50.00137299000262
0.3300000000000001,0.01,0.06409903402328497,1.3443973064422607,0.43817194223403955,0.06834617733955389,0.11418433430050708,0.0165878489475716,50.00152782508631
0.34000000000000014,0.01,0.06834617733955389,1.3430479764938354,0.4516159152984622,0.0727278967618943,0.11793338513031194,0.017729692290576672,50.00169370357579
0.35000000000000014,0.01,0.0727278967618943,1.3417128324508667,0.46504639506340056,0.07724405591487893,0.12168117330925436,0.01890902614187979,50.001871000498696
0.36000000000000015,0.01,0.07724405591487893,1.340391993522644,0.47846352338790926,0.08189451986551294,0.12542766184817805,0.020125837874972335,50.00206009076012
0.37000000000000016,0.01,0.08189451986551294,1.339085340499878,0.4918674433231357,0.08667915509939203,0.12917281377075368,0.021380114493454117,50.00226134913887
0.38000000000000017,0.01,0.08667915509939203,1.3377927541732788,0.5052582967281345,0.0915978295326234,0.13291659211384374,0.022671842631161655,50.00247515028381
0.3900000000000002,0.01,0.0915978295326234,1.3365141153335571,0.5186362242698673,0.09665041249990475,0.13665895992786736,0.024001008552300095,50.00270186871012
0.4000000000000002,0.01,0.09665041249990475,1.3352490663528442,0.5320013654232029,0.10183677474260343,0.14039988027716516,0.02536759815157877,50.00294187879564
0.4100000000000002,0.01,0.10183677474260343,1.333998203277588,0.5453538560867314,0.10715678839683546,0.1441393162403635,0.02677159695435042,50.00319555477716
0.4200000000000002,0.01,0.10715678839683546,1.3327609300613403,0.5586938381195072,0.11261032695770277,0.14787723091073907,0.028212990116754055,50.0034632707467
0.4300000000000002,0.01,0.11261032695770277,1.3315372467041016,0.5720214474201206,0.11819726533889785,0.15161358739658318,0.029691762425861447,50.003745400647865
0.4400000000000002,0.01,0.11819726533889785,1.3303272724151611,0.5853368198871617,0.12391747981309906,0.15534834882156576,0.03120789829982728,50.00404231827213
0.45000000000000023,0.01,0.12391747981309906,1.3291306495666504,0.5986400926113133,0.12977084801197067,0.15908147832509925,0.032761381788042936,50.00435439725513
0.46000000000000024,0.01,0.12977084801197067,1.3279474973678589,0.6119313991069799,0.1357572489380838,0.1628129390627027,0.03435219657129393,50.00468201107301
0.47000000000000025,0.01,0.1357572489380838,1.326777696609497,0.6252108740806586,0.1418765629291536,0.16654269420636494,0.03598032596192096,50.00502553303872
0.48000000000000026,0.01,0.1418765629291536,1.325621247291565,0.6384786510467535,0.1481286716699602,0.17027070694490856,0.037645752903984614,50.00538533629834
0.49000000000000027,0.01,0.1481286716699602,1.3244781494140625,0.6517348635196691,0.15451345818042772,0.17399694048435285,0.039348459973433704,50.00576179382738
0.5000000000000002,0.01,0.15451345818042772,1.3233476877212524,0.6649796450138097,0.16103080681562437,0.17772135804827713,0.041088429378277225,50.006155278427116
0.5100000000000002,0.01,0.16103080681562437,1.3222306966781616,0.6782131218910222,0.16768060326576248,0.18144392287818364,0.04286564295876,50.0065661627209
0.5200000000000002,0.01,0.16768060326576248,1.3211264610290527,0.6914354288578038,0.1744627344846727,0.1851645982338604,0.04468008218754183,50.00699481915049
0.5300000000000002,0.01,0.1744627344846727,1.3200352191925049,0.7046466934680944,0.18137708877325073,0.1888833473937437,0.04653172816988044,50.00744161997237
0.5400000000000003,0.01,0.18137708877325073,1.318956732749939,0.7178470456600194,0.18842355570793168,0.19260013365528073,0.048420561643817875,50.00790693725407
0.5500000000000003,0.01,0.18842355570793168,1.3178907632827759,0.7310366129875189,0.19560202616453187,0.19631492033529152,0.050346562980370685,50.00839114287051
0.5600000000000003,0.01,0.19560202616453187,1.3168377876281738,0.7442155206203467,0.20291239229440708,0.20002767077033132,0.0523097121837236,50.00889460850031
0.5700000000000003,0.01,0.20291239229440708,1.315797209739685,0.7573838984966285,0.21035454750061056,0.2037383483170522,0.054309988891426915,50.00941770562215
0.5800000000000003,0.01,0.21035454750061056,1.3147691488265991,0.7705418705940253,0.21792838648557686,0.20744691635256493,0.056347372374597436,50.009960805511064
0.5900000000000003,0.01,0.21792838648557686,1.3137534856796265,0.7836895620822913,0.22563380519151713,0.21115333827480007,0.05842184153812309,50.01052427923481
0.6000000000000003,0.01,0.22563380519151713,1.3127501010894775,0.7968270969390876,0.23347070081234006,0.21485757750286963,0.060533374920871096,50.01110849765019
0.6100000000000003,0.01,0.23347070081234006,1.311759114265442,0.8099545979499824,0.24143897178173093,0.21855959747742795,0.0626819506958998,50.0117138313994
0.6200000000000003,0.01,0.24143897178173093,1.31078040599823,0.8230721890926368,0.24953851776123076,0.22225936166103238,0.06486754667067408,50.01234065090636
0.6300000000000003,0.01,0.24953851776123076,1.3098136186599731,0.8361799931526191,0.25776923965215714,0.22595683353850415,0.06709014028728441,50.01298932637307
0.6400000000000003,0.01,0.25776923965215714,1.3088589906692505,0.8492781293392189,0.26613103958368334,0.2296519766172885,0.06934970862266945,50.01366022777594
0.6500000000000004,0.01,0.26613103958368334,1.307916283607483,0.8623667192459114,0.27462382087707554,0.2333447544278151,0.07164622838884234,50.01435372486216
0.6600000000000004,0.01,0.27462382087707554,1.3069854974746704,0.8754458820819861,0.28324748806953465,0.23703513052385772,0.07397967593312049,50.01507018714605
0.6700000000000004,0.01,0.28324748806953465,1.306066632270813,0.8885157370567328,0.2920019468903545,0.24072306848289415,0.07635002723835907,50.015809983905385
0.6800000000000004,0.01,0.2920019468903545,1.305159330368042,0.901576403379441,0.30088710426092186,0.24440853190646566,0.07875725792318801,50.01657348417777
0.6900000000000004,0.01,0.30088710426092186,1.3042638301849365,0.9146279966831214,0.30990286829471625,0.24809148442053613,0.08120134324225267,50.017361056757004
0.7000000000000004,0.01,0.30990286829471625,1.3033798933029175,0.9276706349849708,0.31904914826154745,0.2517718896758512,0.08368225808645803,50.01817307018943
0.7100000000000004,0.01,0.31904914826154745,1.3025074005126953,0.940704433918,0.3283258546113972,0.25544971134829664,0.08619997698321655,50.01900989277029
0.7200000000000004,0.01,0.3283258546113972,1.3016464710235596,0.9537295079231269,0.3377328989505772,0.25912491313925756,0.08875447409669951,50.019871892540124
0.7300000000000004,0.01,0.3377328989505772,1.3007967472076416,0.9667459726333626,0.34727019402980847,0.2627974587759759,0.09134572322809209,50.02075943728109
0.7400000000000004,0.01,0.34727019402980847,1.2999584674835205,0.979753940105439,0.3569376537561421,0.2664673120119088,0.09397369781585185,50.02167289451337
0.7500000000000004,0.01,0.3569376537561421,1.2991312742233276,0.9927535247802742,0.3667351931571965,0.27013443662708664,0.09663837093597094,50.02261263149153
0.7600000000000005,0.01,0.3667351931571965,1.2983155250549316,1.0057448375225075,0.37666272840499926,0.27379879642846977,0.09933971530224181,50.023579015200895
0.7700000000000005,0.01,0.37666272840499926,1.2975106239318848,1.0187279927730568,0.38672017678022436,0.2774603552503063,0.10207770326652651,50.02457241235392
0.7800000000000005,0.01,0.38672017678022436,1.2967168092727661,1.0317030990123757,0.3969074567079549,0.281119076954489,0.10485230681902959,50.02559318938658
0.7900000000000005,0.01,0.3969074567079549,1.295933723449707,1.0446702671051034,0.4072244876980787,0.28477492543091176,0.10766349758857448,50.026641712454776
0.8000000000000005,0.01,0.4072244876980787,1.2951616048812866,1.0576296043396005,0.4176711903691297,0.2884278645978259,0.1105112468428836,50.027718347430664
0.8100000000000005,0.01,0.4176711903691297,1.2944003343582153,1.0705812203884133,0.4282474864125257,0.29207785840219663,0.11339552548886186,50.028823459899094
0.8200000000000005,0.01,0.4282474864125257,1.2936497926712036,1.0835252237319954,0.43895329861640986,0.29572487082005877,0.11631630407288383,50.02995741515398
0.8300000000000005,0.01,0.43895329861640986,1.2929096221923828,1.0964617216587076,0.4497885508537298,0.299368865856872,0.11927355278108442,50.03112057819471
0.8400000000000005,0.01,0.4497885508537298,1.2921802997589111,1.1093908178806313,0.4607531680703169,0.3030098075478765,0.12226724143965315,50.03231331372252
0.8500000000000005,0.01,0.4607531680703169,1.29146146774292,1.1223126208782204,0.47184707624912325,0.3066476599584476,0.12529733951513192,50.03353598613692
0.8600000000000005,0.01,0.47184707624912325,1.2907527685165405,1.1352272355556496,0.48307020245790544,0.31028238718445084,0.1283638161147164,50.03478895953207
0.8700000000000006,0.01,0.48307020245790544,1.2900547981262207,1.148134763240815,0.49442247481346197,0.31391395335259575,0.1314666399865609,50.03607259769322
0.8800000000000006,0.01,0.49442247481346197,1.2893668413162231,1.1610353112220773,0.5059038224458702,0.31754232262079046,0.13460577952008687,50.037387264093084
0.8900000000000006,0.01,0.5059038224458702,1.2886892557144165,1.1739289796352395,0.517514175558091,0.32116745917849504,0.13778120274629477,50.03873332188829
0.9000000000000006,0.01,0.517514175558091,1.2880216836929321,1.1868158721923836,0.5292534653544434,0.32478932724707527,0.14099287733807972,50.04011113391575
0.9100000000000006,0.01,0.5292534653544434,1.2873642444610596,1.199696089029313,0.5411216240763672,0.3284078910801555,0.14424077061055046,50.041521062689135
0.9200000000000006,0.01,0.5411216240763672,1.286716341972351,1.2125697314739234,0.5531185849666603,0.3320231149639715,0.14752484952135203,50.04296347039524
0.9300000000000006,0.01,0.5531185849666603,1.286078929901123,1.225436894893647,0.5652442822813996,0.33563496321772324,0.15084508067099175,50.044438718890454
0.9400000000000006,0.01,0.5652442822813996,1.285451054573059,1.238297684192658,0.5774986512303361,0.33924340019392635,0.154201430303169,50.045947169697165
0.9500000000000006,0.01,0.5774986512303361,1.2848331928253174,1.2511521947383886,0.5898816280722626,0.3428483902787649,0.15759386430510824,50.0474891840002
0.9600000000000006,0.01,0.5898816280722626,1.2842247486114502,1.2640005266666416,0.6023931500196466,0.34644989789244207,0.1610223482078959,50.04906512264325
0.9700000000000006,0.01,0.6023931500196466,1.2836260795593262,1.2768427741527562,0.615033155286313,0.3500478874895317,0.16448684718682033,50.05067534612533
0.9800000000000006,0.01,0.615033155286313,1.2830368280410767,1.2896790349483493,0.6278015830278405,0.35364232355932895,0.16798732606171565,50.0523202145972
0.9900000000000007,0.01,0.6278015830278405,1.2824572324752808,1.30250940322876,0.640698373377324,0.357233170626201,0.17152374929730896,50.05400008785782
1.0000000000000007,0.01,0.640698373377324,1.2818869352340698,1.315333975553513,0.6537234674096116,0.36082039324993714,0.17509608100357096,50.055715325350796
1.0100000000000007,0.01,0.6537234674096116,1.2813259363174438,1.3281528449058537,0.6668768071651467,0.36440395602609804,0.17870428493607035,50.05746628616083
1.0200000000000007,0.01,0.6668768071651467,1.2807741165161133,1.3409661042690282,0.6801583356142052,0.367983823586366,0.18234832449633134,50.05925332901019
1.0300000000000007,0.01,0.6801583356142052,1.2802318334579468,1.3537738454341892,0.6935679966568955,0.37155996059889335,0.186028162732195,50.06107681225515
1.0400000000000007,0.01,0.6935679966568955,1.2796984910964966,1.3665761637687688,0.7071057351112374,0.37513233176865163,0.18974376233818394,50.062937093882475
1.0500000000000007,0.01,0.7071057351112374,1.2791742086410522,1.3793731486797338,0.7207714967489252,0.37870090183777955,0.19349508565587045,50.06483453150586
1.0600000000000007,0.01,0.7207714967489252,1.2786588668823242,1.3921648907661444,0.7345652282357225,0.3822656355859312,0.19728209467424826,50.06676948236242
1.0700000000000007,0.01,0.7345652282357225,1.2781524658203125,1.4049514794349676,0.7484868771433839,0.3858264978306237,0.20110475103010758,50.06874230330916
1.0800000000000007,0.01,0.7484868771433839,1.2776548862457275,1.4177330040931706,0.7625363919377336,0.3893834534275842,0.20496301600841382,50.07075335081946
1.0900000000000007,0.01,0.7625363919377336,1.2771662473678589,1.430509552955628,0.7767137219786653,0.39293646727109705,0.20885685054268968,50.072802980979546
1.1000000000000008,0.01,0.7767137219786653,1.2766860723495483,1.4432812154293067,0.7910188175082216,0.39648550429434987,0.21278621521540064,50.074891549484974
1.1100000000000008,0.01,0.7910188175082216,1.276214599609375,1.456048076152802,0.8054516296625146,0.4000305294697802,0.21675107025834414,50.07701941163713
1.1200000000000008,0.01,0.8054516296625146,1.2757517099380493,1.468810222148896,0.8200121104240427,0.4035715078094207,0.22075137555304195,50.079186922339716
1.1300000000000008,0.01,0.8200121104240427,1.2752975225448608,1.4815677392482764,0.8347002126455316,0.4071084043652447,0.22478709063113617,50.081394436095245
1.1400000000000008,0.01,0.8347002126455316,1.2748515605926514,1.4943207144737252,0.8495158900380144,0.41064118422951107,0.2288581746747886,50.083642307001554
1.1500000000000008,0.01,0.8495158900380144,1.274413824081421,1.5070692300796518,0.8644590971827517,0.41416981253510876,0.23296458651708374,50.0859308887483
1.1600000000000008,0.01,0.8644590971827517,1.2739845514297485,1.519813368320466,0.8795297894835482,0.4176942544559011,0.23710628464243483,50.088260534613475
1.1700000000000008,0.01,0.8795297894835482,1.2735635042190552,1.5325532138347635,0.8947279231667529,0.42121447520706906,0.24128322718699385,50.0906315974599
1.1800000000000008,0.01,0.8947279231667529,1.2731508016586304,1.545288848876954,0.9100534553051005,0.42473044004545507,0.24549537193906454,50.09304442973177
1.1900000000000008,0.01,0.9100534553051005,1.2727457284927368,1.5580203568935405,0.9255063437938701,0.4282421142699056,0.2497426763395191,50.09549938345116
1.2000000000000008,0.01,0.9255063437938701,1.2723491191864014,1.5707478141784679,0.9410865473628055,0.43174946322161384,0.2540250974822182,50.09799681021456
1.2100000000000009,0.01,0.9410865473628055,1.271959900856018,1.583471305370332,0.9567940255045901,0.43525245228446147,0.25834259211443433,50.100537061189385
1.2200000000000009,0.01,0.9567940255045901,1.2715790271759033,1.5961909043788922,0.9726287385582935,0.43875104688536076,0.26269511663727896,50.10312048711053
1.2300000000000009,0.01,0.9726287385582935,1.2712057828903198,1.6089066946506512,0.9885906476020824,0.4422452124945955,0.26708262710613256,50.1057474382769
1.2400000000000009,0.01,0.9885906476020824,1.2708404064178467,1.6216187524795544,1.0046797145485888,0.44573491462616155,0.2715050792310785,50.108418264547964
1.2500000000000009,0.01,1.0046797145485888,1.2704826593399048,1.634327156543733,1.0208959020733843,0.449220118838108,0.27596242837734014,50.111133315340275
1.260000000000001,0.01,1.0208959020733843,1.2701324224472046,1.647031983137132,1.0372391736388216,0.45270079073287617,0.2804546295657212,50.11389293962405
1.270000000000001,0.01,1.0372391736388216,1.269789695739746,1.659733307361604,1.053709493470193,0.45617689595763955,0.28498163747304994,50.11669748591971
1.280000000000001,0.01,1.053709493470193,1.2694547176361084,1.6724312043190015,1.070306826543809,0.4596484002046432,0.2895434064326263,50.119547302294436
1.290000000000001,0.01,1.070306826543809,1.2691268920898438,1.6851257514953626,1.087031138586999,0.46311526921154145,0.29413989043467276,50.122442736358764
1.300000000000001,0.01,1.087031138586999,1.2688065767288208,1.697817020416261,1.1038823961019526,0.46657746876173706,0.29877104312678815,50.12538413526311
1.310000000000001,0.01,1.1038823961019526,1.2684932947158813,1.7105050861835494,1.1208605663061153,0.47003496468471795,0.3034368178144055,50.12837184569438
1.320000000000001,0.01,1.1208605663061153,1.2681872844696045,1.7231900191307081,1.1379656171679509,0.47348772285639545,0.3081371674612527,50.13140621387252
1.330000000000001,0.01,1.1379656171679509,1.2678884267807007,1.7358718919754041,1.155197517359258,0.4769357091994403,0.31287204468981666,50.134487585547134
1.340000000000001,0.01,1.155197517359258,1.2675966024398804,1.748550776243211,1.172556236279012,0.48037888968361914,0.31764140178181105,50.13761630599403
1.350000000000001,0.01,1.172556236279012,1.267311930656433,1.76122674226761,1.1900417440414441,0.48381723032613083,0.32244519067864724,50.140792720011845
1.360000000000001,0.01,1.1900417440414441,1.2670340538024902,1.7738998615741743,1.2076540114641203,0.4872506971919412,0.3272833629819086,50.144017171918634
1.370000000000001,0.01,1.2076540114641203,1.2667630910873413,1.7865702021121992,1.225393010079862,0.4906792563941187,0.332155869953828,50.147290005548456
1.380000000000001,0.01,1.225393010079862,1.2664990425109863,1.7992378330230727,1.243258712100984,0.49410287409416775,0.3370626625177692,50.150611564247995
1.390000000000001,0.01,1.243258712100984,1.2662417888641357,1.8119028234481827,1.2612510904312146,0.4975215165023642,0.34200369125871083,50.15398219087317
1.400000000000001,0.01,1.2612510904312146,1.265990972518921,1.824565241336824,1.2793701186656965,0.5009351498780875,0.34697890642373447,50.15740222778576
1.410000000000001,0.01,1.2793701186656965,1.2657467126846313,1.8372251510620132,1.2976157710790648,0.5043437405301543,0.35198825792251537,50.16087201685
1.420000000000001,0.01,1.2976157710790648,1.2655092477798462,1.8498826181888595,1.315988022589685,0.5077472548171511,0.3570316953278169,50.164391899429226
1.430000000000001,0.01,1.315988022589685,1.2652779817581177,1.8625377106666579,1.3344868487715735,0.5111456591477658,0.36210916787598846,50.167962216382506
1.440000000000001,0.01,1.3344868487715735,1.2650532722473145,1.8751904904842391,1.3531122258782402,0.5145389199811198,0.3672206244674661,50.171583308061265
1.450000000000001,0.01,1.3531122258782402,1.264835000038147,1.8878410232067122,1.3718641307830826,0.5179270038270984,0.37236601366727734,50.17525551430594
1.460000000000001,0.01,1.3718641307830826,1.2646228075027466,1.9004893732070938,1.3907425410151497,0.5213098772466822,0.37754528370554835,50.17897917444261
1.470000000000001,0.01,1.3907425410151497,1.2644169330596924,1.9131356012821212,1.4097474347472208,0.5246875068522759,0.3827583824780152,50.182754627279664
1.480000000000001,0.01,1.4097474347472208,1.2642171382904053,1.9257797706127182,1.428878790760042,0.528059859308039,0.388005257546538,50.186582211104444
1.490000000000001,0.01,1.428878790760042,1.2640234231948853,1.9384219419956223,1.4481365884661692,0.5314269013302144,0.39328585613961836,50.19046226367991
1.500000000000001,0.01,1.4481365884661692,1.2638359069824219,1.9510621762275713,1.4675208078861255,0.5347885996874565,0.39860012515292054,50.19439512224131
1.5100000000000011,0.01,1.4675208078861255,1.2636542320251465,1.9637005352973955,1.4870314296484013,0.5381449212011598,0.4039480111497951,50.19838112349284
1.5200000000000011,0.01,1.4870314296484013,1.263478398323059,1.976337077617647,1.5066684350013753,0.5414958327457857,0.40932946036180673,50.20242060360434
1.5300000000000011,0.01,1.5066684350013753,1.2633085250854492,1.9889718616008776,1.5264318057775517,0.5448413012491905,0.4147444186892646,50.20651389820796
1.5400000000000011,0.01,1.5264318057775517,1.2631441354751587,2.001604946851732,1.5463215243935604,0.5481812936929503,0.4201928317017565,50.21066134239485
1.5500000000000012,0.01,1.5463215243935604,1.2629857063293457,2.0142363882064838,1.5663375738620777,0.5515157771126884,0.425674644638686,50.21486327071187
1.5600000000000012,0.01,1.5663375738620777,1.2628326416015625,2.0268662452697774,1.5864799377441425,0.5548447185983995,0.43118980240981286,50.219120017158254
1.5700000000000012,0.01,1.5864799377441425,1.2626855373382568,2.0394945716857933,1.6067486001968403,0.5581680852947749,0.4367382495957969,50.22343191518235
1.5800000000000012,0.01,1.6067486001968403,1.262543797492981,2.0521214270591757,1.6271435459136983,0.5614858444015273,0.4423199304487446,50.22779929767831
1.5900000000000012,0.01,1.6271435459136983,1.2624071836471558,2.0647468650341056,1.64766476018429,0.5647979631737136,0.4479347888927599,50.2322224969828
1.6000000000000012,0.01,1.64766476018429,1.262276291847229,2.0773709368705773,1.668312228834631,0.5681044089220587,0.453582768524497,50.236701844871725
1.6100000000000012,0.01,1.668312228834631,1.262150764465332,2.0899936997890496,1.6890859382033367,0.5714051490132779,0.4592638126137176,50.24123767255697
1.6200000000000012,0.01,1.6890859382033367,1.2620302438735962,2.102615207433703,1.7099858752012274,0.5747001508703992,0.4649778641038504,50.245830310683104
1.6300000000000012,0.01,1.7099858752012274,1.2619152069091797,2.1152355098724387,1.7310120272755645,0.5779893819730842,0.4707248656125544,50.25048008932414
1.6400000000000012,0.01,1.7310120272755645,1.2618049383163452,2.1278546619415306,1.752164382374289,0.5812728098579503,0.47650475943228526,50.25518733798027
1.6500000000000012,0.01,1.752164382374289,1.2617000341415405,2.140472711324694,1.7734429289937044,0.5845504021188894,0.4823174875308648,50.25995238557459
1.6600000000000013,0.01,1.7734429289937044,1.2615998983383179,2.1530897116661096,1.7948476561069513,0.5878221264073894,0.48816299155205367,50.2647755604499
1.6700000000000013,0.01,1.7948476561069513,1.2615047693252563,2.165705710649493,1.8163785532236123,0.5910879504328522,0.49404121281612756,50.26965719036542
1.6800000000000013,0.01,1.8163785532236123,1.2614145278930664,2.1783207583427457,1.8380356103301072,0.5943478419629133,0.49995209232045607,50.274597602493586
1.6900000000000013,0.01,1.8380356103301072,1.261329174041748,2.1909349036216765,1.8598188179135346,0.5976017688237594,0.5058955707400852,50.27959712341679
1.7000000000000013,0.01,1.8598188179135346,1.2612485885620117,2.203548195362094,1.8817281669497514,0.6008496989004459,0.5118715884283228,50.28465607912419
1.7100000000000013,0.01,1.8817281669497514,1.2611726522445679,2.216160681247714,1.9037636489033725,0.6040916001372143,0.5178800854173273,50.289774795008476
1.7200000000000013,0.01,1.9037636489033725,1.261101245880127,2.22877240777016,1.9259252557158497,0.6073274405378081,0.5239210014186995,50.29495359586265
1.7300000000000013,0.01,1.9259252557158497,1.261034607887268,2.2413834202289613,1.9482129797935512,0.6105571881657891,0.5299942758240775,50.30019280587684
1.7400000000000013,0.01,1.9482129797935512,1.2609723806381226,2.253993766307834,1.970626813995841,0.6137808111448517,0.5360998477057355,50.30549274863508
1.7500000000000013,0.01,1.970626813995841,1.2609145641326904,2.2666034901142154,1.9931667516589193,0.6169982776591391,0.542237655817184,50.31085374711214
1.7600000000000013,0.01,1.9931667516589193,1.2608610391616821,2.2792126357555422,2.0158327865600616,0.6202095559535552,0.5484076385937754,50.31627612367031
1.7700000000000014,0.01,2.0158327865600616,1.2608119249343872,2.291821246147159,2.038624912917617,0.62341461433408,0.5546097341533109,50.321760200056254
1.7800000000000014,0.01,2.038624912917617,1.2607673406600952,2.304429365396503,2.061543125379089,0.6266134211680813,0.5608438802966518,50.32730629739779
1.7900000000000014,0.01,2.061543125379089,1.2607266902923584,2.3170370388031043,2.084587419033054,0.6298059448846267,0.5671100145083325,50.332914736200756
1.8000000000000014,0.01,2.084587419033054,1.2606900930404663,2.329644305706028,2.1077577894210853,0.6329921539747964,0.5734080739571789,50.33858583634584
1.8100000000000014,0.01,2.1077577894210853,1.2606576681137085,2.342251206636433,2.1310542324781454,0.6361720169919926,0.5797379954969268,50.344319917085414
1.8200000000000014,0.01,2.1310542324781454,1.2606291770935059,2.35485778331757,2.15447674454451,0.6393455025522513,0.5860997156668468,50.350117297040384
1.8300000000000014,0.01,2.15447674454451,1.260604977607727,2.3674640750885048,2.1780253223776858,0.6425125793345514,0.5924931706923693,50.35597829419705
1.8400000000000014,0.01,2.1780253223776858,1.2605844736099243,2.380070124864582,2.2016999631285707,0.6456732160811233,0.5989182964857148,50.36190322590397
1.8500000000000014,0.01,2.2016999631285707,1.2605676651000977,2.392675969600681,2.2255006643772166,0.6488273815977585,0.605375028646526,50.36789240886883
1.8600000000000014,0.01,2.2255006643772166,1.2605549097061157,2.4052816462516824,2.2494274240732235,0.6519750447541166,0.6118633024625036,50.373946159155295
1.8700000000000014,0.01,2.2494274240732235,1.2605456113815308,2.4178871953487437,2.2734802405357404,0.6551161744840334,0.6183830529100448,50.38006479217992
1.8800000000000014,0.01,2.2734802405357404,1.2605401277542114,2.430492651462559,2.297659112489228,0.658250739785826,0.6249342146548852,50.386248622709026
1.8900000000000015,0.01,2.297659112489228,1.2605382204055786,2.443098052740101,2.321964039003854,0.6613787097226008,0.6315167220527435,50.39249796485557
1.9000000000000015,0.01,2.321964039003854,1.2605396509170532,2.455703434944157,2.346395019531255,0.6645000534225572,0.6381305091499695,50.3988131320761
1.9100000000000015,0.01,2.346395019531255,1.260544776916504,2.4683088314533275,2.3709520538806967,0.6676147400792928,0.6447755096841951,50.4051944371676
1.9200000000000015,0.01,2.3709520538806967,1.2605533599853516,2.4809142792224925,2.39563514219523,0.6707227389521082,0.651451657084988,50.411642192264445
1.9300000000000015,0.01,2.39563514219523,1.2605652809143066,2.493519812822346,2.4204442849874552,0.6738240193663089,0.6581588844745091,50.4181567088353
1.9400000000000015,0.01,2.4204442849874552,1.2605805397033691,2.506125465631489,2.4453794831156785,0.6769185507135096,0.6648971246681722,50.424738297680044
1.9500000000000015,0.01,2.4453794831156785,1.260599136352539,2.5187312710285226,2.4704407377719932,0.6800063024519346,0.6716663101753073,50.43138726892673
1.9600000000000015,0.01,2.4704407377719932,1.2606207132339478,2.531337262392048,2.4956280504822783,0.6830872441067215,0.6784663731998266,50.43810393202848
1.9700000000000015,0.01,2.4956280504822783,1.2606455087661743,2.5439434695243874,2.5209414231061986,0.6861613452702197,0.6852972456408938,50.44488859576048
1.9800000000000015,0.01,2.5209414231061986,1.2606734037399292,2.556549924612049,2.5463808578014424,0.6892285756022917,0.692158859093596,50.45174156821689
1.9900000000000015,0.01,2.5463808578014424,1.2607041597366333,2.5691566586494483,2.571946357047563,0.6922889048306126,0.6990511448496189,50.45866315680782
2.0000000000000013,0.01,2.571946357047563,1.2607381343841553,2.5817637002468143,2.597637923634057,0.6953423027509681,0.7059740338979249,50.465653668256316
2.010000000000001,0.01,2.597637923634057,1.2607747316360474,2.5943710815906558,2.6234555606365246,0.6983887392275537,0.7129274569254345,50.4727134085953
2.020000000000001,0.01,2.6234555606365246,1.2608144283294678,2.606978828907016,2.6493992714524306,0.7014281841932714,0.7199113443177099,50.47984268316455
2.0300000000000007,0.01,2.6493992714524306,1.2608567476272583,2.6195869731903105,2.6754690597415003,0.704460607650026,0.7269256261596424,50.48704179660773
2.0400000000000005,0.01,2.6754690597415003,1.2609018087387085,2.632195540666583,2.7016649294734028,0.7074859796690227,0.7339702322361426,50.49431105286932
2.0500000000000003,0.01,2.7016649294734028,1.2609496116638184,2.64480455875397,2.727986884880068,0.7105042703910609,0.7410450920328326,50.50165075519168
2.06,0.01,2.727986884880068,1.2610000371932983,2.657414054870608,2.7544349304676072,0.7135154500268296,0.7481501347367431,50.50906120611201
2.07,0.01,2.7544349304676072,1.2610529661178589,2.6700240552425405,2.781009071016313,0.7165194888572015,0.7552852892370112,50.51654270745937
2.0799999999999996,0.01,2.781009071016313,1.2611082792282104,2.682634584903719,2.807709311568738,0.7195163572335262,0.762450484125583,50.52409556035174
2.0899999999999994,0.01,2.807709311568738,1.2611662149429321,2.6952456676960006,2.8345356574177747,0.7225060255779228,0.7696456476979181,50.53172006519299
2.099999999999999,0.01,2.8345356574177747,1.2612265348434448,2.70785732984543,2.861488114094734,0.7254884643835715,0.7768707079536972,50.53941652166997
2.109999999999999,0.01,2.861488114094734,1.261289119720459,2.720469595193864,2.8885666873931877,0.7284636442150054,0.7841255925975328,50.547185228749505
2.1199999999999988,0.01,2.8885666873931877,1.261353850364685,2.7330824863910683,2.9157713833451258,0.7314315357084009,0.7914102290396827,50.55502648467548
2.1299999999999986,0.01,2.9157713833451258,1.2614212036132812,2.745696024894715,2.943102208209036,0.7343921095718667,0.7987245443967665,50.56294058696588
2.1399999999999983,0.01,2.943102208209036,1.2614902257919312,2.758310236930847,2.9705591684579824,0.7373453365857345,0.806068465492485,50.57092783240985
2.149999999999998,0.01,2.9705591684579824,1.2615615129470825,2.7709251391887664,2.9981422708272905,0.7402911876028455,0.8134419188583422,50.57898851706477
2.159999999999998,0.01,2.9981422708272905,1.261635184288025,2.783540754318237,3.0258515222191775,0.7432296335488399,0.8208448307343704,50.58712293625336
2.1699999999999977,0.01,3.0258515222191775,1.261710524559021,2.7961571061611172,3.0536869297623594,0.7461606454224421,0.8282771270698587,50.5953313845607
2.1799999999999975,0.01,3.0536869297623594,1.2617878913879395,2.8087742114067074,3.0816485008239702,0.7490841942957486,0.8357387335240829,50.6036141558314
2.1899999999999973,0.01,3.0816485008239702,1.2618670463562012,2.8213920903205865,3.1097362429380366,0.752000251314512,0.8432295754670402,50.61197154316664
2.199999999999997,0.01,3.1097362429380366,1.2619483470916748,2.8340107607841483,3.137950163841242,0.7549087876984267,0.8507495779801852,50.62040383892131
2.209999999999997,0.01,3.137950163841242,1.2620309591293335,2.846630244255065,3.166290271449083,0.7578097747414131,0.8582986658571694,50.628911334701115
2.2199999999999966,0.01,3.166290271449083,1.2621155977249146,2.859250553846358,3.194756573891633,0.7607031838119002,0.8658767636045833,50.63749432135969
2.2299999999999964,0.01,3.194756573891633,1.2622017860412598,2.8718717098236066,3.2233490794300956,0.7635889863531085,0.8734837954427022,50.64615308899573
2.239999999999996,0.01,3.2233490794300956,1.2622897624969482,2.884493727684019,3.252067796528331,0.7664671538833321,0.8811196853062331,50.65488792695016
2.249999999999996,0.01,3.252067796528331,1.2623791694641113,2.897116625308988,3.2809127338051707,0.7693376579962191,0.8887843568450663,50.66369912380322
2.259999999999996,0.01,3.2809127338051707,1.2624701261520386,2.909740417003629,3.30988390005826,0.7722004703610533,0.8964777334250283,50.67258696737167
2.2699999999999956,0.01,3.30988390005826,1.2625623941421509,2.9223651182651493,3.338981304228296,0.775055562723032,0.9041997381286387,50.68155174470592
2.2799999999999954,0.01,3.338981304228296,1.2626562118530273,2.9349907422065704,3.3682049554109468,0.7779029069035464,0.9119502937558689,50.69059374208721
2.289999999999995,0.01,3.3682049554109468,1.2627512216567993,2.9476173043251004,3.3975548628330117,0.7807424748004589,0.9197293228249042,50.69971324502477
2.299999999999995,0.01,3.3975548628330117,1.2628477811813354,2.960244816541668,3.427031035876262,0.7835742383883807,0.9275367475729086,50.708910538253015
2.3099999999999947,0.01,3.427031035876262,1.262945294380188,2.972873294353481,3.456633484041678,0.7863981697189487,0.9353724899567922,50.718185905728745
2.3199999999999945,0.01,3.456633484041678,1.263043999671936,2.9855027472972826,3.486362216985212,0.7892142409211004,0.9432364716539815,50.727539630628314
2.3299999999999943,0.01,3.486362216985212,1.2631438970565796,2.998133187294002,3.5162172444581845,0.79202242420135,0.9511286140631924,50.73697199534485
2.339999999999994,0.01,3.5162172444581845,1.2632451057434082,3.0107646262645673,3.5461985763311237,0.7948226918440624,0.9590488383052057,50.74648328148548
2.349999999999994,0.01,3.5461985763311237,1.2633471488952637,3.023397077322001,3.5763062225937685,0.7976150162117263,0.9669970652236461,50.756073769868536
2.3599999999999937,0.01,3.5763062225937685,1.263450026512146,3.0360305488109534,3.606540193366988,0.8003993697452275,0.9749732153857632,50.76574374052077
2.3699999999999934,0.01,3.606540193366988,1.2635539770126343,3.0486650490760745,3.636900498855097,0.8031757249641209,0.9829772090832153,50.775493472674626
2.3799999999999932,0.01,3.636900498855097,1.2636587619781494,3.0613005888462004,3.667387149345857,0.8059440544669012,0.9910089663328563,50.78532324476546
2.389999999999993,0.01,3.667387149345857,1.2637643814086914,3.0739371764659817,3.6980001552343187,0.8087043309312737,0.9990684068775252,50.79523333442879
2.399999999999993,0.01,3.6980001552343187,1.2638707160949707,3.0865748202800685,3.728739526998978,0.8114565271144243,1.0071554501868378,50.80522401849756
2.4099999999999926,0.01,3.728739526998978,1.2639777660369873,3.0992135274410177,3.759605275201778,0.8142006158532877,1.015270015457982,50.81529557299943
2.4199999999999924,0.01,3.759605275201778,1.2640854120254517,3.1118533051013872,3.7905974104761873,0.816936570064816,1.0234120216165146,50.82544827315401
2.429999999999992,0.01,3.7905974104761873,1.2641937732696533,3.1244941592216415,3.8217159435272006,0.8196643627462455,1.0315813873171626,50.83568239337018
2.439999999999992,0.01,3.8217159435272006,1.2643027305603027,3.137136096954338,3.8529608851194164,0.8223839669753638,1.039778030944625,50.84599820724335
2.4499999999999917,0.01,3.8529608851194164,1.2644120454788208,3.1497791242599407,3.884332246088959,0.8250953559107749,1.0480018706143783,50.856395987552794
2.4599999999999915,0.01,3.884332246088959,1.2645219564437866,3.1624232447147285,3.915830037331558,0.8277985027921648,1.0562528241734859,50.866876006258934
2.4699999999999913,0.01,3.915830037331558,1.264632225036621,3.1750684642791662,3.9474542697787047,0.8304933809405651,1.0645308092014074,50.87743853450067
2.479999999999991,0.01,3.9474542697787047,1.2647427320480347,3.1877147865295323,3.979204954421496,0.8331799637586166,1.0728357430108129,50.888083842592685
2.489999999999991,0.01,3.979204954421496,1.264853596687317,3.2003622138500125,4.011082102286791,0.8358582247308312,1.0811675426483989,50.898812200022796
2.4999999999999907,0.01,4.011082102286791,1.2649646997451782,3.2130107498168856,4.04308572442529,0.8385281374238546,1.089526124895707,50.90962387544928
2.5099999999999905,0.01,4.04308572442529,1.2650760412216187,3.225660396814337,4.075215831923458,0.8411896754867261,1.0979114062699455,50.92051913669823
2.5199999999999902,0.01,4.075215831923458,1.2651875019073486,3.238311157226553,4.107472435891601,0.8438428126511397,1.1063233030248125,50.93149825076093
2.52999999999999,0.01,4.107472435891601,1.2652992010116577,3.250963032245626,4.139855547463865,0.8464875227317029,1.1147617311513238,50.94256148379118
2.53999999999999,0.01,4.139855547463865,1.2654106616973877,3.2636160242557426,4.172365177786321,0.8491237796261947,1.1232266063786407,50.953709101102696
2.5499999999999896,0.01,4.172365177786321,1.2655222415924072,3.276270130872716,4.205001338028878,0.8517515573158237,1.1317178441749025,50.96494136716648
2.5599999999999894,0.01,4.205001338028878,1.2656339406967163,3.28892535328864,4.237764039337605,0.8543708298654855,1.1402353597480606,50.97625854560823
2.569999999999989,0.01,4.237764039337605,1.2657450437545776,3.3015816926956068,4.27065329287049,0.8569815714240169,1.1487790680467151,50.987660899205714
2.579999999999989,0.01,4.27065329287049,1.2658565044403076,3.314239143133152,4.303669109797445,0.859583756224453,1.1573488837609551,50.999148689886184
2.5899999999999888,0.01,4.303669109797445,1.265967607498169,3.326897708177555,4.336811501228776,0.8621773585842805,1.1659447213231995,51.010722178723796
2.5999999999999885,0.01,4.336811501228776,1.2660784721374512,3.3395573842525366,4.370080478310551,0.8647623529056908,1.1745664949090422,51.02238162593703
2.6099999999999883,0.01,4.370080478310551,1.2661888599395752,3.352218168973911,4.403476052153075,0.8673387136758338,1.1832141184380989,51.03412729088612
2.619999999999988,0.01,4.403476052153075,1.2662991285324097,3.3648800575733064,4.4369982338428136,0.8699064154670688,1.191887505574857,51.0459594320705
2.629999999999988,0.01,4.4369982338428136,1.2664086818695068,3.37754304885863,4.470647034418546,0.8724654329372159,1.2005865697295275,51.057878307126245
2.6399999999999877,0.01,4.470647034418546,1.2665181159973145,3.390207135677325,4.504422464907131,0.8750157408298055,1.2093112240588995,51.06988417282354
2.6499999999999875,0.01,4.504422464907131,1.2666270732879639,3.402872316837298,4.538324536263904,0.8775573139743283,1.2180613814671972,51.081977285064134
2.6599999999999873,0.01,4.538324536263904,1.266735315322876,3.4155385875701776,4.572353259432276,0.8800901272864838,1.2268369546069404,51.094157898878805
2.669999999999987,0.01,4.572353259432276,1.2668428421020508,3.428205940723406,4.6065086453079775,0.8826141557684267,1.2356378558798051,51.106426268424876
2.679999999999987,0.01,4.6065086453079775,1.2669498920440674,3.440874369144426,4.640790704715211,0.8851293745090152,1.2444639974374891,51.118782646983675
2.6899999999999866,0.01,4.640790704715211,1.2670563459396362,3.4535438680648665,4.675199448406654,0.8876357586840556,1.2533152911825791,51.13122728695805
2.6999999999999864,0.01,4.675199448406654,1.2671617269515991,3.4662144315242625,4.709734887087302,0.890133283556548,1.2621916487694196,51.14376043986988
2.709999999999986,0.01,4.709734887087302,1.2672665119171143,3.478886048793778,4.744397031402544,0.8926219244769301,1.271092981604985,51.156382356357575
2.719999999999986,0.01,4.744397031402544,1.267370581626892,3.491558713912949,4.779185891890481,0.895101656883321,1.2800192008497542,51.16909328617363
2.7299999999999858,0.01,4.779185891890481,1.267473816871643,3.5042324197292176,4.81410147902961,0.8975724563017627,1.2889702174185873,51.181893478182126
2.7399999999999856,0.01,4.81410147902961,1.2675758600234985,3.5169071578979336,4.849143803226901,0.9000342983464626,1.2979459419816048,51.19478318035631
2.7499999999999853,0.01,4.849143803226901,1.2676770687103271,3.5295829164981685,4.88431287480588,0.9024871587200335,1.3069462849650693,51.20776263977613
2.759999999999985,0.01,4.88431287480588,1.2677773237228394,3.5422596871852714,4.9196087039708605,0.9049310132137338,1.3159711565522694,51.22083210262578
2.769999999999985,0.01,4.9196087039708605,1.267876386642456,3.5549374604224995,4.9550313008427125,0.9073658377077062,1.3250204666844065,51.2339918141913
2.7799999999999847,0.01,4.9550313008427125,1.267974615097046,3.5676162242889236,4.990580675446937,0.9097916081712161,1.3340941250614835,51.247242018858145
2.7899999999999845,0.01,4.990580675446937,1.2680712938308716,3.580295970439894,5.026256837689825,0.9122083006628882,1.3431920411431955,51.260582960108756
2.7999999999999843,0.01,5.026256837689825,1.2681668996810913,3.592976683378202,5.062059797394223,0.9146158913309432,1.3523141241498242,51.27401488052019
2.809999999999984,0.01,5.062059797394223,1.268261194229126,3.6056583523750128,5.097989564228005,0.9170143564134334,1.3614602830631335,51.28753802176169
2.819999999999984,0.01,5.097989564228005,1.2683542966842651,3.6183409643173037,5.1340461477517545,0.9194036722384766,1.3706304266272675,51.30115262459232
2.8299999999999836,0.01,5.1340461477517545,1.2684459686279297,3.6310245072841463,5.170229557394927,0.9217838152244904,1.3798244633496521,51.31485892885859
2.8399999999999834,0.01,5.170229557394927,1.2685362100601196,3.6437089669704252,5.206539802467767,0.9241547618804241,1.389042301501897,51.32865717349209
2.849999999999983,0.01,5.206539802467767,1.2686251401901245,3.656394329071026,5.24297689213747,0.9265164888059916,1.398283849120701,51.34254759650711
2.859999999999983,0.01,5.24297689213747,1.2687127590179443,3.669080580472927,5.27954083542818,0.9288689726919017,1.4075490140087608,51.35653043499832
2.869999999999983,0.01,5.27954083542818,1.268798589706421,3.681767708063106,5.316231641232909,0.931212190320088,1.4168377037356796,51.370605925138406
2.8799999999999826,0.01,5.316231641232909,1.2688828706741333,3.6944556939601703,5.353049318313539,0.9335461185639385,1.4261498256388803,51.384774302175764
2.8899999999999824,0.01,5.353049318313539,1.2689656019210815,3.7071445226669115,5.38999387525314,0.9358707343885239,1.4354852868245194,51.39903580043215
2.899999999999982,0.01,5.38999387525314,1.2690465450286865,3.719834178686122,5.427065320479808,0.9381860148508242,1.4448439941684044,51.4133906533004
2.909999999999982,0.01,5.427065320479808,1.2691259384155273,3.7325246441364084,5.464263662266668,0.9404919370999563,1.4542258543169124,51.42783909324208
2.9199999999999817,0.01,5.464263662266668,1.2692031860351562,3.745215903520563,5.501588908708031,0.9427884783773981,1.4636307736879117,51.442381351785244
2.9299999999999815,0.01,5.501588908708031,1.2692792415618896,3.7579079353809144,5.539041067743236,0.9450756160172147,1.4730586584716856,51.45701765952212
2.9399999999999813,0.01,5.539041067743236,1.2693531513214111,3.770600727796533,5.576620147097044,0.9473533274462809,1.4825094146318576,51.47174824610684
2.949999999999981,0.01,5.576620147097044,1.2694250345230103,3.783294259309747,5.614326154375009,0.9496215901845042,1.4919829479063202,51.48657334025316
2.959999999999981,0.01,5.614326154375009,1.2694951295852661,3.795988509654977,5.652159096968106,0.9518803818450475,1.501479163808165,51.50149316973222
2.9699999999999807,0.01,5.652159096968106,1.2695634365081787,3.8086834609508293,5.6901189820646545,0.9541296801345487,1.5109979676266154,51.5165079613703
2.9799999999999804,0.01,5.6901189820646545,1.2696294784545898,3.821379095315911,5.728205816674162,0.9563694628533419,1.5205392644279607,51.53161794104657
2.9899999999999802,0.01,5.728205816674162,1.2696936130523682,3.8340753901004567,5.76641960762732,0.9585997078956758,1.5301029590564938,51.546823333690845
2.99999999999998,0.01,5.76641960762732,1.2697553634643555,3.84677232623098,5.804760361528324,0.9608203932499324,1.5396889561354503,51.56212436328141
3.00999999999998,0.01,5.804760361528324,1.269815444946289,3.8594698798656233,5.843228084790633,0.9630314969988436,1.5492971600679495,51.577521252842764
3.0199999999999796,0.01,5.843228084790633,1.2698729038238525,3.8721680343150857,5.881822783589288,0.9652329973197081,1.5589274750379378,51.59301422444344
3.0299999999999794,0.01,5.881822783589288,1.2699283361434937,3.884866763353324,5.920544463932438,0.9674248724846066,1.5685798050111348,51.60860349919382
3.039999999999979,0.01,5.920544463932438,1.2699813842773438,3.8975660467147586,5.95939313156597,0.9696071008606162,1.5782540537359806,51.624289297243934
3.049999999999979,0.01,5.95939313156597,1.270032286643982,3.910265860557532,5.998368792033117,0.9717796609100235,1.5879501247445866,51.64007183778129
3.0599999999999787,0.01,5.998368792033117,1.27008056640625,3.9229661834239713,6.037471450638691,0.9739425311905381,1.5976679213536866,51.65595133902874
3.0699999999999785,0.01,6.037471450638691,1.2701265811920166,3.9356669890880336,6.0767011124729295,0.9760956903555036,1.6074073466655918,51.671928018242276
3.0799999999999783,0.01,6.0767011124729295,1.2701702117919922,3.9483682548999535,6.116057782363809,0.9782391171541083,1.6171683035691466,51.68800209170893
3.089999999999978,0.01,6.116057782363809,1.2702112197875977,3.961069957017873,6.155541464912807,0.9803727904315948,1.6269506947406875,51.704173774744625
3.099999999999978,0.01,6.155541464912807,1.2702497243881226,3.973772069215749,6.195152164482985,0.9824966891294695,1.6367544226450033,51.720443281692035
3.1099999999999777,0.01,6.195152164482985,1.2702858448028564,3.98647456645963,6.234889885175141,0.9846107922857096,1.6465793895362977,51.73681082591848
3.1199999999999775,0.01,6.234889885175141,1.2703191041946411,3.9991774249076584,6.274754630839737,0.9867150790349704,1.6564254974591546,51.753276619813846
3.1299999999999772,0.01,6.274754630839737,1.2703498601913452,4.011880615949605,6.314746405088813,0.9888095286087912,1.666292648249504,51.769840874788436
3.139999999999977,0.01,6.314746405088813,1.2703779935836792,4.0245841145515175,6.354865211248308,0.9908941203358006,1.6761807435355918,51.78650380127093
3.149999999999977,0.01,6.354865211248308,1.2704030275344849,4.0372878944873545,6.395111052393823,0.9929688336419196,1.6860896847389495,51.80326560870629
3.1599999999999766,0.01,6.395111052393823,1.27042555809021,4.049991924762699,6.435483931338696,0.995033648050565,1.6960193730753685,51.82012650555368
3.1699999999999764,0.01,6.435483931338696,1.2704452276229858,4.0626961803436,6.475983850586322,0.9970885431828531,1.705969709555874,51.837086699284434
3.179999999999976,0.01,6.475983850586322,1.2704622745513916,4.0754006326198295,6.516610812389756,0.999133498757798,1.7159405949877022,51.854146396379996
3.189999999999976,0.01,6.516610812389756,1.27047598361969,4.088105255365343,6.5573648187159534,1.0011684945925137,1.72593192997528,51.87130580232987
3.1999999999999758,0.01,6.5573648187159534,1.2704870700836182,4.10081001520154,6.598245871269606,1.003193510602413,1.7359436149212049,51.888565121629625
3.2099999999999755,0.01,6.598245871269606,1.2704949378967285,4.113514885902376,6.6392539714216205,1.0052085268014057,1.7459755500272287,51.90592455777884
3.2199999999999753,0.01,6.6392539714216205,1.2704999446868896,4.126219835281343,6.680389120280643,1.0072135233020947,1.7560276352952426,51.92338431327911
3.229999999999975,0.01,6.680389120280643,1.270501971244812,4.138924834728211,6.721651318633456,1.0092084803159749,1.7660997705282633,51.94094458963206
3.239999999999975,0.01,6.721651318633456,1.2705007791519165,4.151629854440659,6.763040566980737,1.0111933781536253,1.7761918553314229,51.958605587337345
3.2499999999999747,0.01,6.763040566980737,1.2704963684082031,4.164334862232178,6.804556865525143,1.0131681972249056,1.786303789112959,51.97636750589066
3.2599999999999745,0.01,6.804556865525143,1.2704888582229614,4.17703982591626,6.846200214147464,1.0151329180391493,1.7964354710852077,51.99423054378179
3.2699999999999743,0.01,6.846200214147464,1.2704781293869019,4.18974471449849,6.887970612406625,1.0170875212053545,1.806586800265599,52.01219489849264
3.279999999999974,0.01,6.887970612406625,1.270464301109314,4.202449495792359,6.929868059551609,1.0190319874323777,1.8167576754776522,52.030260766495296
3.289999999999974,0.01,6.929868059551609,1.2704471349716187,4.2151541388034515,6.971892554509531,1.0209662975291216,1.8269479953519758,52.04842834325007
3.2999999999999736,0.01,6.971892554509531,1.2704263925552368,4.227858610153167,7.014044095897565,1.0228904324047272,1.8371576583272669,52.06669782320359
3.3099999999999734,0.01,7.014044095897565,1.2704023122787476,4.240562874078719,7.056322681999095,1.0248043730687597,1.847386562651314,52.08506939978686
3.319999999999973,0.01,7.056322681999095,1.2703747749328613,4.253266897201507,7.098728310739881,1.0267081006313972,1.8576346063820013,52.10354326541337
3.329999999999973,0.01,7.098728310739881,1.2703440189361572,4.265970644950835,7.1412609797118956,1.0286015963036175,1.867901687388315,52.12211961147719
3.3399999999999728,0.01,7.1412609797118956,1.2703098058700562,4.278674085140197,7.183920686161403,1.0304848413973828,1.878187703351351,52.14079862835107
3.3499999999999726,0.01,7.183920686161403,1.2702717781066895,4.291377183198897,7.226707427012804,1.0323578173258243,1.8884925517653246,52.15958050538458
3.3599999999999723,0.01,7.226707427012804,1.2702304124832153,4.304079900979963,7.269621198844792,1.0342205056034255,1.8988161299385826,52.178465430902236
3.369999999999972,0.01,7.269621198844792,1.2701852321624756,4.316782205104795,7.31266199785459,1.0360728878462053,1.9091583349946166,52.19745359220162
3.379999999999972,0.01,7.31266199785459,1.2701365947723389,4.32948405742642,7.355829819905638,1.037914945771899,1.9195190638730784,52.216545175551566
3.3899999999999717,0.01,7.355829819905638,1.2700843811035156,4.3421854233741435,7.399124660479901,1.039746661200138,1.9298982133307971,52.2357403661903
3.3999999999999715,0.01,7.399124660479901,1.2700282335281372,4.3548862671851785,7.442546514713641,1.041568016052631,1.9402956799427984,52.255039348323606
3.4099999999999713,0.01,7.442546514713641,1.2699685096740723,4.3675865495204595,7.4860953773854915,1.0433789923533408,1.9507113601033246,52.27444230512303
3.419999999999971,0.01,7.4860953773854915,1.269904613494873,4.3802862346172,7.529771242880695,1.0451795722286623,1.9611451500268577,52.29394941872406
3.429999999999971,0.01,7.529771242880695,1.2698373794555664,4.392985280752149,7.573574105226866,1.046969737907599,1.9715969457491442,52.31356087022433
3.4399999999999706,0.01,7.573574105226866,1.269766092300415,4.405683654546705,7.617503958034387,1.0487494717219388,1.98206664312822,52.33327683968182
3.4499999999999704,0.01,7.617503958034387,1.269690990447998,4.418381315469708,7.661560794579853,1.0505187561064269,1.992554137845439,52.3530975061131
3.45999999999997,0.01,7.661560794579853,1.2696117162704468,4.431078225374188,7.705744607734549,1.052277573598941,2.003059325406503,52.37302304749156
3.46999999999997,0.01,7.705744607734549,1.2695286273956299,4.4437743425368925,7.75005538998829,1.0540259068406626,2.013582101142492,52.39305364074562
3.47999999999997,0.01,7.75005538998829,1.2694414854049683,4.456469628810849,7.794493133413658,1.0557637385762482,2.0241223602108986,52.41318946175704
3.4899999999999696,0.01,7.794493133413658,1.2693501710891724,4.4691640436648985,7.8390578297017655,1.0574910516540001,2.034679997596661,52.43343068535915
3.4999999999999694,0.01,7.8390578297017655,1.2692549228668213,4.48185754537579,7.883749470138413,1.059207829026036,2.0452549081132005,52.45377748533512
3.509999999999969,0.01,7.883749470138413,1.269155502319336,4.494550094604458,7.92856804559217,1.060914053748456,2.0558469864034605,52.47423003441625
3.519999999999969,0.01,7.92856804559217,1.2690519094467163,4.507241649627651,7.973513546538214,1.0626097089815112,2.066456126940945,52.49478850428029
3.5299999999999687,0.01,7.973513546538214,1.2689443826675415,4.519932168722118,8.01858596303449,1.0642947779897687,2.07708222403076,52.51545306554969
3.5399999999999685,0.01,8.01858596303449,1.2688323259353638,4.532621612548793,8.06378528472171,1.0659692441422777,2.0877251718106575,52.53622388779
3.5499999999999683,0.01,8.06378528472171,1.2687163352966309,4.545309935808146,8.109111500847197,1.0676330909127336,2.09838486425208,52.557101139508106
3.559999999999968,0.01,8.109111500847197,1.2685956954956055,4.5579970991611125,8.154564600205278,1.06928630187964,2.109061195161207,52.57808498815063
3.569999999999968,0.01,8.154564600205278,1.2684710025787354,4.570683056116068,8.200144571196889,1.0709288607264724,2.119754058180003,52.59917560010224
3.5799999999999677,0.01,8.200144571196889,1.2683417797088623,4.583367766141855,8.245851401758049,1.072560751241838,2.1304633467872676,52.620373140684045
3.5899999999999674,0.01,8.245851401758049,1.2682081460952759,4.596051183938943,8.291685079419466,1.0741819573196365,2.1411889542996856,52.641677774151916
3.5999999999999672,0.01,8.291685079419466,1.2680702209472656,4.608733265399896,8.337645591258854,1.0757924629592182,2.151930773872882,52.66308966369491
3.609999999999967,0.01,8.337645591258854,1.2679277658462524,4.621413967609368,8.383732923912852,1.0773922522655426,2.162688698502474,52.68460897143364
3.619999999999967,0.01,8.383732923912852,1.2677805423736572,4.63409324526783,8.429947063588944,1.078981309449335,2.173462621025129,52.706235858418665
3.6299999999999666,0.01,8.429947063588944,1.2676291465759277,4.646771050691567,8.476287996041622,1.0805596188272428,2.184252434119622,52.72797048462892
3.6399999999999664,0.01,8.476287996041622,1.2674732208251953,4.659447342157326,8.522755706548537,1.0821271648219895,2.195058030307894,52.749813008970115
3.649999999999966,0.01,8.522755706548537,1.2673126459121704,4.672122074365578,8.56935017997011,1.0836839319625289,2.2058793019561134,52.77176358927319
3.659999999999966,0.01,8.56935017997011,1.267147183418274,4.684795200824699,8.616071400713764,1.085229904884198,2.2167161412757386,52.79382238229275
3.6699999999999657,0.01,8.616071400713764,1.266977071762085,4.697466672658882,8.66291935272201,1.086765068328868,2.22756844032458,52.81598954370551
3.6799999999999655,0.01,8.66291935272201,1.2668025493621826,4.710136443376502,8.709894019448598,1.0882894071450957,2.2384360910078684,52.83826522810876
3.6899999999999653,0.01,8.709894019448598,1.2666230201721191,4.722804468870123,8.756995383882362,1.0898029062882721,2.249318985079319,52.86064958901884
3.699999999999965,0.01,8.756995383882362,1.2664390802383423,4.735470699071844,8.804223428571062,1.091305550820772,2.2602170141422016,52.88314277886963
3.709999999999965,0.01,8.804223428571062,1.2662498950958252,4.748135089874228,8.851578135561779,1.0927973259121004,2.271130069650409,52.90574494901105
3.7199999999999647,0.01,8.851578135561779,1.2660562992095947,4.760797588825185,8.89905948646052,1.094278216839039,2.28205804290953,52.92845624970756
3.7299999999999645,0.01,8.89905948646052,1.2658575773239136,4.773458151817281,8.94666746234877,1.0957482089857928,2.29300082507792,52.951276830136656
3.7399999999999642,0.01,8.94666746234877,1.26565420627594,4.78611672759052,8.994402043866943,1.0972072878441326,2.3039583071677776,52.97420683838744
3.749999999999964,0.01,8.994402043866943,1.265445590019226,4.798773269653279,9.042263211142847,1.0986554390135388,2.314930380046219,52.99724642145912
3.759999999999964,0.01,9.042263211142847,1.2652322053909302,4.811427725553471,9.09025094383938,1.1000926482013444,2.325916934436354,53.020395725259576
3.7699999999999636,0.01,9.09025094383938,1.2650138139724731,4.82408004760738,9.138365221094913,1.1015189012228748,2.336917860918367,53.04365489460394
3.7799999999999634,0.01,9.138365221094913,1.2647902965545654,4.836730185747104,9.186606021570986,1.1029341840015885,2.3479330499305955,53.06702407321312
3.789999999999963,0.01,9.186606021570986,1.2645617723464966,4.849378088712649,9.234973323428456,1.1043384825692155,2.358962391770611,53.090503403712425
3.799999999999963,0.01,9.234973323428456,1.264328122138977,4.862023706436114,9.283467104315582,1.1057317830658966,2.370005776596303,53.11409302763013
3.8099999999999627,0.01,9.283467104315582,1.2640893459320068,4.874666987657504,9.332087341379943,1.1071140717403176,2.381063094426962,53.1377930853961
3.8199999999999625,0.01,9.332087341379943,1.263845682144165,4.887307881116824,9.380834011256516,1.1084853349498478,2.392134235144365,53.161603716340366
3.8299999999999623,0.01,9.380834011256516,1.263596534729004,4.899946337938265,9.429707090067684,1.109845559160673,2.403219088493863,53.18552505869181
3.839999999999962,0.01,9.429707090067684,1.263342261314392,4.9125823032855545,9.478706553447065,1.1111947309479293,2.4143175440854696,53.20955724957675
3.849999999999962,0.01,9.478706553447065,1.2630828619003296,4.925215725898698,9.52783237647992,1.1125328369958356,2.4254294913949486,53.2337004250176
3.8599999999999617,0.01,9.52783237647992,1.2628180980682373,4.9378465545177015,9.577084533738905,1.1138598640978257,2.4365548197649067,53.257954719931554
3.8699999999999615,0.01,9.577084533738905,1.2625480890274048,4.950474735498384,9.626462999284081,1.1151757991566777,2.4476934184058847,53.282320268129205
3.8799999999999613,0.01,9.626462999284081,1.262272834777832,4.963100216388658,9.675967746639063,1.1164806291846439,2.4588451763974515,53.30679720231326
3.889999999999961,0.01,9.675967746639063,1.2619919776916504,4.975722944736436,9.725598748802948,1.1177743413035786,2.4700099826892976,53.33138565407724
3.899999999999961,0.01,9.725598748802948,1.2617061138153076,4.988342864513352,9.775355978250312,1.1190569227450655,2.481187726102333,53.35608575390413
3.9099999999999606,0.01,9.775355978250312,1.2614145278930664,5.000959925651505,9.825239406895445,1.1203283608505437,2.4923782953297837,53.380897631165155
3.9199999999999604,0.01,9.825239406895445,1.2611174583435059,5.013574070930435,9.875249006151959,1.1215886430714324,2.503581578938289,53.40582141411845
3.92999999999996,0.01,9.875249006151959,1.260814905166626,5.02618524551387,9.925384746861262,1.1228377569692547,2.514797465369003,53.43085722990783
3.93999999999996,0.01,9.925384746861262,1.2605072259902954,5.038793394565536,9.9756465993164,1.1240756902157607,2.5260258429386955,53.45600520456152
3.9499999999999598,0.01,9.9756465993164,1.2601933479309082,5.051398466825439,10.026034533262054,1.1253024305930495,2.537266599840853,53.481265462990905
3.9599999999999596,0.01,10.026034533262054,1.2598744630813599,5.064000400304748,10.076548517930307,1.1265179659936881,2.548519624146783,53.506638128989316
3.9699999999999593,0.01,10.076548517930307,1.2595497369766235,5.076599144935561,10.127188521933354,1.1277222844208334,2.5597848038067195,53.532123325230785
3.979999999999959,0.01,10.127188521933354,1.2592196464538574,5.089194642305327,10.177954513382709,1.1289153739883486,2.5710620266509276,53.55772117326885
3.989999999999959,0.01,10.177954513382709,1.2588837146759033,5.101786838769866,10.22884645980576,1.1300972229209212,2.582351180390811,53.58343179353536
3.9999999999999587,0.01,10.22884645980576,1.2585421800613403,5.114375675916625,10.279864328193458,1.1312678195541794,2.59365215262002,53.60925530533927
4.009999999999959,0.01,10.279864328193458,1.258194923400879,5.126961097717238,10.331008084952625,1.132427152334807,2.604964830815562,53.635191826865466
4.019999999999959,0.01,10.331008084952625,1.2578415870666504,5.139543046951247,10.382277695929796,1.1335752098206577,2.61628910233891,53.66124147517362
4.0299999999999585,0.01,10.382277695929796,1.2574830055236816,5.152121462821913,10.433673126399308,1.1347119806808676,2.627624854437116,53.68740436619701
4.039999999999958,0.01,10.433673126399308,1.2571183443069458,5.16469629287715,10.485194341027526,1.1358374536959668,2.6389719742439244,53.71368061474138
4.049999999999958,0.01,10.485194341027526,1.2567479610443115,5.177267476320219,10.536841303956297,1.1369516177579915,2.6503303487808836,53.74007033448382
4.059999999999958,0.01,10.536841303956297,1.2563717365264893,5.189834955930662,10.588613978719499,1.138054461870592,2.661699864958463,53.766573637971625
4.069999999999958,0.01,10.588613978719499,1.255989670753479,5.202398673295926,10.640512328278804,1.139145975149142,2.6730804095771687,53.79319063662121
4.079999999999957,0.01,10.640512328278804,1.2556016445159912,5.214958570003461,10.692536315011763,1.1402261468208463,2.68447186932866,53.81992144071698
4.089999999999957,0.01,10.692536315011763,1.2552076578140259,5.2275145864486205,10.744685900711797,1.1412949662248468,2.6958741307968683,53.846766159410265
4.099999999999957,0.01,10.744685900711797,1.254807949066162,5.24006666302676,10.796961046576282,1.1423524228123272,2.7072870804591167,53.87372490071823
4.109999999999957,0.01,10.796961046576282,1.2544022798538208,5.252614742517421,10.849361713206548,1.1433985061466179,2.7187106046872396,53.90079777152282
4.119999999999957,0.01,10.849361713206548,1.2539901733398438,5.2651587653159595,10.90188786063172,1.1444332059032984,2.7301445897487056,53.92798487756969
4.129999999999956,0.01,10.90188786063172,1.253572702407837,5.277698667049358,10.95453944828488,1.1454565118703006,2.7415889218077383,53.95528632346718
4.139999999999956,0.01,10.95453944828488,1.2531485557556152,5.290234394073436,11.007316434955372,1.1464684139480072,2.753043486926441,53.982702212685254
4.149999999999956,0.01,11.007316434955372,1.252718448638916,5.302765879630992,11.060218778896106,1.1474689021493532,2.7645081710659207,54.01023264755452
4.159999999999956,0.01,11.060218778896106,1.2522826194763184,5.315293064117381,11.113246437692414,1.1484579665999242,2.775982860087414,54.037877729265176
4.1699999999999555,0.01,11.113246437692414,1.251840353012085,5.327815890312144,11.166399368333586,1.1494355975380532,2.787467439753413,54.06563755786605
4.179999999999955,0.01,11.166399368333586,1.251391887664795,5.340334293842265,11.219677527236707,1.1504017853149178,2.7989617957287933,54.09351223226358
4.189999999999955,0.01,11.219677527236707,1.250937581062317,5.3528482127189125,11.273080870175129,1.1513565203946343,2.8104658135819425,54.12150185022087
4.199999999999955,0.01,11.273080870175129,1.2504768371582031,5.365357588529536,11.326609352302317,1.152299793354353,2.8219793787858887,54.14960650835668
4.209999999999955,0.01,11.326609352302317,1.2500096559524536,5.377862356901117,11.38026292818761,1.1532315948843508,2.833502376719432,54.17782630214454
4.2199999999999545,0.01,11.38026292818761,1.2495362758636475,5.390362453460641,11.43404155175662,1.1541519157881228,2.8450346926682752,54.20616132591173
4.229999999999954,0.01,11.43404155175662,1.2490566968917847,5.402857816219277,11.487945176291225,1.155060746982473,2.856576211826156,54.23461167283841
4.239999999999954,0.01,11.487945176291225,1.2485709190368652,5.415348383188195,11.541973754453416,1.1559580794976045,2.8681268192959806,54.263177434956674
4.249999999999954,0.01,11.541973754453416,1.2480785846710205,5.427834092378563,11.596127238285296,1.1568439044772079,2.8796864000909563,54.291858703149636
4.259999999999954,0.01,11.596127238285296,1.2475802898406982,5.440314878225273,11.650405579209082,1.1577182131785477,2.891254839135728,54.320655567150546
4.269999999999953,0.01,11.650405579209082,1.2470754384994507,5.4527906811236795,11.704808727991333,1.1585809969725507,2.902832021267513,54.3495681155419
4.279999999999953,0.01,11.704808727991333,1.2465640306472778,5.4652614355086735,11.759336634802569,1.1594322473438885,2.9144178312372384,54.378596435754574
4.289999999999953,0.01,11.759336634802569,1.246046543121338,5.477727075815146,11.813989249157654,1.1602719558910641,2.926012153710677,54.407740614066945
4.299999999999953,0.01,11.813989249157654,1.245522379875183,5.490187541246359,11.868766519915804,1.161100114326493,2.9376148732695877,54.43700073560405
4.3099999999999525,0.01,11.868766519915804,1.244991421699524,5.502642765045111,11.923668395328265,1.1619167144765856,2.9492258744128526,54.466376884336746
4.319999999999952,0.01,11.923668395328265,1.2444545030593872,5.515092679262105,11.978694822978715,1.1627217482818282,2.960845041557618,54.495869143080874
4.329999999999952,0.01,11.978694822978715,1.2439106702804565,5.527537224292699,12.033845749771336,1.1635152077968622,2.9724722590404364,54.52547759349645
4.339999999999952,0.01,12.033845749771336,1.2433605194091797,5.539976330995503,12.089121122014262,1.1642970851905627,2.984107411118405,54.55520231608685
4.349999999999952,0.01,12.089121122014262,1.2428038120269775,5.552409936189595,12.144520885324216,1.1650673727461152,2.99575038197031,54.58504339019803
4.3599999999999515,0.01,12.144520885324216,1.2422404289245605,5.564837974309865,12.20004498468611,1.1658260628610926,3.007401055697771,54.61500089401773
4.369999999999951,0.01,12.20004498468611,1.2416706085205078,5.57726037859911,12.255693364429208,1.1665731480475297,3.019059316326382,54.64507490457471
4.379999999999951,0.01,12.255693364429208,1.2410939931869507,5.589677084684315,12.311465968215197,1.1673086209319972,3.030725047806857,54.675265497737975
4.389999999999951,0.01,12.311465968215197,1.2405107021331787,5.602088024616184,12.367362739062038,1.1680324742556751,3.0423981340161768,54.70557274821604
4.399999999999951,0.01,12.367362739062038,1.239920973777771,5.6144931316375155,12.423383619308199,1.1687447008744227,3.0540784587587333,54.735996729556206
4.40999999999995,0.01,12.423383619308199,1.2393242120742798,5.626892341375293,12.479528550624572,1.1694452937588515,3.0657659057674773,54.76653751414379
4.41999999999995,0.01,12.479528550624572,1.2387208938598633,5.639285583496036,12.535797474038324,1.1701342459943922,3.0774603587050655,54.797195173201466
4.42999999999995,0.01,12.535797474038324,1.2381107807159424,5.651672792434634,12.592190329873283,1.1708115507813643,3.089161701165009,54.827969776788514
4.43999999999995,0.01,12.592190329873283,1.2374939918518066,5.664053900241793,12.648707057797628,1.1714772014350432,3.1008698166728226,54.85886139380016
4.4499999999999496,0.01,12.648707057797628,1.2368704080581665,5.676428840160311,12.705347596800046,1.1721311913857253,3.112584588687173,54.88987009196689
4.459999999999949,0.01,12.705347596800046,1.236240029335022,5.6887975442408925,12.762111885201648,1.1727735141787945,3.12430590060103,54.92099593785376
4.469999999999949,0.01,12.762111885201648,1.235602855682373,5.7011599445342425,12.818999860644055,1.1734041634747834,3.1360336357428173,54.95223899685977
4.479999999999949,0.01,12.818999860644055,1.2349588871002197,5.713515973091066,12.876011460089396,1.1740231330494386,3.147767677377565,54.9835993332172
4.489999999999949,0.01,12.876011460089396,1.2343080043792725,5.725865561962068,12.933146619820306,1.1746304167937798,3.159507908708059,55.015077009990975
4.4999999999999485,0.01,12.933146619820306,1.2336500883102417,5.73820864200586,12.990405275439926,1.1752260087141622,3.1712542128759966,55.04667208907806
4.509999999999948,0.01,12.990405275439926,1.2329851388931274,5.750545142888963,13.047787361859983,1.1758099029323335,3.183006472963138,55.078384631206816
4.519999999999948,0.01,13.047787361859983,1.232313632965088,5.762874994277894,13.105292813288871,1.1763820936854938,3.194764571992461,55.11021469593645
4.529999999999948,0.01,13.105292813288871,1.2316349744796753,5.775198130607545,13.162921563231649,1.1769425753263512,3.206528392929316,55.14216234165637
4.539999999999948,0.01,13.162921563231649,1.2309495210647583,5.787514480352342,13.220673544537723,1.1774913423231783,3.2182978186825792,55.174227625585665
4.549999999999947,0.01,13.220673544537723,1.2302567958831787,5.7998239755629895,13.278548689341246,1.1780283892598662,3.230072732105811,55.20641060377249
4.559999999999947,0.01,13.278548689341246,1.2295573949813843,5.812126543521821,13.336546929096874,1.1785537108359787,3.241853015998409,55.23871133109355
4.569999999999947,0.01,13.336546929096874,1.2288508415222168,5.824422117471634,13.394668194532091,1.1790673018668036,3.253638553106769,55.271129861253534
4.579999999999947,0.01,13.394668194532091,1.2281372547149658,5.836710625886856,13.452912415706805,1.1795691572834053,3.2654292261254367,55.3036662467846
4.589999999999947,0.01,13.452912415706805,1.2274165153503418,5.8489919984340055,13.511279521965673,1.1800592721326728,3.2772249176982706,55.33632053904586
4.599999999999946,0.01,13.511279521965673,1.2266888618469238,5.8612661635875085,13.569769441950012,1.180537641577371,3.289025510419597,55.36909278822284
4.609999999999946,0.01,13.569769441950012,1.2259540557861328,5.873533052205977,13.628382103585885,1.181004260896186,3.3008308868353704,55.40198304332703
4.619999999999946,0.01,13.628382103585885,1.2252117395401,5.885792592763838,13.687117434107943,1.1814591254837739,3.312640929444332,55.43499135219538
4.629999999999946,0.01,13.687117434107943,1.2244627475738525,5.8980447101592395,13.74597536003558,1.181902230850805,3.3244555206991695,55.46811776148982
4.6399999999999455,0.01,13.74597536003558,1.2237064838409424,5.910289337634977,13.804955807137171,1.1823335726240078,3.3362745430076775,55.50136231669681
4.649999999999945,0.01,13.804955807137171,1.2229433059692383,5.922526402473387,13.86405870051352,1.1827531465462133,3.3480978787339173,55.53472506212689
4.659999999999945,0.01,13.86405870051352,1.2221726179122925,5.934755835533078,13.923283964538252,1.1831609484763963,3.359925410199379,55.56820604091423
4.669999999999945,0.01,13.923283964538252,1.2213947772979736,5.946977561712201,13.98263152289358,1.1835569743897165,3.371757019684143,55.60180529501622
4.679999999999945,0.01,13.98263152289358,1.2206097841262817,5.95919150948518,14.042101298510701,1.1839412203775581,3.38359258942804,55.63552286521306
4.689999999999944,0.01,14.042101298510701,1.2198176383972168,5.971397607326442,14.101693213605552,1.184313682647568,3.395432001631815,55.66935879110734
4.699999999999944,0.01,14.101693213605552,1.2190178632736206,5.983595783710414,14.161407189678815,1.184674357523694,3.4072751384582904,55.70331311112366
4.709999999999944,0.01,14.161407189678815,1.2182109355926514,5.99578596234315,14.221243147515919,1.185023241446221,3.419121882033527,55.73738586250825
4.719999999999944,0.01,14.221243147515919,1.21739661693573,6.007968071699076,14.28120100713935,1.185360330971805,3.430972114447989,55.77157708132858
4.729999999999944,0.01,14.28120100713935,1.216575264930725,6.020142037868433,14.34128068785634,1.185685622773509,3.4428257177577066,55.80588680247306
4.739999999999943,0.01,14.34128068785634,1.215746521949768,6.03230779051774,14.401482108235022,1.185999113640834,3.4546825739854414,55.840315059650635
4.749999999999943,0.01,14.401482108235022,1.2149105072021484,6.044465255737237,14.461805186140198,1.186300800479752,3.4665425651218493,55.87486188539049
4.759999999999943,0.01,14.461805186140198,1.214066982269287,6.056614360809259,14.522249838697569,1.186590680312735,3.4784055731266466,55.90952731104171
4.769999999999943,0.01,14.522249838697569,1.2132160663604736,6.0687550306319515,14.58281598230566,1.1868687502787867,3.4902714799297736,55.94431136677297
4.7799999999999425,0.01,14.58281598230566,1.2123578786849976,6.080887191295556,14.643503532611977,1.1871350076334688,3.5021401674325614,55.979214081572266
4.789999999999942,0.01,14.643503532611977,1.2114921808242798,6.093010770082405,14.70431240452493,1.1873894497489283,3.5140115175088957,56.014235483246594
4.799999999999942,0.01,14.70431240452493,1.2106192111968994,6.105125691890648,14.765242512225754,1.1876320741139246,3.5258854120063847,56.04937559842168
4.809999999999942,0.01,14.765242512225754,1.2097386121749878,6.117231884002617,14.826293769144659,1.1878628783338527,3.5377617327475237,56.08463445254175
4.819999999999942,0.01,14.826293769144659,1.208850383758545,6.129329270124367,14.887466087984684,1.1880818601307688,3.549640361530862,56.120012069869226
4.8299999999999415,0.01,14.887466087984684,1.2079551219940186,6.141417773961952,14.948759380685926,1.1882890173434104,3.561521180132169,56.15550847348453
4.839999999999941,0.01,14.948759380685926,1.2070521116256714,6.153497325181892,15.010173558425544,1.1884843479272198,3.573404070305603,56.19112368528585
4.849999999999941,0.01,15.010173558425544,1.206141471862793,6.165567846298148,15.071708531677361,1.1886678499543628,3.585288913784875,56.22685772598891
4.859999999999941,0.01,15.071708531677361,1.205223798751831,6.177629261016776,15.133364210140341,1.1888395216137486,3.5971755922844184,56.26271061512676
4.869999999999941,0.01,15.133364210140341,1.2042981386184692,6.189681499004294,15.195140502750508,1.1889993612110472,3.6090639875005555,56.2986823710496
4.87999999999994,0.01,15.195140502750508,1.2033652067184448,6.201724480390479,15.257037317740549,1.1891473671687063,3.620953981112666,56.33477301092461
4.88999999999994,0.01,15.257037317740549,1.2024245262145996,6.213758132457663,15.319054562544453,1.1892835380259665,3.6328454547843525,56.37098255073573
4.89999999999994,0.01,15.319054562544453,1.2014763355255127,6.225782377719809,15.381192143869029,1.189407872438877,3.6447382901646117,56.407311005283574
4.90999999999994,0.01,15.381192143869029,1.2005205154418945,6.237797141075064,15.443449967646226,1.1895203691803071,3.6566323688890003,56.443758388185216
4.9199999999999395,0.01,15.443449967646226,1.1995570659637451,6.249802346229483,15.505827939056974,1.1896210271399594,3.6685275725808033,56.480324711874104
4.929999999999939,0.01,15.505827939056974,1.1985859870910645,6.261797916889121,15.568325962519268,1.1897098453243802,3.680423782852203,56.51700998759991
4.939999999999939,0.01,15.568325962519268,1.1976075172424316,6.273783776760031,15.630943941688157,1.1897868228569703,3.6923208813054464,56.55381422542843
4.949999999999939,0.01,15.630943941688157,1.1966211795806885,6.285759851932456,15.693681779455757,1.1898519589779923,3.7042187495340158,56.59073743424148
4.959999999999939,0.01,15.693681779455757,1.1956273317337036,6.297726063728263,15.75653937797508,1.189905253044579,3.7161172691237954,56.62777962173682
4.9699999999999385,0.01,15.75653937797508,1.194625735282898,6.309682337045599,15.819516638612361,1.1899467045307395,3.728016321654241,56.664940794428055
4.979999999999938,0.01,15.819516638612361,1.1936163902282715,6.321628594398428,15.882613461982816,1.1899763130273644,3.7399157886995478,56.7022209576446
4.989999999999938,0.01,15.882613461982816,1.1925994157791138,6.33356475830071,15.9458297479268,1.1899940782422296,3.751815551829821,56.739620115531594
4.999999999999938,0.01,15.9458297479268,1.1915746927261353,6.345490752458501,16.009165395509804,1.19,3.763715492612243,56.77713827104989
5.009999999999938,0.01,16.009165395509804,1.190542221069336,6.357406499385762,16.072620303034387,1.1899940782422298,3.7756154926122427,56.814775425976016
5.019999999999937,0.01,16.072620303034387,1.1895021200180054,6.369311921596455,16.136194368028242,1.1899763130273646,3.7875154333946646,56.85253158090214
5.029999999999937,0.01,16.136194368028242,1.188454270362854,6.381206942796634,16.199887487244204,1.18994670453074,3.799415196524938,56.890406735236084
5.039999999999937,0.01,16.199887487244204,1.1873984336853027,6.393091485500262,16.26369955667217,1.1899052530445795,3.811314663570245,56.928400887201335
5.049999999999937,0.01,16.26369955667217,1.1863350868225098,6.404965469837115,16.32763047152717,1.189851958977993,3.8232137161006903,56.966514033837036
5.0599999999999365,0.01,16.32763047152717,1.1852638721466064,6.41682882070534,16.391680126225538,1.1897868228569712,3.83511223569047,57.00474617099804
5.069999999999936,0.01,16.391680126225538,1.1841849088668823,6.428681459426806,16.45584841443259,1.1897098453243813,3.847010103919039,57.04309729335495
5.079999999999936,0.01,16.45584841443259,1.183098316192627,6.440523308515474,16.520135229026856,1.1896210271399605,3.858907202372283,57.081567394394135
5.089999999999936,0.01,16.520135229026856,1.1820032596588135,6.4523542916774,16.58454046211201,1.1895203691803085,3.8708034126436823,57.12015646641785
5.099999999999936,0.01,16.58454046211201,1.1809008121490479,6.464174324273988,16.649064005028784,1.1894078724388786,3.8826986163354853,57.15886450054429
5.1099999999999355,0.01,16.649064005028784,1.1797904968261719,6.4759833323954785,16.713705748271522,1.1892835380259683,3.894592695059874,57.19769148670765
5.119999999999935,0.01,16.713705748271522,1.1786725521087646,6.48778123736374,16.778465581595476,1.1891473671687078,3.9064855304401336,57.236637413658244
5.129999999999935,0.01,16.778465581595476,1.177546501159668,6.499567962884828,16.843343393969114,1.1889993612110492,3.91837700411182,57.27570226896265
5.139999999999935,0.01,16.843343393969114,1.176412582397461,6.511343427896424,16.90833907359796,1.1888395216137506,3.9302669977239306,57.31488603900377
5.149999999999935,0.01,16.90833907359796,1.1752707958221436,6.523107553720399,16.973452507876924,1.188667849954365,3.9421553929400677,57.354188708981006
5.159999999999934,0.01,16.973452507876924,1.1741209030151367,6.53486026167862,17.038683583414127,1.1884843479272222,3.954042071439611,57.39361026291041
5.169999999999934,0.01,17.038683583414127,1.1729633808135986,6.546601470708771,17.10403218603091,1.1882890173434129,3.965926914918883,57.4331506836248
5.179999999999934,0.01,17.10403218603091,1.1717981100082397,6.558331104516907,17.169498200737998,1.1880818601307714,3.977809805092317,57.47280995277399
5.189999999999934,0.01,17.169498200737998,1.1706244945526123,6.570049085616989,17.235081511783164,1.1878628783338556,3.9896906236936243,57.51258805082492
5.199999999999934,0.01,17.235081511783164,1.169443130493164,6.581755330562515,17.300782002639334,1.1876320741139275,4.001569252476963,57.55248495706185
5.209999999999933,0.01,17.300782002639334,1.168254017829895,6.593449761867447,17.36659955594496,1.1873894497489312,4.013445573218102,57.59250064958662
5.219999999999933,0.01,17.36659955594496,1.1670565605163574,6.605132302045746,17.432534053563632,1.187135007633472,4.025319467715591,57.6326351053188
5.229999999999933,0.01,17.432534053563632,1.165851354598999,6.616802867650909,17.49858537658409,1.18686875027879,4.037190817791926,57.672888299995954
5.239999999999933,0.01,17.49858537658409,1.1646384000778198,6.628461381196899,17.564753405260596,1.1865906803127386,4.049059505294713,57.71326020817387
5.2499999999999325,0.01,17.564753405260596,1.1634169816970825,6.640107765197676,17.631038019072562,1.1863008004797555,4.06092541209784,57.753750803226815
5.259999999999932,0.01,17.631038019072562,1.1621878147125244,6.6517419350146465,17.697439096724537,1.1859991136408379,4.072788420102638,57.794360057347795
5.269999999999932,0.01,17.697439096724537,1.1609506607055664,6.663363813161771,17.763956516074682,1.1856856227735129,4.084648411239046,57.83508794154882
5.279999999999932,0.01,17.763956516074682,1.1597055196762085,6.674973319768827,17.8305901542063,1.1853603309718093,4.096505267466781,57.875934425661214
5.289999999999932,0.01,17.8305901542063,1.158452033996582,6.686570374965589,17.897339887403984,1.1850232414462252,4.108358870776499,57.91689947833588
5.299999999999931,0.01,17.897339887403984,1.1571911573410034,6.698154895305555,17.96420559115364,1.1846743575236984,4.120209103190961,57.95798306704364
5.309999999999931,0.01,17.96420559115364,1.1559219360351562,6.709726806878964,18.031187140106695,1.1843136826475724,4.132055846766197,57.99918515807555
5.319999999999931,0.01,18.031187140106695,1.15464448928833,6.721286026239316,18.098284408175484,1.1839412203775628,4.143898983592672,58.04050571654321
5.329999999999931,0.01,18.098284408175484,1.1533591747283936,6.732832471132199,18.165497268437875,1.1835569743897216,4.1557383957964475,58.08194470637913
5.339999999999931,0.01,18.165497268437875,1.1520657539367676,6.744366062879483,18.232825593149194,1.1831609484764014,4.1675739655403445,58.1235020903371
5.34999999999993,0.01,18.232825593149194,1.1507642269134521,6.755886720418851,18.300269253777987,1.1827531465462184,4.1794055750251085,58.1651778299925
5.35999999999993,0.01,18.300269253777987,1.149454951286316,6.767394362687986,18.367828120982175,1.182333572624013,4.191233106490571,58.20697188574275
5.36999999999993,0.01,18.367828120982175,1.148137092590332,6.778888912200848,18.435502064609054,1.1819022308508105,4.203056442216811,58.24888421680766
5.37999999999993,0.01,18.435502064609054,1.1468117237091064,6.790370283126752,18.50329095373106,1.1814591254837794,4.214875464525319,58.29091478122983
5.3899999999999295,0.01,18.50329095373106,1.1454777717590332,6.801838400363843,18.571194656562326,1.1810042608961917,4.226690055780156,58.333063535875084
5.399999999999929,0.01,18.571194656562326,1.1441360712051392,6.813293178081433,18.639213040565963,1.1805376415773767,4.2385000983891175,58.37533043643288
5.409999999999929,0.01,18.639213040565963,1.1427861452102661,6.824734538793484,18.707345972346776,1.1800592721326788,4.250305474804891,58.417715437416774
5.419999999999929,0.01,18.707345972346776,1.1414278745651245,6.836162400245587,18.77559331773471,1.1795691572834113,4.262106067526218,58.46021849216482
5.429999999999929,0.01,18.77559331773471,1.1400614976882935,6.847576678991238,18.843954941737163,1.17906730186681,4.273901759099052,58.50283955284008
5.4399999999999284,0.01,18.843954941737163,1.138687252998352,6.85897729396812,18.912430708527072,1.1785537108359851,4.285692432117719,58.54557857043107
5.449999999999928,0.01,18.912430708527072,1.1373045444488525,6.870364166498104,18.981020481466754,1.1780283892598729,4.297477969226079,58.58843549475225
5.459999999999928,0.01,18.981020481466754,1.1359142065048218,6.881737211942592,19.049724123131732,1.177491342323185,4.309258253118677,58.631410274444505
5.469999999999928,0.01,19.049724123131732,1.134515404701233,6.89309635400764,19.118541495251158,1.176942575326358,4.321033166541908,58.67450285697569
5.479999999999928,0.01,19.118541495251158,1.133108377456665,6.904441508054652,19.187472458791234,1.1763820936855007,4.332802592295171,58.71771318864111
5.489999999999927,0.01,19.187472458791234,1.1316934823989868,6.915772591829218,19.256516873871778,1.1758099029323408,4.344566413232026,58.76104121456407
5.499999999999927,0.01,19.256516873871778,1.130270004272461,6.927089526653208,19.32567459979007,1.1752260087141695,4.356324512261349,58.80448687869639
5.509999999999927,0.01,19.32567459979007,1.1288385391235352,6.938392226695932,19.3949454950566,1.1746304167937873,4.36807677234849,58.848050123819
5.519999999999927,0.01,19.3949454950566,1.1273994445800781,6.949680612087167,19.464329417323558,1.1740231330494462,4.379823076516428,58.89173089154249
5.5299999999999265,0.01,19.464329417323558,1.1259516477584839,6.960954606532967,19.53382622344443,1.1734041634747912,4.391563307846922,58.93552912230765
5.539999999999926,0.01,19.53382622344443,1.1244957447052002,6.972214123010551,19.60343576950976,1.1727735141788023,4.40329734948167,58.97944475538612
5.549999999999926,0.01,19.60343576950976,1.123031497001648,6.983459080457603,19.673157910739864,1.1721311913857333,4.4150250846234576,59.023477728880934
5.559999999999926,0.01,19.673157910739864,1.1215593814849854,6.99468939542762,19.74299250154444,1.1714772014350512,4.426746396537315,59.06762797972717
5.569999999999926,0.01,19.74299250154444,1.1200788021087646,7.005904989242469,19.812939395498713,1.1708115507813726,4.438461168551665,59.11189544369254
5.5799999999999255,0.01,19.812939395498713,1.1185901165008545,7.0171057772635566,19.882998445391138,1.1701342459944006,4.450169284059479,59.156280055378055
5.589999999999925,0.01,19.882998445391138,1.1170933246612549,7.028291678428565,19.95316950316377,1.1694452937588602,4.461870626519422,59.200781748218645
5.599999999999925,0.01,19.95316950316377,1.1155884265899658,7.0394626116751775,20.023452419948054,1.1687447008744316,4.4735650794570105,59.245400454483836
5.609999999999925,0.01,20.023452419948054,1.114074945449829,7.050618495941077,20.093847046064806,1.168032474255684,4.485252526465755,59.29013610527841
5.619999999999925,0.01,20.093847046064806,1.112553358078003,7.061759245395574,20.164353231024215,1.1673086209320063,4.496932851208311,59.334988630543066
5.629999999999924,0.01,20.164353231024215,1.1110236644744873,7.072884778976354,20.234970823478168,1.1665731480475388,4.508605937417631,59.37995795905515
5.639999999999924,0.01,20.234970823478168,1.1094861030578613,7.083995015621098,20.30569967126793,1.165826062861102,4.520271668898106,59.425044018429325
5.649999999999924,0.01,20.30569967126793,1.1079399585723877,7.095089876651676,20.37653962142414,1.1650673727461247,4.531929929526717,59.47024673511831
5.659999999999924,0.01,20.37653962142414,1.1063851118087769,7.1061692762374,20.447490520190655,1.1642970851905725,4.543580603254178,59.515566034413574
5.6699999999999235,0.01,20.447490520190655,1.1048228740692139,7.117233127355487,20.51855221295303,1.1635152077968722,4.555223574106083,59.56100184044612
5.679999999999923,0.01,20.51855221295303,1.1032516956329346,7.128281356096179,20.589724544226584,1.1627217482818382,4.566858726184051,59.60655407618718
5.689999999999923,0.01,20.589724544226584,1.101672887802124,7.139313873052508,20.661007357787543,1.1619167144765956,4.57848594366687,59.65222266344902
5.699999999999923,0.01,20.661007357787543,1.1000854969024658,7.150330601930529,20.732400496518068,1.1611001143265032,4.590105110811636,59.69800752288568
5.709999999999923,0.01,20.732400496518068,1.0984899997711182,7.161331456899553,20.80390380253737,1.1602719558910746,4.6017161119549,59.7439085739938
5.7199999999999225,0.01,20.80390380253737,1.0968859195709229,7.172316356897264,20.875517117106362,1.159432247343899,4.61331883151381,59.78992573511335
5.729999999999922,0.01,20.875517117106362,1.0952742099761963,7.183285216092973,20.947240280675334,1.1585809969725613,4.624913153987249,59.83605892342849
5.739999999999922,0.01,20.947240280675334,1.093653917312622,7.194237958192735,21.01907313283626,1.1577182131785586,4.636498963956974,59.88230805496836
5.749999999999922,0.01,21.01907313283626,1.0920251607894897,7.205174497365861,21.09101551241819,1.1568439044772187,4.648076146088759,59.92867304460793
5.759999999999922,0.01,21.09101551241819,1.090388536453247,7.216094748973756,21.163067257391845,1.1559580794976156,4.659644585133531,59.97515380606882
5.769999999999921,0.01,21.163067257391845,1.0887434482574463,7.226998634338288,21.23522820488158,1.1550607469824843,4.671204165928507,60.02175025192015
5.779999999999921,0.01,21.23522820488158,1.087090253829956,7.2378860688208615,21.307498191224962,1.1541519157881341,4.682754773398331,60.06846229357944
5.789999999999921,0.01,21.307498191224962,1.085429072380066,7.24875697135916,21.37987705191317,1.1532315948843623,4.694296292556213,60.11528984131342
5.799999999999921,0.01,21.37987705191317,1.0837591886520386,7.259611262082961,21.45236462162676,1.1522997933543646,4.705828608505056,60.16223280423898
5.809999999999921,0.01,21.45236462162676,1.0820810794830322,7.270448853969481,21.52496073424759,1.151356520394646,4.717351606438599,60.20929109032403
5.81999999999992,0.01,21.52496073424759,1.0803947448730469,7.281269664764311,21.59766522278728,1.1504017853149298,4.728865171642545,60.25646460638841
5.82999999999992,0.01,21.59766522278728,1.078700304031372,7.292073612213041,21.670477919434923,1.1494355975380655,4.740369189495694,60.303753258104834
5.83999999999992,0.01,21.670477919434923,1.0769973993301392,7.302860615253355,21.74339865555705,1.1484579665999364,4.751863545471075,60.35115694999979
5.84999999999992,0.01,21.74339865555705,1.0752862691879272,7.313630589246656,21.816427261709585,1.1474689021493656,4.763348125137074,60.3986755854545
5.8599999999999195,0.01,21.816427261709585,1.0735669136047363,7.324383451938535,21.88956356760205,1.1464684139480197,4.774822814158568,60.446309066705865
5.869999999999919,0.01,21.88956356760205,1.0718395709991455,7.335119121074582,21.962807402121435,1.1454565118703133,4.786287498298048,60.49405729484745
5.879999999999919,0.01,21.962807402121435,1.0701035261154175,7.345837516784574,22.03615859333218,1.1444332059033113,4.7977420634167505,60.54192016983043
5.889999999999919,0.01,22.03615859333218,1.0683594942092896,7.356538552045728,22.109616968500024,1.1433985061466307,4.809186395475783,60.5898975904646
5.899999999999919,0.01,22.109616968500024,1.066607117652893,7.36722214698782,22.18318235402048,1.1423524228123403,4.82062038053725,60.63798945441936
5.909999999999918,0.01,22.18318235402048,1.0648467540740967,7.377888218164348,22.256854575490358,1.1412949662248602,4.8320439047653725,60.68619565822473
5.919999999999918,0.01,22.256854575490358,1.0630779266357422,7.388536685705089,22.330633457672,1.1402261468208599,4.843456854427621,60.73451609727238
5.929999999999918,0.01,22.330633457672,1.0613007545471191,7.3991674649714465,22.40451882452905,1.1391459751491555,4.854859115895829,60.78295066581666
5.939999999999918,0.01,22.40451882452905,1.059515357017517,7.409780472516918,22.47851049917876,1.1380544618706057,4.866250575647321,60.83149925697561
5.949999999999918,0.01,22.47851049917876,1.0577218532562256,7.420375626087092,22.552608303903927,1.1369516177580052,4.8776311202660265,60.88016176273209
5.959999999999917,0.01,22.552608303903927,1.0559197664260864,7.430952844619655,22.626812060164795,1.1358374536959808,4.8890006364436065,60.928938073934745
5.969999999999917,0.01,22.626812060164795,1.0541096925735474,7.441512042283915,22.70112158861099,1.1347119806808816,4.900359010980566,60.97782808029918
5.979999999999917,0.01,22.70112158861099,1.0522915124893188,7.45205313920965,22.77553670903383,1.133575209820672,4.911706130787374,61.02683167040899
5.989999999999917,0.01,22.77553670903383,1.0504647493362427,7.462576054334543,22.850057240425926,1.1324271523348215,4.923041882885581,61.07594873171686
5.9999999999999165,0.01,22.850057240425926,1.0486301183700562,7.4730807018279055,22.92468300096927,1.131267819554194,4.934366154408929,61.12517915054572
6.009999999999916,0.01,22.92468300096927,1.0467870235443115,7.483567003011606,22.999413807987548,1.130097222920936,4.945678832604471,61.174522812089805
6.019999999999916,0.01,22.999413807987548,1.0449354648590088,7.494034873247049,23.074249478017663,1.1289153739883635,4.95697980483368,61.223979600415845
6.029999999999916,0.01,23.074249478017663,1.0430760383605957,7.504484227895639,23.14918982675013,1.1277222844208485,4.968268958573564,61.27354939846418
6.039999999999916,0.01,23.14918982675013,1.0412081480026245,7.514914988279244,23.224234669029087,1.1265179659937032,4.979546181417772,61.32323208804992
6.0499999999999154,0.01,23.224234669029087,1.0393321514129639,7.52532706975927,23.299383818911878,1.1253024305930648,4.990811361077709,61.3730275498641
6.059999999999915,0.01,23.299383818911878,1.0374478101730347,7.5357203912734,23.374637089609468,1.1240756902157762,5.0020643853836395,61.422935663474874
6.069999999999915,0.01,23.374637089609468,1.0355552434921265,7.54609486937513,23.449994293522202,1.1228377569692702,5.013305142285797,61.47295630732871
6.079999999999915,0.01,23.449994293522202,1.0336546897888184,7.556450421810052,23.52545524221595,1.1215886430714481,5.02453351985549,61.52308935875156
6.089999999999915,0.01,23.52545524221595,1.0317459106445312,7.566786968707939,23.60101974643405,1.1203283608505594,5.035749406286205,61.573334693950116
6.099999999999914,0.01,23.60101974643405,1.0298285484313965,7.577104427814384,23.67668761612113,1.1190569227450815,5.04695268989471,61.623692188012974
6.109999999999914,0.01,23.67668761612113,1.0279031991958618,7.587402713298698,23.75245866039927,1.1177743413035948,5.058143259122161,61.67416171491192
6.119999999999914,0.01,23.75245866039927,1.0259695053100586,7.597681745290656,23.828332687532257,1.11648062918466,5.069321002535197,61.72474314750314
6.129999999999914,0.01,23.828332687532257,1.0240278244018555,7.607941440343756,23.90430950498516,1.115175799156694,5.080485808827044,61.77543635752849
6.1399999999999135,0.01,23.90430950498516,1.0220777988433838,7.618181718587775,23.980388919388595,1.1138598640978423,5.09163756681861,61.82624121561676
6.149999999999913,0.01,23.980388919388595,1.0201194286346436,7.628402496576209,24.05657073657447,1.1125328369958523,5.102776165459589,61.87715759128495
6.159999999999913,0.01,24.05657073657447,1.0181530714035034,7.638603690862555,24.132854761540234,1.1111947309479462,5.113901493829547,61.92818535293954
6.169999999999913,0.01,24.132854761540234,1.0161783695220947,7.64878522157659,24.209240798448857,1.10984555916069,5.125013441139027,61.97932436787784
6.179999999999913,0.01,24.209240798448857,1.0141955614089966,7.658947005271811,24.28572865066462,1.1084853349498651,5.136111896730633,62.03057450228923
6.1899999999999125,0.01,24.28572865066462,1.012204647064209,7.669088960885901,24.362318120717337,1.107114071740335,5.1471967500801314,62.081935621256534
6.199999999999912,0.01,24.362318120717337,1.0102055072784424,7.6792110073565425,24.439009010326195,1.105731783065914,5.158267890797535,62.133407588757336
6.209999999999912,0.01,24.439009010326195,1.0081980228424072,7.689313062429327,24.515801120399757,1.104338482569233,5.169325208628194,62.18499026766531
6.219999999999912,0.01,24.515801120399757,1.0061826705932617,7.699395042657751,24.59269425102405,1.102934184001606,5.180368593453886,62.236683519751594
6.229999999999912,0.01,24.59269425102405,1.004158854484558,7.709456869363684,24.669688201450626,1.1015189012228925,5.191397935293901,62.28848720568613
6.239999999999911,0.01,24.669688201450626,1.0021271705627441,7.719498457908529,24.74678277014426,1.1000926482013622,5.20241312430613,62.34040118503907
6.249999999999911,0.01,24.74678277014426,1.000087022781372,7.729519729614156,24.823977754723344,1.098655439013557,5.213414050788143,62.39242531628213
6.259999999999911,0.01,24.823977754723344,0.9980390071868896,7.739520599841969,24.901272952019486,1.0972072878441508,5.224400605178278,62.44455945679001
6.269999999999911,0.01,24.901272952019486,0.9959826469421387,7.749500989913837,24.978668158017904,1.0957482089858113,5.23537267805672,62.49680346284179
6.2799999999999105,0.01,24.978668158017904,0.9939180612564087,7.759460816383259,25.056163167917042,1.0942782168390577,5.246330160146578,62.549157189622356
6.28999999999991,0.01,25.056163167917042,0.9918454885482788,7.769399996995823,25.133757776080873,1.0927973259121189,5.257272942314969,62.60162049122382
6.29999999999991,0.01,25.133757776080873,0.9897645711898804,7.779318451881306,25.21145177605083,1.0913055508207907,5.26820091557409,62.65419322064697
6.30999999999991,0.01,25.21145177605083,0.9876759052276611,7.789216097593204,25.28924496056964,1.0898029062882912,5.279113971082297,62.706875229802705
6.31999999999991,0.01,25.28924496056964,0.9855788350105286,7.799092856645481,25.36713712154557,1.0882894071451148,5.29001200014518,62.759666369513525
6.3299999999999095,0.01,25.36713712154557,0.9834738969802856,7.808948644995586,25.445128050112025,1.0867650683288872,5.300894894216631,62.81256648951498
6.339999999999909,0.01,25.445128050112025,0.9813606142997742,7.818783383965388,25.52321753656198,1.0852299048842173,5.31176254489992,62.86557543845714
6.349999999999909,0.01,25.52321753656198,0.9792394638061523,7.828596990108386,25.601405370401633,1.0836839319625484,5.322614843948761,62.91869306390614
6.359999999999909,0.01,25.601405370401633,0.9771100878715515,7.8383893847464465,25.679691340302714,1.082127164822009,5.333451683268387,62.971919212345625
6.369999999999909,0.01,25.679691340302714,0.9749727249145508,7.848160485625161,25.758075234150176,1.0805596188272624,5.344272954916606,63.02525372917831
6.379999999999908,0.01,25.758075234150176,0.9728273153305054,7.857910212874307,25.836556839006427,1.0789813094493548,5.355078551104879,63.07869645872748
6.389999999999908,0.01,25.836556839006427,0.9706735610961914,7.867638486027612,25.91513594113517,1.0773922522655626,5.365868364199372,63.13224724423853
6.399999999999908,0.01,25.91513594113517,0.9685119390487671,7.877345221638574,25.993812325995442,1.0757924629592381,5.376642286722027,63.18590592788052
6.409999999999908,0.01,25.993812325995442,0.9663419723510742,7.887030341029062,26.072585778211828,1.0741819573196567,5.387400211351619,63.23967235074774
6.419999999999908,0.01,26.072585778211828,0.9641644358634949,7.896693760752573,26.151456081622115,1.0725607512418585,5.398142030924816,63.293546352861256
6.429999999999907,0.01,26.151456081622115,0.9619784355163574,7.906335405111208,26.23042301922964,1.0709288607264928,5.408867638437234,63.347527773170505
6.439999999999907,0.01,26.23042301922964,0.9597845673561096,7.915955189466372,26.309486373280752,1.0692863018796603,5.419576927044498,63.40161644955488
6.449999999999907,0.01,26.309486373280752,0.9575828909873962,7.925553035139933,26.388645925175414,1.0676330909127543,5.430269790063295,63.45581221882532
6.459999999999907,0.01,26.388645925175414,0.9553728103637695,7.9351288640498066,26.46790145552681,1.0659692441422988,5.440946120972422,63.51011491672595
6.4699999999999065,0.01,26.46790145552681,0.9531551003456116,7.944682592153444,26.547252744167306,1.0642947779897896,5.4516058134138445,63.564524377935676
6.479999999999906,0.01,26.547252744167306,0.9509291648864746,7.9542141431569,26.62669957008884,1.0626097089815323,5.4622487611937425,63.61904043606982
6.489999999999906,0.01,26.62669957008884,0.948695182800293,7.963723434805765,26.706241711520406,1.0609140537484776,5.472874858283557,63.67366292368175
6.499999999999906,0.01,26.706241711520406,0.9464531540870667,7.973210386633768,26.78587894586846,1.0592078290260576,5.4834839988210415,63.728391672264586
6.509999999999906,0.01,26.78587894586846,0.9442033171653748,7.982674918174638,26.8656110497348,1.0574910516540217,5.494076077111302,63.783226512252796
6.519999999999905,0.01,26.8656110497348,0.9419453740119934,7.992116951346292,26.945437798916544,1.05576373857627,5.5046509876278416,63.838167273023906
6.529999999999905,0.01,26.945437798916544,0.9396796822547913,8.001536405086412,27.025358968430005,1.0540259068406843,5.515208625013604,63.89321378290018
6.539999999999905,0.01,27.025358968430005,0.9374059438705444,8.01093320190896,27.105374332480867,1.0522775735989627,5.52574888408201,63.948365869150315
6.549999999999905,0.01,27.105374332480867,0.9351240992546082,8.020307261347666,27.185483664499955,1.0505187561064488,5.5362716598179995,64.00362335799113
6.559999999999905,0.01,27.185483664499955,0.9328343868255615,8.029658502340212,27.26568673711343,1.048749471721961,5.546776847379064,64.05898607458931
6.569999999999904,0.01,27.26568673711343,0.9305367469787598,8.038986846208466,27.34598332213683,1.0469697379076215,5.557264342096284,64.1144538430631
6.579999999999904,0.01,27.34598332213683,0.9282314777374268,8.048292213678254,27.426373190598913,1.0451795722286845,5.56773403947536,64.17002648648406
6.589999999999904,0.01,27.426373190598913,0.9259182214736938,8.057574528455628,27.506856112735694,1.0433789923533634,5.5781858351976465,64.22570382687881
6.599999999999904,0.01,27.506856112735694,0.9235967993736267,8.066833710670364,27.58743185802025,1.041568016052654,5.58861962512118,64.28148568523079
6.6099999999999035,0.01,27.58743185802025,0.9212676286697388,8.0760696786641,27.66810019512695,1.039746661200161,5.599035305281706,64.337371881482
6.619999999999903,0.01,27.66810019512695,0.9189304113388062,8.085282354950797,27.74886089191359,1.037914945771922,5.609432771893708,64.39336223453482
6.629999999999903,0.01,27.74886089191359,0.9165858030319214,8.094471659064185,27.829713715463097,1.0360728878462286,5.619811921351427,64.44945656225376
6.639999999999903,0.01,27.829713715463097,0.914232611656189,8.103637517094503,27.910658432053737,1.0342205056034488,5.6301726502298886,64.50565468146728
6.649999999999903,0.01,27.910658432053737,0.911872148513794,8.112779843211065,27.99169480722468,1.0323578173258476,5.640514855285923,64.56195640796957
6.659999999999902,0.01,27.99169480722468,0.9095039367675781,8.121898564696203,28.07282260565679,1.0304848413974064,5.650838433459181,64.61836155652243
6.669999999999902,0.01,28.07282260565679,0.9071274399757385,8.130993604063878,28.15404159130375,1.0286015963036412,5.661143281873155,64.67486994085702
6.679999999999902,0.01,28.15404159130375,0.904743492603302,8.140064878463635,28.235351527344385,1.026708100631421,5.671429297836191,64.73148137367575
6.689999999999902,0.01,28.235351527344385,0.902351438999176,8.149112313389669,28.316752176129018,1.0248043730687835,5.6816963788425054,64.7881956666541
6.699999999999902,0.01,28.316752176129018,0.8999515175819397,8.15813582777966,28.398243299262912,1.0228904324047512,5.691944422573193,64.84501263044253
6.709999999999901,0.01,28.398243299262912,0.8975445032119751,8.16713534295548,28.479824657540707,1.020966297529146,5.70217332689724,64.90193207466825
6.719999999999901,0.01,28.479824657540707,0.8951290845870972,8.176110787987598,28.56149601097026,1.0190319874324019,5.712382989872531,64.95895380793722
6.729999999999901,0.01,28.56149601097026,0.8927057981491089,8.18506207883347,28.643257118850133,1.017087521205379,5.722573309746855,65.01607763783595
6.739999999999901,0.01,28.643257118850133,0.8902751207351685,8.193989136814961,28.725107739638467,1.0151329180391737,5.732744184958909,65.07330337093342
6.7499999999999005,0.01,28.725107739638467,0.8878369331359863,8.202891888022313,28.807047631006615,1.0131681972249302,5.742895514139301,65.13063081278301
6.7599999999999,0.01,28.807047631006615,0.88539057970047,8.211770257353672,28.889076549886838,1.01119337815365,5.75302719611155,65.1880597679244
6.7699999999999,0.01,28.889076549886838,0.8829365968704224,8.220624163150676,28.97119425246037,1.0092084803159997,5.763139129893085,65.24559003988551
6.7799999999999,0.01,28.97119425246037,0.8804751634597778,8.22945352911938,29.053400494091875,1.00721352330212,5.773231214696245,65.30322143118444
6.7899999999999,0.01,29.053400494091875,0.8780059218406677,8.238258280753978,29.13569502938307,1.0052085268014308,5.783303349929266,65.36095374333141
6.7999999999998995,0.01,29.13569502938307,0.8755287528038025,8.247038339972384,29.218077612190605,1.0031935106024383,5.79335543519728,65.4187867768307
6.809999999999899,0.01,29.218077612190605,0.8730441331863403,8.255793627500422,29.30054799559033,1.0011684945925392,5.803387370303304,65.47672033118268
6.819999999999899,0.01,29.30054799559033,0.8705517649650574,8.264524068832285,29.38310593186533,0.9991334987578235,5.81339905524923,65.53475420488572
6.829999999999899,0.01,29.38310593186533,0.8680514097213745,8.273229586481936,29.465751172553652,0.9970885431828787,5.823390390236808,65.5928881954382
6.839999999999899,0.01,29.465751172553652,0.8655442595481873,8.281910100579148,29.54848346841847,0.995033648050591,5.833361275668636,65.65112209934057
6.849999999999898,0.01,29.54848346841847,0.8630290031433105,8.29056554317463,29.63130256942426,0.9929688336419451,5.843311612149142,65.70945571209725
6.859999999999898,0.01,29.63130256942426,0.8605062961578369,8.299195833206063,29.714208224856005,0.9908941203358266,5.8532413004855615,65.76788882821874
6.869999999999898,0.01,29.714208224856005,0.8579758405685425,8.307800896167642,29.797200183188064,0.9888095286088174,5.86315024168892,65.8264212412236
6.879999999999898,0.01,29.797200183188064,0.8554376363754272,8.316380654573328,29.88027819214974,0.9867150790349968,5.873038336975007,65.88505274364049
6.8899999999998975,0.01,29.88027819214974,0.8528925180435181,8.324935030937082,29.96344199869547,0.9846107922857358,5.882905487765357,65.94378312701024
6.899999999999897,0.01,29.96344199869547,0.8503392934799194,8.333463956117518,30.04669134900484,0.982496689129496,5.892751595688214,66.00261218188788
6.909999999999897,0.01,30.04669134900484,0.8477787375450134,8.341967349052316,30.13002598856601,0.9803727904316214,5.902576562579509,66.06153969784476
6.919999999999897,0.01,30.13002598856601,0.8452102541923523,8.350445136427766,30.213445662056532,0.9782391171541349,5.912380290483825,66.12056546347056
6.929999999999897,0.01,30.213445662056532,0.842634916305542,8.35889723896969,30.29695011342081,0.9760956903555305,5.922162681655366,66.17968926637539
6.9399999999998965,0.01,30.29695011342081,0.8400514125823975,8.367323588132745,30.380539085810504,0.9739425311905652,5.931923638558922,66.23891089319194
6.949999999999896,0.01,30.380539085810504,0.8374611139297485,8.37572410225857,30.46421232169183,0.9717796609100506,5.941663063870827,66.29823012957753
6.959999999999896,0.01,30.46421232169183,0.8348632454872131,8.384098713397867,30.547969562714414,0.9696071008606433,5.951380860479928,66.35764676021624
6.969999999999896,0.01,30.547969562714414,0.8322571516036987,8.392447345852739,30.631810549848392,0.9674248724846339,5.961076931488534,66.41716056882103
6.979999999999896,0.01,30.631810549848392,0.8296442031860352,8.400769917368775,30.71573502330692,0.9652329973197358,5.97075118021338,66.47677133813592
6.989999999999895,0.01,30.71573502330692,0.8270236849784851,8.409066359400635,30.799742722480605,0.9630314969988711,5.980403510186577,66.53647884993805
6.999999999999895,0.01,30.799742722480605,0.824396014213562,8.41733659625042,30.88383338607461,0.96082039324996,5.990033825156566,66.59628288503991
7.009999999999895,0.01,30.88383338607461,0.8217607736587524,8.425580556392555,30.968006752037113,0.9585997078957038,5.999642029089065,66.65618322329148
7.019999999999895,0.01,30.968006752037113,0.8191179037094116,8.433798164129142,31.052262557601036,0.9563694628533701,6.009228026168022,66.71617964358236
7.0299999999998946,0.01,31.052262557601036,0.8164685368537903,8.441989343166236,31.136600539242327,0.9541296801345767,6.018791720796555,66.77627192384405
7.039999999999894,0.01,31.136600539242327,0.8138114213943481,8.450154028534774,31.22102043267399,0.9518803818450757,6.028333017597901,66.83645984105202
7.049999999999894,0.01,31.22102043267399,0.8111461997032166,8.458292142748718,31.305521972959333,0.9496215901845327,6.037851821416352,66.896743171228
7.059999999999894,0.01,31.305521972959333,0.8084745407104492,8.46640360474575,31.39010489438682,0.9473533274463093,6.047348037318197,66.95712168944216
7.069999999999894,0.01,31.39010489438682,0.8057949542999268,8.474488350152855,31.474768930434276,0.9450756160172433,6.05682157059266,67.01759516981534
7.0799999999998935,0.01,31.474768930434276,0.8031083941459656,8.482546299695855,31.5595138139358,0.942788478377427,6.066272326752832,67.07816338552126
7.089999999999893,0.01,31.5595138139358,0.8004148006439209,8.490577383637314,31.644339276932758,0.9404919370999851,6.075700211536605,67.13882610878879
7.099999999999893,0.01,31.644339276932758,0.7977134585380554,8.498581531643753,31.72924505076913,0.9381860148508531,6.085105130907605,67.19958311090416
7.109999999999893,0.01,31.72924505076913,0.7950049638748169,8.506558666229132,31.814230866085566,0.935870734388553,6.0944869910561135,67.26043416221323
7.119999999999893,0.01,31.814230866085566,0.7922899723052979,8.51450871586788,31.899296452747855,0.9335461185639679,6.103845698399999,67.32137903212379
7.129999999999892,0.01,31.899296452747855,0.7895670533180237,8.522431615590932,31.98444153990653,0.9312121903201172,6.113181159585638,67.38241748910778
7.139999999999892,0.01,31.98444153990653,0.7868369221687317,8.530327286124113,32.069665856062436,0.928868972691931,6.122493281488839,67.44354930070364
7.149999999999892,0.01,32.069665856062436,0.784099817276001,8.538195655345799,32.154969128923675,0.9265164888060211,6.131781971215758,67.50477423351852
7.159999999999892,0.01,32.154969128923675,0.7813555598258972,8.54603665351856,32.24035108547713,0.924154761880454,6.1410471361038175,67.56609205323068
7.169999999999892,0.01,32.24035108547713,0.7786039113998413,8.553850209116819,32.32581145201231,0.9217838152245199,6.150288683722621,67.62750252459172
7.179999999999891,0.01,32.32581145201231,0.7758452296257019,8.561636248230817,32.41134995410348,0.9194036722385065,6.159506521874866,67.68900541142894
7.189999999999891,0.01,32.41134995410348,0.7730793952941895,8.569394700527074,32.496966316585784,0.9170143564134635,6.168700558597251,67.75060047664769
7.199999999999891,0.01,32.496966316585784,0.7703067064285278,8.577125494480015,32.58266026359105,0.9146158913309732,6.1778707021613855,67.81228748223366
7.209999999999891,0.01,32.58266026359105,0.7675267457962036,8.5848285615443,32.66843151853585,0.9122083006629182,6.187016861074695,67.87406618925527
7.2199999999998905,0.01,32.66843151853585,0.7647401690483093,8.592503829002263,32.75427980415129,0.9097916081712464,6.196138944081324,67.93593635786601
7.22999999999989,0.01,32.75427980415129,0.7619459629058838,8.600151230692745,32.84020484244131,0.9073658377077365,6.205236860163036,67.99789774730682
7.23999999999989,0.01,32.84020484244131,0.7591447830200195,8.607770690321804,32.92620635474824,0.9049310132137642,6.214310518540113,68.05995011590845
7.24999999999989,0.01,32.92620635474824,0.7563368082046509,8.615362138152003,33.01228406165146,0.9024871587200641,6.223359828672251,68.12209322109385
7.25999999999989,0.01,33.01228406165146,0.7535218596458435,8.622925506234049,33.09843768303298,0.9000342983464935,6.232384700259452,68.18432681938057
7.269999999999889,0.01,33.09843768303298,0.7506996393203735,8.630460724830508,33.18466693809531,0.8975724563017935,6.241385043242917,68.24665066638316
7.279999999999889,0.01,33.18466693809531,0.747870683670044,8.637967721223712,33.27097154534361,0.8951016568833521,6.250360767805935,68.30906451681558
7.289999999999889,0.01,33.27097154534361,0.74503493309021,8.645446428060412,33.35735122255585,0.8926219244769613,6.259311784374768,68.37156812449363
7.299999999999889,0.01,33.35735122255585,0.7421916723251343,8.652896777391314,33.44380568683645,0.8901332835565791,6.268238003619538,68.43416124233738
7.309999999999889,0.01,33.44380568683645,0.7393420934677124,8.660318694114565,33.53033465461036,0.8876357586840868,6.277139336455104,68.49684362237358
7.319999999999888,0.01,33.53033465461036,0.7364855408668518,8.667712115049243,33.616937841551504,0.8851293745090466,6.286015694041945,68.55961501573813
7.329999999999888,0.01,33.616937841551504,0.7336220145225525,8.675076970457912,33.703614962702,0.8826141557684585,6.294866987787035,68.62247517267855
7.339999999999888,0.01,33.703614962702,0.7307513952255249,8.682413190603137,33.79036573240658,0.8800901272865153,6.30369312934472,68.68542384255642
7.349999999999888,0.01,33.79036573240658,0.7278746962547302,8.689720704555393,33.877189864312605,0.8775573139743601,6.312494030617585,68.74846077384986
7.3599999999998875,0.01,33.877189864312605,0.7249901294708252,8.69699945151794,33.96408707135816,0.8750157408298375,6.321269603757329,68.81158571415604
7.369999999999887,0.01,33.96408707135816,0.7220995426177979,8.704249352812647,34.05105706587334,0.8724654329372478,6.330019761165627,68.8747984101936
7.379999999999887,0.01,34.05105706587334,0.7192022204399109,8.711470348238825,34.13809955940146,0.8699064154671009,6.338744415494999,68.93809860780526
7.389999999999887,0.01,34.13809955940146,0.7162976264953613,8.718662370443223,34.225214262883846,0.867338713675866,6.3474434796496695,69.00148605196021
7.399999999999887,0.01,34.225214262883846,0.7133867740631104,8.725825346708177,34.31240088658828,0.8647623529057232,6.356116866786428,69.0649604867567
7.4099999999998865,0.01,34.31240088658828,0.7104689478874207,8.732959214448808,34.399659140055356,0.8621773585843128,6.364764490315484,69.12852165542456
7.419999999999886,0.01,34.399659140055356,0.7075446844100952,8.740063903927682,34.48698873219984,0.8595837562244856,6.3733862639013275,69.19216930032772
7.429999999999886,0.01,34.48698873219984,0.7046132683753967,8.747139350771784,34.574389371239114,0.8569815714240497,6.3819821014635725,69.25590316296673
7.439999999999886,0.01,34.574389371239114,0.7016756534576416,8.754185483455538,34.66186076474683,0.854370829865518,6.390551917177813,69.31972298398136
7.449999999999886,0.01,34.66186076474683,0.6987308263778687,8.761202239990114,34.74940261958138,0.8517515573158566,6.399095625476468,69.38362850315315
7.459999999999885,0.01,34.74940261958138,0.6957797408103943,8.768189548253892,34.837014641981284,0.8491237796262276,6.407613141049627,69.44761945940792
7.469999999999885,0.01,34.837014641981284,0.6928219795227051,8.775147345661996,34.924696537463824,0.8464875227317362,6.416104378845889,69.5116955908184
7.479999999999885,0.01,34.924696537463824,0.6898576021194458,8.782075565457223,35.012448010920444,0.8438428126511729,6.424569254073206,69.57585663460686
7.489999999999885,0.01,35.012448010920444,0.6868866086006165,8.788974141478418,35.10026876657501,0.8411896754867594,6.433007682199718,69.6401023271476
7.4999999999998845,0.01,35.10026876657501,0.6839093565940857,8.795843007564423,35.1881585079898,0.838528137423888,6.441419578954585,69.70443240396959
7.509999999999884,0.01,35.1881585079898,0.680925190448761,8.802682101130364,35.27611693806544,0.8358582247308645,6.4498048603288245,69.76884659975913
7.519999999999884,0.01,35.27611693806544,0.6779347658157349,8.80949135303485,35.36414375907675,0.8331799637586502,6.458163442576133,69.83334464836241
7.529999999999884,0.01,35.36414375907675,0.6749379634857178,8.816270700693007,35.452238672607095,0.830493380940599,6.466495242213719,69.89792628278818
7.539999999999884,0.01,35.452238672607095,0.6719344258308411,8.823020080327865,35.540401379614025,0.8277985027921988,6.474800176023125,69.96259123521031
7.5499999999998835,0.01,35.540401379614025,0.6689246892929077,8.829739424586172,35.6286315804173,0.8250953559108087,6.483078161051047,70.02733923697055
7.559999999999883,0.01,35.6286315804173,0.6659080982208252,8.836428671479101,35.71692897466316,0.8223839669753977,6.491329114610155,70.09217001858106
7.569999999999883,0.01,35.71692897466316,0.6628857851028442,8.84308775246131,35.805293261377955,0.8196643627462797,6.499552954279908,70.15708330972716
7.579999999999883,0.01,35.805293261377955,0.6598563194274902,8.849716610312338,35.89372413890256,0.8169365700648501,6.50774959790737,70.22207883926995
7.589999999999883,0.01,35.89372413890256,0.6568212509155273,8.856315173506614,35.98222130500569,0.8142006158533222,6.515918963608018,70.28715633524902
7.599999999999882,0.01,35.98222130500569,0.653779149055481,8.862883386015769,36.07078445674075,0.8114565271144588,6.524060969766551,70.3523155248851
7.609999999999882,0.01,36.07078445674075,0.6507315039634705,8.869421177506323,36.15941329060091,0.8087043309313083,6.5321755350376955,70.41755613458277
7.619999999999882,0.01,36.15941329060091,0.6476770043373108,8.875928492545958,36.24810750237597,0.8059440544669357,6.540262578347009,70.48287788993315
7.629999999999882,0.01,36.24810750237597,0.6446162462234497,8.88240526258933,36.33686678730143,0.8031757249641556,6.548322018891678,70.54828051571661
7.6399999999998816,0.01,36.33686678730143,0.6415493488311768,8.888851425051564,36.42569083992732,0.8003993697452625,6.55635377614132,70.61376373590552
7.649999999999881,0.01,36.42569083992732,0.6384760737419128,8.895266918539876,36.51457935417783,0.797615016211761,6.5643577698387725,70.67932727366693
7.659999999999881,0.01,36.51457935417783,0.6353970766067505,8.901651679277295,36.60353202336323,0.7948226918440973,6.57233392000089,70.74497085136531
7.669999999999881,0.01,36.60353202336323,0.6323113441467285,8.908005650043362,36.692548540156,0.7920224242013852,6.580282146919331,70.81069419056531
7.679999999999881,0.01,36.692548540156,0.6292194724082947,8.91432876348483,36.781628596656425,0.7892142409211355,6.588202371161345,70.8764970120345
7.6899999999998805,0.01,36.781628596656425,0.6261218190193176,8.920620958208913,36.87077188429127,0.7863981697189838,6.596094513570557,70.94237903574611
7.69999999999988,0.01,36.87077188429127,0.6230179071426392,8.926882176399106,36.95997809387336,0.7835742383884162,6.603958495267746,71.00833998088181
7.70999999999988,0.01,36.95997809387336,0.6199076175689697,8.933112355470533,37.04924691563735,0.7807424748004945,6.6117942376516305,71.07437956583449
7.71999999999988,0.01,37.04924691563735,0.6167914867401123,8.939311431646223,37.13857803919205,0.7779029069035818,6.619601662399635,71.14049750821101
7.72999999999988,0.01,37.13857803919205,0.6136690378189087,8.945479346513624,37.227971153508506,0.7750555627230676,6.62738069146867,71.206693524835
7.739999999999879,0.01,37.227971153508506,0.6105409860610962,8.951616036891812,37.31742594697364,0.7722004703610892,6.6351312470959005,71.27296733174968
7.749999999999879,0.01,37.31742594697364,0.6074062585830688,8.957721446752423,37.40694210734256,0.7693376579962549,6.642853251799512,71.33931864422064
7.759999999999879,0.01,37.40694210734256,0.6042659878730774,8.963795509338253,37.496519321810084,0.766467153883368,6.650546628379474,71.40574717673863
7.769999999999879,0.01,37.496519321810084,0.6011198163032532,8.969838169216983,37.586157276903464,0.7635889863531448,6.658211299918308,71.47225264302243
7.779999999999879,0.01,37.586157276903464,0.5979673862457275,8.975849367380015,37.67585565859563,0.7607031838119366,6.6658471897818385,71.53883475602161
7.789999999999878,0.01,37.67585565859563,0.5948095321655273,8.981829041242472,37.76561415226943,0.7578097747414493,6.6734542216199575,71.60549322791942
7.799999999999878,0.01,37.76561415226943,0.591645359992981,8.987777136564127,37.85543244268185,0.7549087876984631,6.681032319367372,71.67222777013562
7.809999999999878,0.01,37.85543244268185,0.5884755253791809,8.993693590164057,37.945310214047495,0.7520002513145485,6.688581407244357,71.7390380933293
7.819999999999878,0.01,37.945310214047495,0.5852997899055481,8.999578345417849,38.035247149949136,0.749084194295785,6.696101409757502,71.80592390740173
7.8299999999998775,0.01,38.035247149949136,0.5821178555488586,9.005431343316904,38.125242933403314,0.7461606454224787,6.70359225170046,71.8728849214993
7.839999999999877,0.01,38.125242933403314,0.5789306163787842,9.011252521872391,38.21529724683648,0.7432296335488767,6.711053858154685,71.93992084401631
7.849999999999877,0.01,38.21529724683648,0.5757371783256531,9.017041828036179,38.3054097720552,0.7402911876028826,6.718486154490173,72.00703138259786
7.859999999999877,0.01,38.3054097720552,0.5725383162498474,9.022799199819435,38.39558019033556,0.7373453365857713,6.725889066366202,72.07421624414276
7.869999999999877,0.01,38.39558019033556,0.5693336725234985,9.028524582981934,38.48580818233375,0.7343921095719038,6.733262519732059,72.14147513480643
7.879999999999876,0.01,38.48580818233375,0.5661230087280273,9.034217919707169,38.57609342816357,0.7314315357084381,6.7406064408277775,72.20880776000375
7.889999999999876,0.01,38.57609342816357,0.5629069209098816,9.03987914979445,38.66643560736064,0.7284636442150424,6.747920756184862,72.27621382441203
7.899999999999876,0.01,38.66643560736064,0.559685468673706,9.045508219003548,38.75683439885858,0.7254884643836088,6.755205392627012,72.34369303197387
7.909999999999876,0.01,38.75683439885858,0.5564576983451843,9.051105073690284,38.84728948104861,0.7225060255779602,6.762460277270848,72.41124508590013
7.919999999999876,0.01,38.84728948104861,0.5532243847846985,9.056669650673735,38.93780053178551,0.719516357233564,6.769685337526627,72.47886968867284
7.929999999999875,0.01,38.93780053178551,0.5499857664108276,9.062201894521582,39.02836722829225,0.7165194888572389,6.776880501098963,72.54656654204811
7.939999999999875,0.01,39.02836722829225,0.5467417240142822,9.067701752185691,39.11898924723746,0.7135154500268673,6.784045695987535,72.6143353470591
7.949999999999875,0.01,39.11898924723746,0.5434919595718384,9.073169169425833,39.20966626475931,0.7105042703910988,6.7911808504878035,72.68217580401897
7.959999999999875,0.01,39.20966626475931,0.54023677110672,9.078604089021551,39.30039795645357,0.7074859796690603,6.798285893191714,72.75008761252384
7.9699999999998745,0.01,39.30039795645357,0.5369755029678345,9.084006456732618,39.39118399734379,0.7044606076500639,6.805360752988404,72.81807047145575
7.979999999999874,0.01,39.39118399734379,0.5337092280387878,9.089376211762296,39.48202406191111,0.7014281841933094,6.812405359064905,72.88612407898563
7.989999999999874,0.01,39.48202406191111,0.5304374098777771,9.094713304042685,39.572917824028735,0.698388739227592,6.819419640906838,72.95424813257628
7.999999999999874,0.01,39.572917824028735,0.5271602869033813,9.100017678141462,39.66386495706916,0.6953423027510063,6.826403528299114,73.02244232898535
8.009999999999874,0.01,39.66386495706916,0.5238778591156006,9.105289281010496,39.75486513385057,0.6922889048306508,6.833356951326624,73.09070636426834
8.019999999999873,0.01,39.75486513385057,0.5205894708633423,9.110528059601652,39.84591802666068,0.6892285756023302,6.84027984037493,73.15903993378161
8.029999999999873,0.01,39.84591802666068,0.5172966122627258,9.115733954310285,39.93702330725669,0.6861613452702581,6.847172126130953,73.22744273218537
8.039999999999873,0.01,39.93702330725669,0.5139975547790527,9.120906920432912,40.02818064679979,0.6830872441067601,6.854033739583656,73.29591445344667
8.049999999999873,0.01,40.02818064679979,0.5106937289237976,9.126046895980702,40.119389716004115,0.6800063024519737,6.860864612024724,73.3644547908425
8.059999999999873,0.01,40.119389716004115,0.5073844194412231,9.13115383326994,40.21065018496392,0.6769185507135483,6.867664675049244,73.43306343696274
8.069999999999872,0.01,40.21065018496392,0.5040697455406189,9.136227677464351,40.301961723296614,0.6738240193663481,6.874433860556379,73.50174008371323
8.079999999999872,0.01,40.301961723296614,0.5007501244544983,9.141268374919758,40.39332400007125,0.6707227389521476,6.881172100750042,73.5704844223188
8.089999999999872,0.01,40.39332400007125,0.4974251985549927,9.146275876164303,40.48473668382045,0.6676147400793325,6.887879328139563,73.63929614332629
8.099999999999872,0.01,40.48473668382045,0.49409520626068115,9.151250128149853,40.576199442582094,0.6645000534225967,6.894555475540357,73.70817493660769
8.109999999999872,0.01,40.576199442582094,0.49075984954833984,9.156191080212459,40.667711943863594,0.6613787097226406,6.901200476074583,73.77712049136309
8.119999999999871,0.01,40.667711943863594,0.48741939663887024,9.161098678707942,40.759273854665715,0.658250739785866,6.907814263171809,73.84613249612384
8.129999999999871,0.01,40.759273854665715,0.4840736985206604,9.165972872674331,40.85088484145279,0.6551161744840731,6.914396770569668,73.91521063875555
8.139999999999871,0.01,40.85088484145279,0.48072320222854614,9.170813609659538,40.94254457017953,0.6519750447541568,6.920947932314508,73.98435460646125
8.14999999999987,0.01,40.94254457017953,0.477367639541626,9.175620841681823,41.03425270627612,0.6488273815977991,6.92746768276205,74.0535640857844
8.15999999999987,0.01,41.03425270627612,0.4740070700645447,9.18039451807724,41.12600891469294,0.6456732160811641,6.9339559565780275,74.12283876261202
8.16999999999987,0.01,41.12600891469294,0.470641553401947,9.185134588777885,41.21781285987371,0.642512579334592,6.940412688738839,74.1921783221778
8.17999999999987,0.01,41.21781285987371,0.4672704339027405,9.189841004311905,41.309664205761486,0.6393455025522922,6.946837814532184,74.26158244906519
8.18999999999987,0.01,41.309664205761486,0.4638950228691101,9.194513708650932,41.4015626158046,0.6361720169920339,6.953231269557707,74.3310508272105
8.19999999999987,0.01,41.4015626158046,0.46051448583602905,9.199152658879623,41.493507752891105,0.6329921539748372,6.959592989727628,74.40058313990608
8.20999999999987,0.01,41.493507752891105,0.4571288526058197,9.203757803737982,41.5854992794799,0.629805944884668,6.965922911267376,74.47017906980335
8.21999999999987,0.01,41.5854992794799,0.4537385106086731,9.20832909226404,41.677536857517275,0.6266134211681228,6.972220970716223,74.53983829891602
8.229999999999869,0.01,41.677536857517275,0.4503438472747803,9.212866477370127,41.76962014843991,0.6234146143341219,6.978487104927904,74.60956050862319
8.239999999999869,0.01,41.76962014843991,0.44694364070892334,9.217369915842875,41.86174881321361,0.620209555953597,6.984721251071245,74.67934537967247
8.249999999999869,0.01,41.86174881321361,0.4435390830039978,9.221839352249964,41.95392251237204,0.616998277659181,6.9909233466307805,74.74919259218318
8.259999999999868,0.01,41.95392251237204,0.440129816532135,9.226274743080003,42.04614090589454,0.6137808111448939,6.997093329407372,74.81910182564948
8.269999999999868,0.01,42.04614090589454,0.43671536445617676,9.230676041245324,42.13840365332534,0.610557188165831,7.003231137518821,74.88907275894356
8.279999999999868,0.01,42.13840365332534,0.43329674005508423,9.235043194889887,42.23071041373779,0.6073274405378505,7.009336709400479,74.95910507031874
8.289999999999868,0.01,42.23071041373779,0.42987269163131714,9.239376162290437,42.32306084568668,0.6040916001372569,7.015409983805857,75.02919843741275
8.299999999999867,0.01,42.32306084568668,0.4264447093009949,9.24367488920675,42.415454607309584,0.6008496989004889,7.021450899807229,75.09935253725081
8.309999999999867,0.01,42.415454607309584,0.4230116605758667,9.24793933629976,42.50789135620165,0.5976017688238021,7.027459396796234,75.16956704624889
8.319999999999867,0.01,42.50789135620165,0.4195742905139923,9.25216945290552,42.60037074956464,0.5943478419629563,7.033435414484472,75.23984164021685
8.329999999999867,0.01,42.60037074956464,0.41613224148750305,9.256365195810659,42.692892444093694,0.5910879504328956,7.039378892904102,75.3101759943617
8.339999999999867,0.01,42.692892444093694,0.41268569231033325,9.260526518225534,42.785456096051796,0.5878221264074325,7.045289772408431,75.38056978329074
8.349999999999866,0.01,42.785456096051796,0.40923449397087097,9.264653375148637,42.878061361234046,0.5845504021189328,7.051167993672505,75.45102268101482
8.359999999999866,0.01,42.878061361234046,0.40577882528305054,9.268745720088345,42.97070789498553,0.5812728098579939,7.057013497693694,75.52153436095155
8.369999999999866,0.01,42.97070789498553,0.4023189842700958,9.272803508341175,43.06339535218641,0.5779893819731283,7.062826225792274,75.59210449592848
8.379999999999866,0.01,43.06339535218641,0.3988543450832367,9.276826698183877,43.15612338726982,0.5747001508704429,7.068606119612006,75.66273275818641
8.389999999999866,0.01,43.15612338726982,0.39538538455963135,9.28081524163471,43.24889165425166,0.571405149013322,7.07435312112071,75.73341881938252
8.399999999999865,0.01,43.24889165425166,0.3919122815132141,9.284769095480305,43.341699806668004,0.568104408922103,7.0800671726108435,75.80416235059373
8.409999999999865,0.01,43.341699806668004,0.3884345293045044,9.288688218295437,43.4345474976228,0.5647979631737577,7.085748216700065,75.87496302231983
8.419999999999865,0.01,43.4345474976228,0.384952187538147,9.292572563588482,43.527434379805754,0.5614858444015718,7.091396196331802,75.94582050448683
8.429999999999865,0.01,43.527434379805754,0.38146620988845825,9.296422085463863,43.620360105441634,0.5581680852948196,7.097011054775818,76.01673446645015
8.439999999999864,0.01,43.620360105441634,0.3779756426811218,9.300236747562748,43.713324326296274,0.554844718598444,7.1025927356287655,76.08770457699791
8.449999999999864,0.01,43.713324326296274,0.37448105216026306,9.304016503989558,43.8063266937719,0.5515157771127333,7.10814118281475,76.1587305043542
8.459999999999864,0.01,43.8063266937719,0.3709818720817566,9.307761314511161,43.899366858811796,0.5481812936929955,7.1136563405858775,76.22981191618234
8.469999999999864,0.01,43.899366858811796,0.3674788475036621,9.31147113323198,43.99244447195691,0.5448413012492359,7.119138153522807,76.3009484795882
8.479999999999864,0.01,43.99244447195691,0.363971471786499,9.315145921707016,44.08555918328923,0.541495832745831,7.124586566535299,76.37213986112343
8.489999999999863,0.01,44.08555918328923,0.36046016216278076,9.318785636424881,44.178710642506296,0.5381449212012053,7.130001524862758,76.44338572678878
8.499999999999863,0.01,44.178710642506296,0.35694417357444763,9.32239023804651,44.27189849887054,0.5347885996875023,7.13538297407477,76.5146857420374
8.509999999999863,0.01,44.27189849887054,0.35342466831207275,9.325959679782253,44.36512240125101,0.53142690133026,7.140730860071645,76.58603957177814
8.519999999999863,0.01,44.36512240125101,0.349901020526886,9.329493926465373,44.45838199804883,0.528059859308085,7.146045129084947,76.65744688037886
8.529999999999863,0.01,44.45838199804883,0.34637346863746643,9.332992936670642,44.55167693731348,0.524687506852322,7.151325727678028,76.7289073316697
8.539999999999862,0.01,44.55167693731348,0.3428417444229126,9.336456671357016,44.645006866680184,0.5213098772467286,7.156572602746551,76.80042058894648
8.549999999999862,0.01,44.645006866680184,0.3393062949180603,9.339885088801246,44.73837143339375,0.5179270038271447,7.161785701519018,76.87198631497394
8.559999999999862,0.01,44.73837143339375,0.3357664942741394,9.343278151750427,44.83177028428176,0.5145389199811664,7.166964971557289,76.94360417198912
8.569999999999862,0.01,44.83177028428176,0.3322230577468872,9.34663581669317,44.92520306579926,0.5111456591478127,7.172110360757101,77.0152738217047
8.579999999999862,0.01,44.92520306579926,0.32867568731307983,9.349958047270638,45.01866942396619,0.5077472548171977,7.1772218173485784,77.08699492531227
8.589999999999861,0.01,45.01866942396619,0.32512450218200684,9.353244804143769,45.11216900443889,0.5043437405302013,7.182299289896751,77.15876714348575
8.599999999999861,0.01,45.11216900443889,0.32156941294670105,9.356496049165589,45.20570145248033,0.5009351498781347,7.1873427273020525,77.23059013638472
8.60999999999986,0.01,45.20570145248033,0.3180108070373535,9.359711743295057,45.29926641297198,0.4975215165024117,7.192352078800834,77.30246356365774
8.61999999999986,0.01,45.29926641297198,0.3144484758377075,9.36289185136543,45.39286353040493,0.49410287409421505,7.197327293965858,77.37438708444574
8.62999999999986,0.01,45.39286353040493,0.3108817934989929,9.366036336123805,45.48649244891858,0.4906792563941662,7.2022683227068,77.4463603573854
8.63999999999986,0.01,45.48649244891858,0.3073117136955261,9.369145154058796,45.58015281227982,0.48725069719198916,7.207175115270742,77.51838304061246
8.64999999999986,0.01,45.58015281227982,0.30373847484588623,9.37221827119575,45.673844263820406,0.4838172303261785,7.212047622242662,77.59045479176517
8.65999999999986,0.01,45.673844263820406,0.3001610040664673,9.375255655944208,45.76756644653236,0.4803788896836671,7.216885794545924,77.66257526798759
8.66999999999986,0.01,45.76756644653236,0.29658016562461853,9.378257265984873,45.8613190030918,0.4769357091994885,7.22168958344276,77.73474412593305
8.67999999999986,0.01,45.8613190030918,0.2929958701133728,9.38122306764112,45.95510157575165,0.473487722856444,7.226458940534755,77.80696102176748
8.68999999999986,0.01,45.95510157575165,0.2894079089164734,9.384153026342254,46.048913806428054,0.4700349646847663,7.2311938177633195,77.87922561117283
8.699999999999859,0.01,46.048913806428054,0.2858162224292755,9.387047105431419,46.14275533669147,0.46657746876178563,7.235894167410167,77.95153754935046
8.709999999999859,0.01,46.14275533669147,0.2822214961051941,9.389905267655712,46.23662580774578,0.4631152692115904,7.240559942097785,78.02389649102456
8.719999999999859,0.01,46.23662580774578,0.27862295508384705,9.392727482616763,46.33052486042234,0.45964840020469183,7.2451910947899005,78.09630209044553
8.729999999999858,0.01,46.33052486042234,0.275020956993103,9.395513712167602,46.4244521352485,0.4561768959576886,7.249787578791947,78.16875400139342
8.739999999999858,0.01,46.4244521352485,0.2714158296585083,9.398263921737533,46.518407272370176,0.45270079073292535,7.254349347751524,78.24125187718134
8.749999999999858,0.01,46.518407272370176,0.2678067684173584,9.400978080034118,46.61238991158755,0.44922011883815754,7.258876355658853,78.31379537065885
8.759999999999858,0.01,46.61238991158755,0.264195054769516,9.403656147718293,46.70639969238789,0.44573491462621095,7.263368556847235,78.38638413421543
8.769999999999857,0.01,46.70639969238789,0.2605797350406647,9.406298098265987,46.80043625386507,0.4422452124946451,7.267825905993496,78.45901781978391
8.779999999999857,0.01,46.80043625386507,0.25696131587028503,9.408903895616394,46.89449923484773,0.43875104688541067,7.272248358118443,78.53169607884384
8.789999999999857,0.01,46.89449923484773,0.25333893299102783,9.411473508775098,46.98858827380389,0.43525245228451115,7.276635868587297,78.60441856242502
8.799999999999857,0.01,46.98858827380389,0.24971401691436768,9.414006898105008,47.08270300889164,0.4317494632216638,7.280988393110142,78.6771849211109
8.809999999999857,0.01,47.08270300889164,0.24608588218688965,9.416504038274152,47.17684307787269,0.42824211426995584,7.285305887742358,78.749994805042
8.819999999999856,0.01,47.17684307787269,0.24245458841323853,9.41896489709602,47.27100811825543,0.42473044004550564,7.289588308885057,78.82284786391942
8.829999999999856,0.01,47.27100811825543,0.2388198971748352,9.421389442980152,47.36519776722639,0.4212144752071194,7.293835613285513,78.89574374700827
8.839999999999856,0.01,47.36519776722639,0.23518240451812744,9.4237776419519,47.45941166165619,0.4176942544559517,7.298047758037584,78.96868210314112
8.849999999999856,0.01,47.45941166165619,0.23154163360595703,9.426129465997082,47.55364943807571,0.4141698125351597,7.302224700582143,79.04166258072149
8.859999999999856,0.01,47.55364943807571,0.22789806127548218,9.428444882333142,47.64791073273568,0.41064118422956175,7.306366398707495,79.11468482772732
8.869999999999855,0.01,47.64791073273568,0.22425121068954468,9.430723862945896,47.74219518155901,0.40710840436529566,7.310472810549791,79.18774849171439
8.879999999999855,0.01,47.74219518155901,0.22060155868530273,9.432966375052791,47.83650242018847,0.40357150780947193,7.314543894593443,79.26085321981988
8.889999999999855,0.01,47.83650242018847,0.2169489860534668,9.435172390639645,47.930832083938995,0.40003052946983125,7.318579609671538,79.33399865876581
8.899999999999855,0.01,47.930832083938995,0.21329349279403687,9.43734188050018,48.02518380784539,0.39648550429440116,7.322579914966236,79.40718445486252
8.909999999999854,0.01,48.02518380784539,0.2096347212791443,9.43947481542812,48.119557226650386,0.39293646727114856,7.32654477000918,79.48041025401217
8.919999999999854,0.01,48.119557226650386,0.20597326755523682,9.441571162640912,48.213951974804665,0.3893834534276361,7.330474134681891,79.55367570171227
8.929999999999854,0.01,48.213951974804665,0.202309250831604,9.443630895316465,48.30836768643107,0.38582649783067535,7.334367969216167,79.62698044305908
8.939999999999854,0.01,48.30836768643107,0.19864243268966675,9.44565398782478,48.40280399538423,0.38226563558598314,7.338226234194474,79.70032412275124
8.949999999999854,0.01,48.40280399538423,0.19497281312942505,9.447640412151676,48.49726053526248,0.3787009018378317,7.342048890550334,79.77370638509318
8.959999999999853,0.01,48.49726053526248,0.1913003921508789,9.44959014028297,48.59173693938399,0.3751323317687036,7.345835899568712,79.84712687399868
8.969999999999853,0.01,48.59173693938399,0.1876254677772522,9.451503144204478,48.68623284078682,0.37155996059894564,7.349587222886399,79.92058523299436
8.979999999999853,0.01,48.68623284078682,0.18394780158996582,9.453379398882252,48.780747872228865,0.3679838235864185,7.353302822492388,79.99408110522322
8.989999999999853,0.01,48.780747872228865,0.18026703596115112,9.45521887689815,48.87528166621769,0.36440395602615083,7.356982660728252,80.06761413344815
8.999999999999853,0.01,48.87528166621769,0.17658394575119019,9.457021547257762,48.96983385498667,0.36082039324998977,7.360626700288513,80.14118396005543
9.009999999999852,0.01,48.96983385498667,0.17289835214614868,9.458787386715274,49.06440407045924,0.357233170626254,7.364234904221013,80.21479022705832
9.019999999999852,0.01,49.06440407045924,0.16921067237854004,9.460516370236736,49.15899194432639,0.35364232355938213,7.367807235927276,80.28843257610052
9.029999999999852,0.01,49.15899194432639,0.16551989316940308,9.462208476960521,49.25359710802876,0.35004788748958465,7.37134365916287,80.36211064845979
9.039999999999852,0.01,49.25359710802876,0.16182667016983032,9.463863675892215,49.34821919279836,0.3464498978924953,7.374844138037766,80.43582408505142
9.049999999999851,0.01,49.34821919279836,0.1581311821937561,9.465481942593913,49.44285782955728,0.34284839027881847,7.378308637016691,80.5095725264318
9.059999999999851,0.01,49.44285782955728,0.15443336963653564,9.46706325441585,49.53751264898322,0.3392434001939802,7.381737120919479,80.58335561280197
9.069999999999851,0.01,49.53751264898322,0.1507331132888794,9.468607588112215,49.632183281527375,0.3356349632177768,7.385129554921419,80.65717298401115
9.07999999999985,0.01,49.632183281527375,0.14702999591827393,9.470114919245104,49.726869357408496,0.3320231149640253,7.388485904553597,80.73102427956037
9.08999999999985,0.01,49.726869357408496,0.1433253288269043,9.471585219204286,49.82157050660094,0.3284078910802096,7.391806135703237,80.80490913860591
9.09999999999985,0.01,49.82157050660094,0.13961786031723022,9.473018472492555,49.91628635879298,0.3247893272471291,7.395090214614039,80.87882719996294
9.10999999999985,0.01,49.91628635879298,0.135908305644989,9.474414651095728,50.011016543517904,0.32116745917854916,7.39833810788651,80.95277810210908
9.11999999999985,0.01,50.011016543517904,0.13219672441482544,9.475773734152177,50.10576069002886,0.31754232262084486,7.401549782478296,81.02676148318794
9.12999999999985,0.01,50.10576069002886,0.1284826397895813,9.477095701396326,50.200518427370376,0.31391395335265043,7.404725205704504,81.10077698101271
9.13999999999985,0.01,50.200518427370376,0.1247662901878357,9.478380527794222,50.29528938438434,0.3102823871845053,7.40786434523803,81.17482423306976
9.14999999999985,0.01,50.29528938438434,0.1210484504699707,9.4796281906961,50.39007318966228,0.30664765995850235,7.410967169109875,81.24890287652214
9.15999999999985,0.01,50.39007318966228,0.11732769012451172,9.4808386752008,50.48486947156924,0.30300980754793144,7.41403364570946,81.32301254821323
9.169999999999849,0.01,50.48486947156924,0.11360538005828857,9.482011952102045,50.57967785832125,0.29936886585692674,7.417063743784939,81.39715288467032
9.179999999999849,0.01,50.57967785832125,0.10988104343414307,9.483148005902628,50.674497977842265,0.2957248708201138,7.4200574324435085,81.47132352210816
9.189999999999849,0.01,50.674497977842265,0.10615450143814087,9.484246816336968,50.769329457901286,0.29207785840225203,7.4230146811517095,81.5455240964326
9.199999999999848,0.01,50.769329457901286,0.10242581367492676,9.48530836135135,50.86417192606466,0.2884278645978815,7.425935459735732,81.61975424324412
9.209999999999848,0.01,50.86417192606466,0.09869539737701416,9.486332619488099,50.95902500967817,0.2847749254309671,7.428819738381711,81.69401359784148
9.219999999999848,0.01,50.95902500967817,0.0949634313583374,9.48731957346187,51.05388833587305,0.2811190769545447,7.4316674876360205,81.7683017952253
9.229999999999848,0.01,51.05388833587305,0.0912291407585144,9.488269207775453,51.14876153160766,0.2774603552503623,7.434478678405566,81.84261847010166
9.239999999999847,0.01,51.14876153160766,0.08749359846115112,9.489181499183038,51.243644223685415,0.2737987964285254,7.4372532819580695,81.91696325688571
9.249999999999847,0.01,51.243644223685415,0.08375567197799683,9.49005643516765,51.33853603867724,0.2701344366271426,7.439991269922355,81.99133578970529
9.259999999999847,0.01,51.33853603867724,0.0800161361694336,9.49089399188743,51.433436603028916,0.26646731201196505,7.442692614288626,82.06573570240451
9.269999999999847,0.01,51.433436603028916,0.07627475261688232,9.491694153249124,51.52834554294779,0.26279745877603183,7.445357287408746,82.1401626285474
9.279999999999847,0.01,51.52834554294779,0.07253158092498779,9.492456900775293,51.62326248448028,0.2591249131393138,7.447985261996506,82.21461620142149
9.289999999999846,0.01,51.62326248448028,0.06878715753555298,9.493182216584543,51.71818705348803,0.2554497113483532,7.4505765111279,82.28909605404145
9.299999999999846,0.01,51.71818705348803,0.06504052877426147,9.493870088159898,51.81311887565387,0.25177188967590797,7.4531310082413835,82.36360181915273
9.309999999999846,0.01,51.81311887565387,0.06129312515258789,9.494520493447641,51.90805757653547,0.2480914844205927,7.455648727138143,82.43813312923514
9.319999999999846,0.01,51.90805757653547,0.05754357576370239,9.495133424699167,52.003002781469945,0.2444085319065225,7.458129641982349,82.51268961650652
9.329999999999846,0.01,52.003002781469945,0.05379211902618408,9.495708860456805,52.09795411571694,0.24072306848295122,7.460573727301414,82.58727091292634
9.339999999999845,0.01,52.09795411571694,0.05004000663757324,9.496246781647066,52.192911204321504,0.23703513052391453,7.462980957986243,82.66187665019936
9.349999999999845,0.01,52.192911204321504,0.04628568887710571,9.496747181713442,52.28787367213797,0.2333447544278722,7.465351309291482,82.73650645977922
9.359999999999845,0.01,52.28787367213797,0.04253000020980835,9.497210038602212,52.382841143955105,0.2296519766173459,7.467684756835761,82.81115997287213
9.369999999999845,0.01,52.382841143955105,0.03877311944961548,9.49763533860431,52.47781324434113,0.22595683353856183,7.469981276601935,82.88583682044049
9.379999999999844,0.01,52.47781324434113,0.035014986991882324,9.498023069798807,52.572789597727166,0.22225936166108978,7.47224084493732,82.9605366332065
9.389999999999844,0.01,52.572789597727166,0.031255245208740234,9.498373219668725,52.66776982842515,0.2185595974774856,7.474463438553931,83.03525904165588
9.399999999999844,0.01,52.66776982842515,0.027494490146636963,9.498685772120812,52.76275356062184,0.21485757750292755,7.476649034528706,83.11000367604142
9.409999999999844,0.01,52.76275356062184,0.023732006549835205,9.498960717022278,52.85774041834304,0.21115333827485772,7.478797610303736,83.1847701663867
9.419999999999844,0.01,52.85774041834304,0.019968807697296143,9.499198037087776,52.95273002551326,0.20744691635262283,7.4809091436864845,83.25955814248974
9.429999999999843,0.01,52.95273002551326,0.01620417833328247,9.49939772516475,53.04772200588414,0.20373834831711043,7.482983612850011,83.3343672339266
9.439999999999843,0.01,53.04772200588414,0.012438356876373291,9.499559766948083,53.14271598313579,0.20002767077038983,7.485020996333182,83.4091970700551
9.449999999999843,0.01,53.14271598313579,0.008671283721923828,9.499684150516847,53.23771158080527,0.19631492033534972,7.487021273040885,83.48404728001843
9.459999999999843,0.01,53.23771158080527,0.004903078079223633,9.499770863354067,53.33270842231043,0.19260013365533918,7.488984422244239,83.55891749274883
9.469999999999843,0.01,53.33270842231043,0.0011336207389831543,9.499819894134859,53.42770613094397,0.18888334739380247,7.490910423580792,83.63380733697127
9.479999999999842,0.01,53.42770613094397,-0.0026366114616394043,9.499831230342249,53.522704329885315,0.18516459823391887,7.49279925705473,83.70871644120707
9.489999999999842,0.01,53.522704329885315,-0.006407737731933594,9.499804864227633,53.61770264218873,0.18144392287824238,7.494650903037069,83.78364443377762
9.499999999999842,0.01,53.61770264218873,-0.010179877281188965,9.499740786850314,53.71270069083101,0.1777213580483361,7.496465342265852,83.858590942808
9.509999999999842,0.01,53.71270069083101,-0.013953328132629395,9.499638988077502,53.80769809869951,0.17399694048441208,7.4982425558463355,83.93355559623065
9.519999999999841,0.01,53.80769809869951,-0.017727315425872803,9.499499454796176,53.90269448858028,0.17027070694496754,7.49998252525118,84.00853802178911
9.529999999999841,0.01,53.90269448858028,-0.021502435207366943,9.499322181641917,53.99768948312824,0.16654269420642417,7.50168523232063,84.08353784704161
9.539999999999841,0.01,53.99768948312824,-0.025278449058532715,9.499107157289844,54.09268270494466,0.16281293906276217,7.5033506592626935,84.15855469936481
9.54999999999984,0.01,54.09268270494466,-0.029054999351501465,9.498854372799258,54.187673776517556,0.1590814783251585,7.504978788653321,84.23358820595745
9.55999999999984,0.01,54.187673776517556,-0.03283262252807617,9.498563822805743,54.28266232024555,0.15534834882162527,7.5065696034365725,84.30863799384397
9.56999999999984,0.01,54.28266232024555,-0.03661078214645386,9.498235496580461,54.3776479584736,0.15161358739664296,7.508123086924789,84.38370368987833
9.57999999999984,0.01,54.3776479584736,-0.04038971662521362,9.497869388758996,54.4726303134394,0.1478772309107991,7.509639222798755,84.45878492074758
9.58999999999984,0.01,54.4726303134394,-0.04416930675506592,9.497465491592743,54.56760900732699,0.14413931624042323,7.511117995107863,84.53388131297557
9.59999999999984,0.01,54.56760900732699,-0.04794943332672119,9.497023798525193,54.662583662242916,0.1403998802772252,7.512559388270267,84.60899249292665
9.60999999999984,0.01,54.662583662242916,-0.05173039436340332,9.496544304191925,54.75755390022817,0.13665895992792768,7.513963387073039,84.68411808680935
9.61999999999984,0.01,54.75755390022817,-0.05551183223724365,9.496027000248292,54.85251934327008,0.13291659211390375,7.5153299766723185,84.75925772068008
9.62999999999984,0.01,54.85251934327008,-0.05929422378540039,9.49547188192592,54.94747961327256,0.12917281377081397,7.516659142593458,84.83441102044681
9.639999999999839,0.01,54.94747961327256,-0.06307661533355713,9.494878939688066,55.04243433209182,0.12542766184823861,7.517950870731166,84.90957761187273
9.649999999999839,0.01,55.04243433209182,-0.06685960292816162,9.49424817353473,55.1373831214887,0.12168117330931515,7.519205147349648,84.98475712058004
9.659999999999838,0.01,55.1373831214887,-0.07064324617385864,9.493579577505448,55.23232560322405,0.11793338513037245,7.520421959082742,85.05994917205354
9.669999999999838,0.01,55.23232560322405,-0.07442700862884521,9.49287314504371,55.3272613989991,0.11418433430056785,7.5216012929340454,85.13515339164437
9.679999999999838,0.01,55.3272613989991,-0.07821136713027954,9.492128874957421,55.422190130449536,0.11043405782151894,7.522743136277051,85.21036940457371
9.689999999999838,0.01,55.422190130449536,-0.08199596405029297,9.491346761286119,55.51711141919911,0.10668259270694,7.523847476855266,85.28559683593647
9.699999999999838,0.01,55.51711141919911,-0.08578062057495117,9.490526801645617,55.61202488681197,0.10292997598227822,7.524914302782336,85.36083531070503
9.709999999999837,0.01,55.61202488681197,-0.08956640958786011,9.489668995439867,55.70693015482843,0.09917624468434519,7.525943602542159,85.43608445373285
9.719999999999837,0.01,55.70693015482843,-0.09335160255432129,9.488773331343989,55.80182684478282,0.09542143586095284,7.5269353649890025,85.51134388975827
9.729999999999837,0.01,55.80182684478282,-0.0971369743347168,9.487839815318445,55.89671457809626,0.0916655865705494,7.527889579347612,85.58661324340815
9.739999999999837,0.01,55.89671457809626,-0.10092282295227051,9.486868445575098,55.99159297624944,0.08790873388185058,7.528806235213318,85.66189213920163
9.749999999999837,0.01,55.99159297624944,-0.1047089695930481,9.485859217345576,56.08646166070519,0.0841509148734757,7.529685322552136,85.73718020155376
9.759999999999836,0.01,56.08646166070519,-0.1084948182106018,9.484812127649645,56.18132025287864,0.08039216663358076,7.530526831700871,85.81247705477928
9.769999999999836,0.01,56.18132025287864,-0.11228126287460327,9.48372717946754,56.276168374155134,0.07663252625949446,7.5313307533672065,85.88778232309629
9.779999999999836,0.01,56.276168374155134,-0.11606788635253906,9.482604366838794,56.37100564594981,0.07287203085734895,7.532097078629802,85.96309563062997
9.789999999999836,0.01,56.37100564594981,-0.119853675365448,9.481443687975268,56.46583168961819,0.06911071754171513,7.532825798938375,86.03841660141626
9.799999999999836,0.01,56.46583168961819,-0.12363994121551514,9.480245151221613,56.56064612649794,0.065348623435238,7.533516906113792,86.11374485940564
9.809999999999835,0.01,56.56064612649794,-0.12742626667022705,9.479008751809458,56.65544857801016,0.06158578566826702,7.534170392348144,86.18908002846678
9.819999999999835,0.01,56.65544857801016,-0.13121211528778076,9.477734489142755,56.75023866552825,0.057822241378491866,7.534786250204826,86.26442173239026
9.829999999999835,0.01,56.75023866552825,-0.13499826192855835,9.476422367989876,56.84501601041968,0.05405802771057471,7.535364472618611,86.3397695948923
9.839999999999835,0.01,56.84501601041968,-0.1387839913368225,9.475072385370591,56.93978023409957,0.050293181815785855,7.535905052895717,86.41512323961848
9.849999999999834,0.01,56.93978023409957,-0.1425696611404419,9.473684545457223,57.03453095795328,0.046527740851633824,7.5364079847138745,86.49048229014744
9.859999999999834,0.01,57.03453095795328,-0.14635491371154785,9.472258848845819,57.12926780340785,0.04276174198150023,7.536873262122391,86.56584636999457
9.869999999999834,0.01,57.12926780340785,-0.15013957023620605,9.470795299708703,57.22399039189631,0.03899522237427458,7.537300879542206,86.6412151026158
9.879999999999834,0.01,57.22399039189631,-0.1539248824119568,9.46929390400634,57.31869834489339,0.03522821920398428,7.537690831765949,86.71658811141123
9.889999999999834,0.01,57.31869834489339,-0.15770894289016724,9.46775465518222,57.41339128393345,0.0314607696494298,7.538043113957989,86.79196501972889
9.899999999999833,0.01,57.41339128393345,-0.1614932417869568,9.46617756575332,57.50806883048527,0.02769291089381673,7.538357721654483,86.86734545086847
9.909999999999833,0.01,57.50806883048527,-0.1652768850326538,9.46456263333545,57.6027306061428,0.023924680124390925,7.538634650763421,86.94272902808501
9.919999999999833,0.01,57.6027306061428,-0.16905999183654785,9.462909864485123,57.69737623247615,0.020156114532068233,7.538873897564665,87.01811537459264
9.929999999999833,0.01,57.69737623247615,-0.17284303903579712,9.461219264566758,57.792005331121004,0.0163872513110691,7.539075458709986,87.09350411356829
9.939999999999833,0.01,57.792005331121004,-0.17662495374679565,9.4594908341764,57.88661752376667,0.012618127658553023,7.539239331223096,87.16889486815539
9.949999999999832,0.01,57.88661752376667,-0.1804068684577942,9.457724584638932,57.98121243210843,0.008848780774248258,7.539365512499682,87.24428726146762
9.959999999999832,0.01,57.98121243210843,-0.1841881275177002,9.455920515954354,58.075789677954816,0.0050792478600868145,7.539454000307424,87.31968091659262
9.969999999999832,0.01,58.075789677954816,-0.18796855211257935,9.454078634679178,58.17034888311436,0.0013095661198361981,7.539504792786025,87.39507545659569
9.979999999999832,0.01,58.17034888311436,-0.19174855947494507,9.452198949158053,58.26488966946115,-0.002460227241265634,7.539517888447223,87.47047050452355
9.989999999999831,0.01,58.26488966946115,-0.19552767276763916,9.450281463563304,58.35941165895272,-0.006230095016880663,7.53949328617481,87.54586568340802
9.999999999999831,0.01,58.35941165895272,-0.19930613040924072,9.448326186835628,58.453914473588355,-0.009999999999936436,7.539430985224642,87.62126061626977
10.009999999999831,0.01,58.453914473588355,-0.2030840516090393,9.446333125531535,58.54839773545671,-0.013769904982991679,7.539330985224642,87.69665492612201
10.01999999999983,0.01,58.54839773545671,-0.20686113834381104,9.444302285015445,58.64286106671202,-0.01753977275860671,7.539193286174812,87.77204823597425
10.02999999999983,0.01,58.64286106671202,-0.21063745021820068,9.442233673632007,58.73730408956217,-0.021309566119708544,7.539017888447225,87.847440168836
10.03999999999983,0.01,58.73730408956217,-0.21441280841827393,9.440127299129825,58.83172642629849,-0.025079247859959165,7.538804792786029,87.92283034772048
10.04999999999983,0.01,58.83172642629849,-0.21818721294403076,9.437983171045643,58.926127699289786,-0.028848780774120612,7.538554000307429,87.99821839564834
10.05999999999983,0.01,58.926127699289786,-0.22196096181869507,9.435801298916202,59.02050753100024,-0.03261812765842539,7.538265512499688,88.0736039356514
10.06999999999983,0.01,59.02050753100024,-0.22573351860046387,9.433581689298014,59.1148655439894,-0.036387251310942004,7.537939331223104,88.1489865907764
10.07999999999983,0.01,59.1148655439894,-0.22950482368469238,9.431324354112009,59.20920136088238,-0.04015611453194062,7.537575458709995,88.22436598408864
10.08999999999983,0.01,59.20920136088238,-0.23327559232711792,9.429029305875162,59.3035146044235,-0.04392468012426332,7.537173897564675,88.29974173867573
10.09999999999983,0.01,59.3035146044235,-0.2370452880859375,9.42669654995189,59.397804897482246,-0.047692910893689676,7.5367346507634325,88.37511347765138
10.109999999999829,0.01,59.397804897482246,-0.24081385135650635,9.424326097071031,59.49207186298176,-0.05146076964930222,7.536257721654495,88.45048082415902
10.119999999999829,0.01,59.49207186298176,-0.24458110332489014,9.421917958557467,59.58631512395247,-0.05522821920385671,7.535743113958002,88.52584340137555
10.129999999999828,0.01,59.58631512395247,-0.24834734201431274,9.419472147524218,59.68053430353804,-0.05899522237414704,7.535190831765964,88.60120083251513
10.139999999999828,0.01,59.68053430353804,-0.2521119713783264,9.416988674104074,59.77472902501328,-0.06276174198137323,7.534600879542222,88.67655274083279
10.149999999999828,0.01,59.77472902501328,-0.2558761239051819,9.41446755439029,59.868898911754314,-0.06652774085150631,7.533973262122409,88.75189874962821
10.159999999999828,0.01,59.868898911754314,-0.25963878631591797,9.41190879315124,59.963043587298216,-0.07029318181565836,7.533307984713893,88.82723848224943
10.169999999999828,0.01,59.963043587298216,-0.26340001821517944,9.40931240528808,60.057162675229726,-0.07405802771044777,7.532605052895737,88.90257156209657
10.179999999999827,0.01,60.057162675229726,-0.267159640789032,9.406678405105929,60.1512557992826,-0.07782224137836441,7.531864472618633,88.97789761262553
10.189999999999827,0.01,60.1512557992826,-0.27091825008392334,9.404006808698039,60.24532258333366,-0.0815857856681396,7.531086250204849,89.0532162573517
10.199999999999827,0.01,60.24532258333366,-0.2746756076812744,9.4012976261972,60.339362651420636,-0.08534862343511057,7.530270392348168,89.12852711985376
10.209999999999827,0.01,60.339362651420636,-0.2784312963485718,9.398550870120388,60.43337562768261,-0.08911071754158827,7.529416906113817,89.20382982377724
10.219999999999827,0.01,60.43337562768261,-0.28218573331832886,9.395766557156902,60.52736113638381,-0.09287203085722158,7.528525798938401,89.27912399283838
10.229999999999826,0.01,60.52736113638381,-0.2859383821487427,9.392944699823719,60.621318801955375,-0.09663252625936712,7.527597078629829,89.35440925082776
10.239999999999826,0.01,60.621318801955375,-0.28968966007232666,9.390085316002232,60.715248248953614,-0.10039216663345397,7.526630753367235,89.42968522161405
10.249999999999826,0.01,60.715248248953614,-0.2934391498565674,9.38718841940151,60.809149102113636,-0.10415091487334843,7.525626831700901,89.50495152914772
10.259999999999826,0.01,60.809149102113636,-0.29718726873397827,9.384254027902944,60.90302098630765,-0.10790873388172334,7.524585322552167,89.58020779746472
10.269999999999825,0.01,60.90302098630765,-0.3009340763092041,9.381282155215604,60.99686352658668,-0.1116655865704222,7.52350623521335,89.65545365069025
10.279999999999825,0.01,60.99686352658668,-0.3046784996986389,9.378272814452513,61.090676348138835,-0.11542143586082619,7.522389579347646,89.73068871304238
10.289999999999825,0.01,61.090676348138835,-0.308421790599823,9.375226029455527,61.18445907628336,-0.11917624468421806,7.521235364989038,89.80591260883585
10.299999999999825,0.01,61.18445907628336,-0.3121628165245056,9.372141811549529,61.27821133657791,-0.12292997598215114,7.520043602542196,89.88112496248574
10.309999999999825,0.01,61.27821133657791,-0.3159027099609375,9.369020183384285,61.371932754693404,-0.12668259270681345,7.518814302782374,89.95632539851117
10.319999999999824,0.01,61.371932754693404,-0.3196406364440918,9.365861156284675,61.46562295652725,-0.13043405782139192,7.517547476855306,90.03151354153898
10.329999999999824,0.01,61.46562295652725,-0.32337599992752075,9.362664749920233,61.55928156809009,-0.13418433430044088,7.516243136277092,90.10668901630754
10.339999999999824,0.01,61.55928156809009,-0.32711052894592285,9.359430989920957,61.65290821558929,-0.13793338513024553,7.514901292934088,90.18185144767031
10.349999999999824,0.01,61.65290821558929,-0.33084243535995483,9.356159884631499,61.7465025254885,-0.14168117330918828,7.5135219590827855,90.25700046059966
10.359999999999824,0.01,61.7465025254885,-0.33457255363464355,9.352851460277899,61.840064124334816,-0.14542766184811176,7.512105147349693,90.33213568019048
10.369999999999823,0.01,61.840064124334816,-0.3383009433746338,9.349505734741552,61.93359263893759,-0.14917281377068717,7.5106508707312125,90.40725673166398
10.379999999999823,0.01,61.93359263893759,-0.3420270085334778,9.346122725307806,62.027087696285,-0.15291659211377756,7.509159142593505,90.48236324037128
10.389999999999823,0.01,62.027087696285,-0.34575140476226807,9.342702455222472,62.120548923538074,-0.15665895992780096,7.5076299766723675,90.55745483179722
10.399999999999823,0.01,62.120548923538074,-0.34947341680526733,9.339244941174849,62.213975948090294,-0.16039988027709853,7.506063387073089,90.63253113156394
10.409999999999823,0.01,62.213975948090294,-0.35319316387176514,9.335750207006797,62.30736839750204,-0.16413931624029665,7.504459388270319,90.70759176543467
10.419999999999822,0.01,62.30736839750204,-0.35691142082214355,9.33221827536808,62.4007258995721,-0.16787723091067255,7.5028179951079155,90.78263635931738
10.429999999999822,0.01,62.4007258995721,-0.3606263995170593,9.328649161159857,62.49404808232578,-0.17161358739651647,7.501139222798809,90.85766453926846
10.439999999999822,0.01,62.49404808232578,-0.3643401265144348,9.325042897164687,62.587334573937376,-0.17534834882149883,7.4994230869248435,90.93267593149645
10.449999999999822,0.01,62.587334573937376,-0.36805105209350586,9.321399495899543,62.68058500290902,-0.17908147832503268,7.497669603436629,91.0076701623657
10.459999999999821,0.01,62.68058500290902,-0.37176012992858887,9.317718985378608,62.77379899786801,-0.18281293906263588,7.495878788653378,91.08264685840007
10.469999999999821,0.01,62.77379899786801,-0.37546664476394653,9.314001384079322,62.8669761877218,-0.18654269420629793,7.4940506592627525,91.1576056462866
10.479999999999821,0.01,62.8669761877218,-0.37917065620422363,9.310246717631683,62.960116201562585,-0.19027070694484186,7.49218523232069,91.23254615287922
10.48999999999982,0.01,62.960116201562585,-0.38287264108657837,9.306455011069641,63.0532186687389,-0.19399694048428598,7.490282525251241,91.30746800520242
10.49999999999982,0.01,63.0532186687389,-0.38657182455062866,9.302626284658775,63.1462832188496,-0.19772135804821003,7.4883425558463985,91.38237083045493
10.50999999999982,0.01,63.1462832188496,-0.39026880264282227,9.298760566413268,63.23930948169618,-0.20144392287811638,7.486365342265916,91.4572542560134
10.51999999999982,0.01,63.23930948169618,-0.393963098526001,9.29485787838684,63.33229708736031,-0.20516459823379346,7.484350903037135,91.53211790943605
10.52999999999982,0.01,63.33229708736031,-0.397655189037323,9.29091824740158,63.42524566614418,-0.2088833473936766,7.482299257054797,91.60696141846643
10.53999999999982,0.01,63.42524566614418,-0.40134429931640625,9.286941695511207,63.518154848618195,-0.2126001336552134,7.480210423580861,91.68178441103697
10.54999999999982,0.01,63.518154848618195,-0.4050310254096985,9.282928252518042,63.611024265573306,-0.2163149203352245,7.478084422244309,91.75658651527277
10.55999999999982,0.01,63.611024265573306,-0.40871524810791016,9.278877942263945,63.703853548098486,-0.22002767077026414,7.4759212730409565,91.83136735949522
10.569999999999819,0.01,63.703853548098486,-0.4123966693878174,9.274790789782866,63.79664232752113,-0.22373834831698486,7.473720996333254,91.90612657222563
10.579999999999819,0.01,63.79664232752113,-0.41607528924942017,9.270666823088987,63.88939023541895,-0.22744691635249734,7.4714836128500846,91.98086378218896
10.589999999999819,0.01,63.88939023541895,-0.4197513461112976,9.266506070196494,63.98209690364984,-0.2311533382747328,7.46920914368656,92.05557861831745
10.599999999999818,0.01,63.98209690364984,-0.42342448234558105,9.26230855673538,64.07476196435181,-0.23485757750280217,7.466897610303812,92.13027070975431
10.609999999999818,0.01,64.07476196435181,-0.42709481716156006,9.258074311911924,64.16738504991916,-0.23855959747736033,7.464549034528784,92.20493968585735
10.619999999999818,0.01,64.16738504991916,-0.4307626485824585,9.253803363740309,64.25996579303828,-0.2422593616609651,7.46216343855401,92.27958517620264
10.629999999999818,0.01,64.25996579303828,-0.43442708253860474,9.249495737254485,64.35250382667567,-0.24595683353843667,7.459740844937401,92.35420681058818
10.639999999999818,0.01,64.35250382667567,-0.4380890130996704,9.245151466429098,64.44499878404821,-0.24965197661722083,7.457281276602017,92.42880421903756
10.649999999999817,0.01,64.44499878404821,-0.44174808263778687,9.240770576298102,64.5374502987125,-0.2533447544277472,7.454784756835845,92.50337703180358
10.659999999999817,0.01,64.5374502987125,-0.4454037547111511,9.236353095471724,64.62985800447548,-0.2570351305237901,7.452251309291567,92.57792487937193
10.669999999999817,0.01,64.62985800447548,-0.4490567445755005,9.231899057924613,64.7222215354302,-0.26072306848282645,7.449680957986329,92.65244739246485
10.679999999999817,0.01,64.7222215354302,-0.45270687341690063,9.227408490478858,64.81454052600944,-0.26440853190639774,7.447073727301501,92.7269442020447
10.689999999999817,0.01,64.81454052600944,-0.45635342597961426,9.22288142174469,64.90681461091422,-0.26809148442046854,7.444429641982437,92.80141493931772
10.699999999999816,0.01,64.90681461091422,-0.45999687910079956,9.218317887484893,64.99904342513167,-0.2717718896757834,7.441748727138233,92.87585923573755
10.709999999999816,0.01,64.99904342513167,-0.46363770961761475,9.213717918693886,65.09122660400652,-0.2754497113482287,7.439031008241475,92.95027672300893
10.719999999999816,0.01,65.09122660400652,-0.46727490425109863,9.20908154159771,65.18336378319346,-0.2791249131391894,7.436276511127993,93.02466703309133
10.729999999999816,0.01,65.18336378319346,-0.47090935707092285,9.2044087925552,65.27545459860943,-0.28279745877590806,7.4334852619966005,93.09902979820261
10.739999999999815,0.01,65.27545459860943,-0.4745403528213501,9.19969969898449,65.36749868653497,-0.28646731201184084,7.430657287408842,93.17336465082258
10.749999999999815,0.01,65.36749868653497,-0.47816765308380127,9.194954295456277,65.45949568352482,-0.29013443662701843,7.427792614288723,93.24767122369667
10.759999999999815,0.01,65.45949568352482,-0.4817920923233032,9.19017261892544,65.55144522647939,-0.29379879642840195,7.424891269922453,93.32194914983955
10.769999999999815,0.01,65.55144522647939,-0.4854127764701843,9.185354698002206,65.64334695266864,-0.29746035525023834,7.421953281958169,93.39619806253877
10.779999999999815,0.01,65.64334695266864,-0.48903071880340576,9.180500570237504,65.73520049964866,-0.30111907695442086,7.418978678405667,93.47041759535836
10.789999999999814,0.01,65.73520049964866,-0.4926450848579407,9.17561026304947,65.82700550535102,-0.3047749254308434,7.415967487636123,93.54460738214242
10.799999999999814,0.01,65.82700550535102,-0.4962557554244995,9.17068381220089,65.91876160798152,-0.3084278645977579,7.412919738381815,93.61876705701877
10.809999999999814,0.01,65.91876160798152,-0.49986302852630615,9.165721254646645,66.01046844610353,-0.3120778584021285,7.409835459735837,93.69289625440258
10.819999999999814,0.01,66.01046844610353,-0.5034669041633606,9.160722624361382,66.10212565865,-0.3157248708199904,7.406714681151816,93.76699460899994
10.829999999999814,0.01,66.10212565865,-0.5070667862892151,9.155687955319749,66.1937328848936,-0.31936886585680396,7.403557432443616,93.84106175581145
10.839999999999813,0.01,66.1937328848936,-0.5106636881828308,9.150617287456857,66.2852897644468,-0.3230098075478082,7.400363743785048,93.9150973301359
10.849999999999813,0.01,66.2852897644468,-0.5142566561698914,9.145510650575028,66.37679593732136,-0.3266476599583793,7.39713364570957,93.98910096757375
10.859999999999813,0.01,66.37679593732136,-0.5178462862968445,9.14036808401333,66.46825104382711,-0.33028238718438224,7.393867169109987,94.06307230403084
10.869999999999813,0.01,66.46825104382711,-0.5214317440986633,9.135189621150362,66.55965472466724,-0.33391395335252755,7.390564345238143,94.13701097572194
10.879999999999812,0.01,66.55965472466724,-0.5250139236450195,9.129975303709376,66.65100662087875,-0.3375423226207221,7.387225205704618,94.21091661917431
10.889999999999812,0.01,66.65100662087875,-0.5285919904708862,9.124725164472926,66.74230637391584,-0.3411674591784265,7.383849782478411,94.28478887123136
10.899999999999812,0.01,66.74230637391584,-0.5321664810180664,9.119439244568216,66.83355362556057,-0.3447893272470071,7.380438107886627,94.35862736905614
10.909999999999812,0.01,66.83355362556057,-0.5357369184494019,9.114117579758036,66.92474801800626,-0.34840789108008713,7.376990214614157,94.432431750135
10.919999999999812,0.01,66.92474801800626,-0.5393036603927612,9.108760210573541,67.01588919380383,-0.35202311496390304,7.373506135703356,94.50620165228113
10.929999999999811,0.01,67.01588919380383,-0.542866587638855,9.103367173969614,67.10697679590956,-0.35563496321765503,7.369985904553717,94.57993671363816
10.939999999999811,0.01,67.10697679590956,-0.5464255809783936,9.097938508093225,67.19801046764925,-0.35924340019385803,7.366429554921541,94.6536365726837
10.949999999999811,0.01,67.19801046764925,-0.5499809384346008,9.092474252283441,67.28898985273018,-0.3628483902786965,7.362837120919602,94.7273008682329
10.95999999999981,0.01,67.28898985273018,-0.5535315275192261,9.086974442899095,67.37991459525301,-0.3664498978923734,7.359208637016815,94.8009292394421
10.96999999999981,0.01,67.37991459525301,-0.5570785403251648,9.081439127623902,67.470784339682,-0.3700478874894633,7.355544138037891,94.87452132581227
10.97999999999981,0.01,67.470784339682,-0.5606216788291931,9.07586834222065,67.56159873095824,-0.3736423235592605,7.351843659162997,94.94807676719265
10.98999999999981,0.01,67.56159873095824,-0.5641607046127319,9.070262125432357,67.65235741438045,-0.37723317062613243,7.3481072359274044,95.02159520378427
10.99999999999981,0.01,67.65235741438045,-0.5676950216293335,9.06462051838623,67.74306003563477,-0.3808203932498689,7.344334904221143,95.09507627614354
11.00999999999981,0.01,67.74306003563477,-0.5712260007858276,9.058943568169937,67.83370624081863,-0.3844039560260296,7.3405267002886445,95.16851962518575
11.01999999999981,0.01,67.83370624081863,-0.5747523307800293,9.05323130816208,67.92429567650032,-0.3879838235862974,7.336682660728385,95.24192489218863
11.02999999999981,0.01,67.92429567650032,-0.5782744288444519,9.047483784854279,68.01482798958195,-0.39155996059882464,7.332802822492522,95.31529171879592
11.039999999999809,0.01,68.01482798958195,-0.5817922949790955,9.041701040565835,68.10530282743049,-0.39513233176858326,7.328887222886534,95.38861974702084
11.049999999999809,0.01,68.10530282743049,-0.5853066444396973,9.035883117616043,68.19571983783615,-0.398700901837711,7.324935899568849,95.4619086192497
11.059999999999809,0.01,68.19571983783615,-0.588815450668335,9.030030051171646,68.28607866901231,-0.4022656355858625,7.320948890550472,95.53515797824538
11.069999999999808,0.01,68.28607866901231,-0.5923205614089966,9.024141896664963,68.37637896952403,-0.4058264978305553,7.3169262341946135,95.60836746715088
11.079999999999808,0.01,68.37637896952403,-0.5958214998245239,9.018218691050873,68.46662038849067,-0.40938345342751575,7.312867969216308,95.68153672949283
11.089999999999808,0.01,68.46662038849067,-0.5993176102638245,9.012260476052628,68.55680257540118,-0.41293646727102834,7.308774134682033,95.754665409185
11.099999999999808,0.01,68.55680257540118,-0.6028090715408325,9.00626729994999,68.6469251801617,-0.4164855042942811,7.304644770009323,95.82775315053182
11.109999999999808,0.01,68.6469251801617,-0.6062966585159302,9.000239209234582,68.7369878531612,-0.4200305294697118,7.30047991496638,95.90079959823191
11.119999999999807,0.01,68.7369878531612,-0.6097792387008667,8.994176242649424,68.82699024525354,-0.4235715078093521,7.296279609671683,95.97380439738157
11.129999999999807,0.01,68.82699024525354,-0.6132574677467346,8.988078450262416,68.91693200768003,-0.42710840436517594,7.29204389459359,96.04676719347829
11.139999999999807,0.01,68.91693200768003,-0.6167309284210205,8.981945875584948,69.00681279218266,-0.4306411842294427,7.287772810549939,96.11968763242422
11.149999999999807,0.01,69.00681279218266,-0.6202001571655273,8.975778566300738,69.0966322509385,-0.4341698125350403,7.2834663987076445,96.19256536052971
11.159999999999807,0.01,69.0966322509385,-0.6236645579338074,8.969576564729083,69.18639003660151,-0.4376942544558325,7.279124700582294,96.2654000245168
11.169999999999806,0.01,69.18639003660151,-0.6271243095397949,8.963339919149744,69.2760858022488,-0.4412144752070003,7.274747758037735,96.33819127152262
11.179999999999806,0.01,69.2760858022488,-0.6305794715881348,8.957068676054346,69.3657192014403,-0.4447304400453867,7.270335613285665,96.410938749103
11.189999999999806,0.01,69.3657192014403,-0.6340291500091553,8.950762881338465,69.45528988820084,-0.448242114269837,7.265888308885211,96.48364210523584
11.199999999999806,0.01,69.45528988820084,-0.6374751925468445,8.944422589838373,69.54479751701422,-0.4517494632215451,7.261405887742513,96.5563009883247
11.209999999999805,0.01,69.54479751701422,-0.6409159898757935,8.938047837912904,69.6342417429126,-0.45525245228439315,7.256888393110298,96.62891504720211
11.219999999999805,0.01,69.6342417429126,-0.6443514823913574,8.931638678014147,69.72362222129172,-0.45875104688529234,7.252335868587454,96.70148393113321
11.229999999999805,0.01,69.72362222129172,-0.6477823257446289,8.925195163190233,69.81293860807186,-0.4622452124945269,7.247748358118601,96.77400728981908
11.239999999999805,0.01,69.81293860807186,-0.6512084007263184,8.918717339932787,69.90219055970375,-0.46573491462609284,7.243125905993656,96.84648477340026
11.249999999999805,0.01,69.90219055970375,-0.654629647731781,8.912205255925524,69.99137773310308,-0.46922011883803966,7.238468556847395,96.9189160324602
11.259999999999804,0.01,69.99137773310308,-0.6580458879470825,8.905658959448207,70.08049978566233,-0.47270079073280763,7.233776355659015,96.99130071802867
11.269999999999804,0.01,70.08049978566233,-0.6614566445350647,8.899078500568736,70.1695563752568,-0.47617689595757096,7.229049347751687,97.06363848158526
11.279999999999804,0.01,70.1695563752568,-0.6648629307746887,8.892463934123386,70.2585471602625,-0.4796484002045749,7.2242875787921115,97.13592897506277
11.289999999999804,0.01,70.2585471602625,-0.6682640314102173,8.885815304815639,70.34747179960372,-0.4831152692114731,7.219491094790066,97.20817185085069
11.299999999999804,0.01,70.34747179960372,-0.6716598272323608,8.879132664501537,70.43632995265187,-0.4865774687616685,7.214659942097952,97.28036676179859
11.309999999999803,0.01,70.43632995265187,-0.6750506162643433,8.872416066229214,70.52512127929688,-0.4900349646846498,7.209794167410335,97.35251336121956
11.319999999999803,0.01,70.52512127929688,-0.6784366369247437,8.86566556006657,70.61384543995918,-0.4934877228563272,7.204893817763488,97.42461130289367
11.329999999999803,0.01,70.61384543995918,-0.6818166971206665,8.858881193697323,70.70250209555984,-0.49693570919937186,7.199958940534925,97.4966602410713
11.339999999999803,0.01,70.70250209555984,-0.6851920485496521,8.852063026726118,70.79109090749681,-0.5003788896835506,7.194989583442932,97.56865983047665
11.349999999999802,0.01,70.79109090749681,-0.6885620355606079,8.84521110624062,70.87961153776406,-0.5038172303260626,7.1899857945460965,97.64060972631107
11.359999999999802,0.01,70.87961153776406,-0.6919265985488892,8.838325485885015,70.96806364882647,-0.5072506971918729,7.184947622242836,97.71250958425652
11.369999999999802,0.01,70.96806364882647,-0.6952859163284302,8.831406219899526,71.05644690368533,-0.5106792563940502,7.179875115270917,97.78435906047895
11.379999999999802,0.01,71.05644690368533,-0.6986399292945862,8.824453360736241,71.14476096588432,-0.5141028740940997,7.174768322706977,97.85615781163166
11.389999999999802,0.01,71.14476096588432,-0.7019886374473572,8.817466961443296,71.23300549949168,-0.517521516502296,7.169627293966036,97.92790549485873
11.399999999999801,0.01,71.23300549949168,-0.705331563949585,8.810447075068822,71.32118016910611,-0.5209351498780193,7.164452078801013,97.9996017677984
11.409999999999801,0.01,71.32118016910611,-0.7086688876152039,8.803393759429326,71.4092846398568,-0.5243437405300859,7.1592427273022325,98.07124628858641
11.419999999999801,0.01,71.4092846398568,-0.712001621723175,8.796307070553175,71.4973185774511,-0.5277472548170831,7.153999289896932,98.14283871585943
11.4299999999998,0.01,71.4973185774511,-0.7153280973434448,8.789187054335942,71.58528164815662,-0.5311456591476977,7.148721817348761,98.21437870875839
11.4399999999998,0.01,71.58528164815662,-0.7186496257781982,8.782033773362508,71.67317351869998,-0.5345389199810515,7.143410360757285,98.28586592693188
11.4499999999998,0.01,71.67317351869998,-0.721964955329895,8.774847277104726,71.7609938564336,-0.5379270038270306,7.138064971557474,98.35730003053945
11.4599999999998,0.01,71.7609938564336,-0.7252746820449829,8.767627627551427,71.84874232920464,-0.5413098772466142,7.132685701519204,98.42868068025503
11.4699999999998,0.01,71.84874232920464,-0.7285792827606201,8.760374880730977,71.93641860548016,-0.5446875068522078,7.127272602746738,98.50000753727022
11.4799999999998,0.01,71.93641860548016,-0.7318778038024902,8.753089087903371,72.02402235428747,-0.5480598593079709,7.121825727678217,98.57128026329768
11.4899999999998,0.01,72.02402235428747,-0.7351706027984619,8.745770309865346,72.1115532451665,-0.5514269013301465,7.116345129085137,98.64249852057446
11.4999999999998,0.01,72.1115532451665,-0.7384580373764038,8.738418603837362,72.19901094826515,-0.5547885996873886,7.110830860071836,98.7136619718653
11.509999999999799,0.01,72.19901094826515,-0.7417395710945129,8.731034023463598,72.28639513430353,-0.5581449212010917,7.105282974074962,98.78477028046602
11.519999999999799,0.01,72.28639513430353,-0.7450153827667236,8.723616627752653,72.37370547453817,-0.5614958327457181,7.099701524862951,98.85582311020677
11.529999999999799,0.01,72.37370547453817,-0.7482848167419434,8.716166473924986,72.46094164081569,-0.5648413012491228,7.094086566535494,98.9268201254554
11.539999999999798,0.01,72.46094164081569,-0.7515485286712646,8.708683625757567,72.54810330555493,-0.5681812936928825,7.088438153523003,98.99776099112074
11.549999999999798,0.01,72.54810330555493,-0.7548068165779114,8.701168140470855,72.6351901418125,-0.5715157771126205,7.082756340586075,99.06864537265596
11.559999999999798,0.01,72.6351901418125,-0.7580588459968567,8.693620072305077,72.7222018232172,-0.5748447185983319,7.077041182814948,99.13947293606182
11.569999999999798,0.01,72.7222018232172,-0.7613048553466797,8.686039483845109,72.80913802394025,-0.5781680852947072,7.071292735628965,99.21024334788997
11.579999999999798,0.01,72.80913802394025,-0.7645451426506042,8.678426435291643,72.8959984187787,-0.5814858444014596,7.065511054776018,99.28095627524625
11.589999999999797,0.01,72.8959984187787,-0.7677791118621826,8.670780983865138,72.98278268313162,-0.5847979631736462,7.059696196332004,99.35161138579402
11.599999999999797,0.01,72.98278268313162,-0.7710074186325073,8.663103192746515,73.06949049297026,-0.5881044089219912,7.053848216700267,99.42220834775733
11.609999999999797,0.01,73.06949049297026,-0.7742291688919067,8.655393118560191,73.15612152489773,-0.5914051490132103,7.047967172611047,99.49274682992433
11.619999999999797,0.01,73.15612152489773,-0.7774450778961182,8.647650826871272,73.24267545608333,-0.5947001508703315,7.042053121120915,99.56322650165043
11.629999999999797,0.01,73.24267545608333,-0.7806549668312073,8.639876376092312,73.32915196435205,-0.597989381973017,7.036106119612212,99.63364703286165
11.639999999999796,0.01,73.32915196435205,-0.7838587760925293,8.632069826424,73.41555072811298,-0.6012728098578829,7.030126225792482,99.70400809405777
11.649999999999796,0.01,73.41555072811298,-0.7870560884475708,8.624231238663075,73.50187142637722,-0.6045504021188219,7.024113497693903,99.7743093563157
11.659999999999796,0.01,73.50187142637722,-0.7902472019195557,8.6163606777786,73.58811373876385,-0.6078221264073224,7.018067993672715,99.84455049129264
11.669999999999796,0.01,73.58811373876385,-0.7934318780899048,8.608458205759405,73.67427734554164,-0.6110879504327851,7.011989772408642,99.91473117122936
11.679999999999795,0.01,73.67427734554164,-0.7966105937957764,8.600523886978506,73.76036192759923,-0.6143478419628461,7.005878892904314,99.98485106895345
11.689999999999795,0.01,73.76036192759923,-0.7997829914093018,8.592557781040549,73.84636716646902,-0.6176017688236921,6.999735414484686,100.05490985788249
11.699999999999795,0.01,73.84636716646902,-0.8029487133026123,8.584559951126456,73.93229274427942,-0.620849698900379,6.993559396796449,100.12490721202734
11.709999999999795,0.01,73.93229274427942,-0.8061083555221558,8.57653046399343,74.01813834379068,-0.6240916001371473,6.987350899807446,100.19484280599531
11.719999999999795,0.01,74.01813834379068,-0.8092613220214844,8.56846938043821,74.10390364843062,-0.6273274405377409,6.981109983806074,100.26471631499338
11.729999999999794,0.01,74.10390364843062,-0.8124077320098877,8.560376767217994,74.189588342235,-0.6305571881657223,6.974836709400697,100.33452741483144
11.739999999999794,0.01,74.189588342235,-0.8155484795570374,8.552252689897895,74.27519210990718,-0.633780811144785,6.96853113751904,100.40427578192545
11.749999999999794,0.01,74.27519210990718,-0.818682074546814,8.544097205102325,74.36071463680616,-0.6369982776590722,6.962193329407593,100.47396109330064
11.759999999999794,0.01,74.36071463680616,-0.8218089938163757,8.535910384356857,74.44615560885718,-0.6402095559534887,6.955823346631003,100.54358302659472
11.769999999999794,0.01,74.44615560885718,-0.8249296545982361,8.527692294418694,74.53151471270075,-0.6434146143340135,6.949421251071468,100.61314126006103
11.779999999999793,0.01,74.53151471270075,-0.8280434012413025,8.519442997872712,74.61679163564494,-0.6466134211680147,6.942987104928128,100.68263547257175
11.789999999999793,0.01,74.61679163564494,-0.831151008605957,8.5111625638603,74.70198606562367,-0.6498059448845601,6.936520970716448,100.75206534362103
11.799999999999793,0.01,74.70198606562367,-0.8342515230178833,8.50285105377424,74.78709769126228,-0.65299215397473,6.930022911267603,100.82143055332818
11.809999999999793,0.01,74.78709769126228,-0.8373457193374634,8.49450853854406,74.87212620180001,-0.6561720169919262,6.923492989727856,100.89073078244085
11.819999999999792,0.01,74.87212620180001,-0.84043288230896,8.486135081350685,74.95707128718546,-0.6593455025521849,6.916931269557937,100.95996571233813
11.829999999999792,0.01,74.95707128718546,-0.8435134291648865,8.477730752527595,75.04193263799897,-0.6625125793344854,6.910337814532415,101.02913502503371
11.839999999999792,0.01,75.04193263799897,-0.8465870022773743,8.469295618235947,75.12670994552424,-0.6656732160810571,6.903712688739071,101.09823840317904
11.849999999999792,0.01,75.12670994552424,-0.8496541380882263,8.460829748213174,75.21140290170659,-0.6688273815976923,6.89705595657826,101.16727553006643
11.859999999999792,0.01,75.21140290170659,-0.8527141809463501,8.452333206832291,75.29601119918873,-0.6719750447540503,6.8903676827622835,101.23624608963222
11.869999999999791,0.01,75.29601119918873,-0.8557677268981934,8.443806065022828,75.38053453125704,-0.6751161744839674,6.8836479323147435,101.30514976645983
11.879999999999791,0.01,75.38053453125704,-0.8588136434555054,8.435248387753846,75.46497259190727,-0.6782507397857601,6.876896770569904,101.37398624578299
11.889999999999791,0.01,75.46497259190727,-0.8618532419204712,8.42666025131929,75.54932507578481,-0.6813787097225347,6.870114263172047,101.44275521348868
11.89999999999979,0.01,75.54932507578481,-0.8648859262466431,8.418041718900087,75.633591678298,-0.6845000534224915,6.863300476074822,101.5114563561204
11.90999999999979,0.01,75.633591678298,-0.8679113984107971,8.40939285963762,75.717772095487,-0.6876147400792272,6.8564554755405975,101.58008936088115
11.91999999999979,0.01,75.717772095487,-0.8709301352500916,8.400713745653512,75.80186602408338,-0.6907227389520425,6.849579328139805,101.64865391563654
11.92999999999979,0.01,75.80186602408338,-0.8739415407180786,8.392004444301012,75.88587316153992,-0.6938240193662432,6.842672100750285,101.71714970891794
11.93999999999979,0.01,75.88587316153992,-0.8769455552101135,8.383265028893831,75.96979320598292,-0.696918550713444,6.835733860556623,101.78557642992544
11.94999999999979,0.01,75.96979320598292,-0.8799431324005127,8.374495573341731,76.05362585627186,-0.7000063024518692,6.828764675049489,101.85393376853101
11.95999999999979,0.01,76.05362585627186,-0.8829330801963806,8.365696142017725,76.13737081200529,-0.703087244106656,6.82176461202497,101.9222214152815
11.96999999999979,0.01,76.13737081200529,-0.8859162330627441,8.356866811215761,76.22102777342546,-0.7061613452701545,6.814733739583904,101.99043906140174
11.979999999999789,0.01,76.22102777342546,-0.8888916969299316,8.348007648885135,76.30459644153761,-0.7092285756022266,6.8076721261312025,102.05858639879759
11.989999999999789,0.01,76.30459644153761,-0.8918604850769043,8.339118731915836,76.38807651802647,-0.7122889048305474,6.80057984037518,102.1266631200589
11.999999999999789,0.01,76.38807651802647,-0.89482182264328,8.330200127065067,76.47146770534562,-0.7153423027509028,6.793456951326875,102.19466891846264
12.009999999999788,0.01,76.47146770534562,-0.8977757692337036,8.321251908838635,76.55476970661627,-0.718388739227489,6.786303528299366,102.26260348797591
12.019999999999788,0.01,76.55476970661627,-0.9007226228713989,8.312274151146298,76.63798222570466,-0.7214281841932065,6.7791196409070915,102.3304665232589
12.029999999999788,0.01,76.63798222570466,-0.9036620855331421,8.303266924917583,76.72110496721612,-0.7244606076499615,6.771905359065159,102.39825771966798
12.039999999999788,0.01,76.72110496721612,-0.9065942168235779,8.294230304062252,76.8041376364653,-0.7274859796689584,6.76466075298866,102.46597677325863
12.049999999999788,0.01,76.8041376364653,-0.9095188975334167,8.285164361894015,76.88707993950592,-0.7305042703909967,6.75738589319197,102.53362338078851
12.059999999999787,0.01,76.88707993950592,-0.9124364852905273,8.276069172918682,76.96993158312486,-0.7335154500267654,6.750080850488061,102.60119723972043
12.069999999999787,0.01,76.96993158312486,-0.9153461456298828,8.266944808065777,77.05269227485405,-0.7365194888571375,6.742745695987794,102.66869804822531
12.079999999999787,0.01,77.05269227485405,-0.9182484149932861,8.257791346609478,77.1353617229347,-0.7395163572334627,6.735380501099223,102.73612550518519
12.089999999999787,0.01,77.1353617229347,-0.9211434125900269,8.248608862459545,77.2179396364008,-0.7425060255778592,6.7279853375268885,102.80347931019618
12.099999999999786,0.01,77.2179396364008,-0.9240304231643677,8.239397428333644,77.30042572502539,-0.7454884643835078,6.72056027727111,102.87075916357145
12.109999999999786,0.01,77.30042572502539,-0.9269105792045593,8.230157124102002,77.38281969930873,-0.7484636442149423,6.713105392627275,102.93796476634417
12.119999999999786,0.01,77.38281969930873,-0.9297826290130615,8.220888018309957,77.46512127054974,-0.7514315357083377,6.705620756185126,103.00509582027044
12.129999999999786,0.01,77.46512127054974,-0.9326473474502563,8.211590192019827,77.54733015073285,-0.7543921095718037,6.698106440828043,103.07215202783229
12.139999999999786,0.01,77.54733015073285,-0.9355041980743408,8.202263718545325,77.62944605265304,-0.7573453365856718,6.690562519732325,103.13913309224057
12.149999999999785,0.01,77.62944605265304,-0.938353955745697,8.192908676564581,77.71146868983848,-0.760291187602783,6.682989066366468,103.20603871743789
12.159999999999785,0.01,77.71146868983848,-0.9411951899528503,8.183525137007125,77.79339777660412,-0.7632296335487774,6.6753861544904405,103.27286860810156
12.169999999999785,0.01,77.79339777660412,-0.9440294504165649,8.174113185107597,77.87523302797419,-0.7661606454223796,6.667753858154953,103.33962246964646
12.179999999999785,0.01,77.87523302797419,-0.9468554258346558,8.164672890603432,77.95697415982526,-0.7690841942956865,6.660092251700729,103.406300008228
12.189999999999785,0.01,77.95697415982526,-0.9496737718582153,8.155204336345086,78.0386208887313,-0.7720002513144499,6.652401409757773,103.47290093074501
12.199999999999784,0.01,78.0386208887313,-0.9524847269058228,8.145707598626505,78.12017293209475,-0.7749087876983648,6.6446814072446285,103.5394249448426
12.209999999999784,0.01,78.12017293209475,-0.9552867412567139,8.136182751357447,78.20163000808101,-0.7778097747413517,6.636932319367645,103.60587175891504
12.219999999999784,0.01,78.20163000808101,-0.958081841468811,8.12662988394488,78.28299183559459,-0.7807031838118387,6.629154221620231,103.67224108210871
12.229999999999784,0.01,78.28299183559459,-0.9608690142631531,8.11704906553019,78.36425813443404,-0.7835889863530471,6.621347189782113,103.73853262432492
12.239999999999783,0.01,78.36425813443404,-0.9636480212211609,8.10744037538756,78.44542862508933,-0.7864671538832706,6.613511299918582,103.80474609622274
12.249999999999783,0.01,78.44542862508933,-0.9664190411567688,8.097803895175348,78.52650302884321,-0.7893376579961583,6.60564662837975,103.87088120922193
12.259999999999783,0.01,78.52650302884321,-0.9691823720932007,8.08813970476378,78.60748106779496,-0.7922004703609923,6.597753251799789,103.93693767550573
12.269999999999783,0.01,78.60748106779496,-0.971937894821167,8.078447881042848,78.6883624648426,-0.7950555627229711,6.589831247096179,104.00291520802372
12.279999999999783,0.01,78.6883624648426,-0.9746850728988647,8.068728502094636,78.76914694365303,-0.797902906903486,6.58188069146895,104.06881352049469
12.289999999999782,0.01,78.76914694365303,-0.9774237871170044,8.058981651365647,78.84983422867397,-0.8007424748003985,6.573901662399915,104.13463232740938
12.299999999999782,0.01,78.84983422867397,-0.9801552295684814,8.049207413494477,78.93042404518762,-0.8035742383883205,6.565894237651911,104.20037134403337
12.309999999999782,0.01,78.93042404518762,-0.9828780889511108,8.039405861198793,79.01091611932256,-0.8063981697188883,6.557858495268028,104.26603028640989
12.319999999999782,0.01,79.01091611932256,-0.9855929613113403,8.029577080309283,79.09131017793455,-0.8092142409210406,6.5497945135708395,104.33160887136256
12.329999999999782,0.01,79.09131017793455,-0.988299548625946,8.019721150696169,79.17160594873764,-0.8120224242012902,6.541702371161629,104.39710681649827
12.339999999999781,0.01,79.17160594873764,-0.9909979104995728,8.00983815520991,79.25180316024459,-0.8148226918440027,6.533582146919617,104.46252384020988
12.349999999999781,0.01,79.25180316024459,-0.9936883449554443,7.9999281761049135,79.33190154179668,-0.817615016211667,6.525433920001177,104.52785966167907
12.359999999999781,0.01,79.33190154179668,-0.9963701367378235,7.989991292655359,79.41190082355773,-0.8203993697451684,6.517257769839061,104.59311400087908
12.36999999999978,0.01,79.41190082355773,-0.9990440607070923,7.980027591287981,79.49180073648428,-0.8231757249640618,6.509053776141609,104.65828657857747
12.37999999999978,0.01,79.49180073648428,-1.0017099380493164,7.97003715068091,79.57160101239715,-0.825944054466842,6.500822018891969,104.7233771163389
12.38999999999978,0.01,79.57160101239715,-1.0043671131134033,7.960020051300417,79.65130138390396,-0.8287043309312151,6.492562578347301,104.78838533652781
12.39999999999978,0.01,79.65130138390396,-1.0070159435272217,7.949976380169283,79.73090158441696,-0.8314565271143658,6.484275535037989,104.85331096231128
12.40999999999978,0.01,79.73090158441696,-1.009656548500061,7.939906220734011,79.81040134821865,-0.8342006158532292,6.475960969766846,104.91815371766167
12.41999999999978,0.01,79.81040134821865,-1.0122888088226318,7.929809655249011,79.88980041042599,-0.836936570064758,6.467618963608314,104.98291332735934
12.42999999999978,0.01,79.88980041042599,-1.0149123668670654,7.919686767160785,79.96909850697848,-0.8396643627461875,6.459249597907666,105.04758951699543
12.43999999999978,0.01,79.96909850697848,-1.01752769947052,7.909537643492115,80.0482953746501,-0.8423839669753058,6.450852954280204,105.1121820129745
12.449999999999779,0.01,80.0482953746501,-1.020134687423706,7.89936236649741,80.12739075108502,-0.845095355910717,6.4424291146104515,105.1766905425173
12.459999999999779,0.01,80.12739075108502,-1.0227328538894653,7.889161019623173,80.20638437474999,-0.8477985027921074,6.4339781610513445,105.2411148336634
12.469999999999779,0.01,80.20638437474999,-1.0253227949142456,7.878933691084279,80.28527598494622,-0.8504933809405079,6.425500176023424,105.30545461527392
12.479999999999778,0.01,80.28527598494622,-1.0279037952423096,7.868680463135137,80.36406532185707,-0.8531799637585593,6.416995242214019,105.36970961703415
12.489999999999778,0.01,80.36406532185707,-1.0304768085479736,7.858401425182714,80.44275212648841,-0.8558582247307743,6.4084634425764335,105.43387956945628
12.499999999999778,0.01,80.44275212648841,-1.033041000366211,7.848096657097234,80.52133614074025,-0.8585281374237977,6.3999048603291255,105.49796420388205
12.509999999999778,0.01,80.52133614074025,-1.035596489906311,7.8377662470935725,80.59981710731121,-0.8611896754866694,6.391319578954888,105.56196325248534
12.519999999999778,0.01,80.59981710731121,-1.0381431579589844,7.82741028219451,80.67819476978214,-0.8638428126510831,6.382707682200021,105.6258764482749
12.529999999999777,0.01,80.67819476978214,-1.0406813621520996,7.81702885061492,80.75646887260409,-0.8664875227316466,6.37406925407351,105.68970352509689
12.539999999999777,0.01,80.75646887260409,-1.043210744857788,7.806622036993399,80.83463916111023,-0.8691237796261385,6.365404378846194,105.75344421763762
12.549999999999777,0.01,80.83463916111023,-1.0457319021224976,7.796189929544822,80.91270538148017,-0.8717515573157678,6.356713141049933,105.81709826142608
12.559999999999777,0.01,80.91270538148017,-1.0482436418533325,7.785732610523596,80.99066728077561,-0.8743708298654298,6.347995625476775,105.88066539283658
12.569999999999776,0.01,80.99066728077561,-1.050747036933899,7.7752501741050635,81.06852460688084,-0.8769815714239614,6.339251917178121,105.94414534909134
12.579999999999776,0.01,81.06852460688084,-1.0532417297363281,7.764742703735725,81.14627710862189,-0.8795837562243977,6.330482101463882,106.00753786826313
12.589999999999776,0.01,81.14627710862189,-1.0557276010513306,7.7542102864383615,81.22392453565925,-0.8821773585842255,6.321686263901638,106.07084268927777
12.599999999999776,0.01,81.22392453565925,-1.0582045316696167,7.743653010427848,81.30146663852364,-0.8847623529056359,6.312864490315796,106.13405955191678
12.609999999999776,0.01,81.30146663852364,-1.060672402381897,7.733070965111152,81.37890316862791,-0.8873387136757791,6.30401686678674,106.19718819681994
12.619999999999775,0.01,81.37890316862791,-1.063131332397461,7.722464241087334,81.45623387827902,-0.8899064154670141,6.295143479649982,106.2602283654878
12.629999999999775,0.01,81.45623387827902,-1.0655815601348877,7.711832927763359,81.53345852068989,-0.8924654329371615,6.286244415495313,106.32317980028431
12.639999999999775,0.01,81.53345852068989,-1.0680227279663086,7.70117711216201,81.61057684996753,-0.8950157408297513,6.277319761165941,106.38604224443925
12.649999999999775,0.01,81.61057684996753,-1.0704551935195923,7.690496884882347,81.68758862108915,-0.8975573139742743,6.268369603757644,106.44881544205091
12.659999999999775,0.01,81.68758862108915,-1.0728788375854492,7.679792332947152,81.76449358993797,-0.90009012728643,6.2593940306179014,106.5114991380885
12.669999999999774,0.01,81.76449358993797,-1.0752930641174316,7.669063544571297,81.84129151326744,-0.9026141557683731,6.250393129345038,106.57409307839467
12.679999999999774,0.01,81.84129151326744,-1.0776983499526978,7.658310613930123,81.91798214871315,-0.9051293745089616,6.241366987787354,106.63659700968812
12.689999999999774,0.01,81.91798214871315,-1.080094575881958,7.647533630430596,81.99456525485245,-0.9076357586840021,6.232315694042265,106.69901067956599
12.699999999999774,0.01,81.99456525485245,-1.0824817419052124,7.6367326846717765,82.07104059115674,-0.910133283556495,6.223239336455426,106.76133383650641
12.709999999999773,0.01,82.07104059115674,-1.084859848022461,7.6259078672527245,82.14740791800347,-0.9126219244768773,6.214138003619861,106.82356622987096
12.719999999999773,0.01,82.14740791800347,-1.087228775024414,7.6150592687725,82.22366699667599,-0.9151016568832683,6.205011784375093,106.88570760990716
12.729999999999773,0.01,82.22366699667599,-1.0895888805389404,7.604186981022256,82.29981758936371,-0.9175724563017102,6.19586076780626,106.94775772775091
12.739999999999773,0.01,82.29981758936371,-1.0919389724731445,7.593291092216867,82.37585945917394,-0.9200342983464103,6.186685043243243,107.00971633542898
12.749999999999773,0.01,82.37585945917394,-1.0942808389663696,7.582371702492136,82.4517923700961,-0.9224871587199812,6.17748470025978,107.07158318586141
12.759999999999772,0.01,82.4517923700961,-1.0966131687164307,7.571428894102472,82.52761608712102,-0.9249310132136817,6.16825982867258,107.13335803286401
12.769999999999772,0.01,82.52761608712102,-1.0989357233047485,7.560462762415308,82.60333037606205,-0.9273658377076541,6.159010518540444,107.19504063115073
12.779999999999772,0.01,82.60333037606205,-1.101250171661377,7.549473405182261,82.67893500368619,-0.9297916081711648,6.149736860163367,107.25663073633613
12.789999999999772,0.01,82.67893500368619,-1.103554368019104,7.538460903465648,82.75442973773801,-0.932208300662837,6.140438944081656,107.31812810493777
12.799999999999772,0.01,82.75442973773801,-1.105849027633667,7.527425359785457,82.82981434677266,-0.9346158913308922,6.131116861075028,107.37953249437858
12.809999999999771,0.01,82.82981434677266,-1.1081352233886719,7.51636686950912,82.90508860037052,-0.9370143564133824,6.121770702161719,107.44084366298932
12.819999999999771,0.01,82.90508860037052,-1.110411524772644,7.505285517275234,82.9802522690656,-0.9394036722384258,6.112400558597585,107.50206137001094
12.829999999999771,0.01,82.9802522690656,-1.1126790046691895,7.4941814020275075,83.05530512423836,-0.9417838152244397,6.103006521875201,107.56318537559692
12.83999999999977,0.01,83.05530512423836,-1.1149365901947021,7.4830546119808155,83.13024693825864,-0.9441547618803735,6.093588683722957,107.62421544081566
12.84999999999977,0.01,83.13024693825864,-1.1171846389770508,7.471905246078869,83.20507748437845,-0.9465164888059417,6.0841471361041535,107.68515132765289
12.85999999999977,0.01,83.20507748437845,-1.119423747062683,7.460733399689099,83.27979653683924,-0.9488689726918519,6.074681971216094,107.74599279901393
12.86999999999977,0.01,83.27979653683924,-1.1216528415679932,7.449539162218472,83.35440387083614,-0.9512121903200383,6.065193281489176,107.8067396187261
12.87999999999977,0.01,83.35440387083614,-1.1238727569580078,7.438322633802793,83.42889926245832,-0.9535461185638889,6.055681159585975,107.86739155154099
12.88999999999977,0.01,83.42889926245832,-1.1260830163955688,7.427083906233213,83.50328248879634,-0.9558707343884744,6.046145698400337,107.92794836313685
12.89999999999977,0.01,83.50328248879634,-1.128284215927124,7.415823076069257,83.57755332785868,-0.9581860148507749,6.036586991056452,107.98840982012085
12.90999999999977,0.01,83.57755332785868,-1.1304752826690674,7.404540233909986,83.65171155861937,-0.960491937099907,6.027005130907944,108.04877569003142
12.919999999999769,0.01,83.65171155861937,-1.1326570510864258,7.393235481083296,83.72575696095846,-0.9627884783773497,6.017400211536945,108.1090457413405
12.929999999999769,0.01,83.72575696095846,-1.134829044342041,7.381908910572432,83.7996893157693,-0.9650756160171663,6.007772326753171,108.16921974345587
12.939999999999769,0.01,83.7996893157693,-1.1369915008544922,7.3705606201290115,83.87350840487503,-0.9673533274462325,5.998121570593,108.2292974667234
12.949999999999768,0.01,83.87350840487503,-1.139144778251648,7.359190705120467,83.94721401107631,-0.969621590184456,5.988448037318538,108.28927868242933
12.959999999999768,0.01,83.94721401107631,-1.1412878036499023,7.34779925733795,84.02080591812752,-0.9718803818449995,5.978751821416693,108.34916316280251
12.969999999999768,0.01,84.02080591812752,-1.1434211730957031,7.336386379301452,84.0942839107009,-0.9741296801345007,5.969033017598243,108.40895068101668
12.979999999999768,0.01,84.0942839107009,-1.1455450057983398,7.324952167570495,84.16764777449391,-0.976369462853294,5.959291720796899,108.46864101119266
12.989999999999768,0.01,84.16764777449391,-1.147659182548523,7.313496717512511,84.24089729616962,-0.9785997078956288,5.949528026168366,108.52823392840062
12.999999999999767,0.01,84.24089729616962,-1.149763584136963,7.302020125687027,84.31403226334474,-0.9808203932498853,5.93974202908941,108.58772920866231
13.009999999999767,0.01,84.31403226334474,-1.1518583297729492,7.2905224898456575,84.38705246460161,-0.9830314969987968,5.929933825156911,108.6471266289532
13.019999999999767,0.01,84.38705246460161,-1.1539431810379028,7.279003906547929,84.45995768950006,-0.9852329973196614,5.920103510186923,108.70642596720477
13.029999999999767,0.01,84.45995768950006,-1.1560182571411133,7.26746447473755,84.53274772856554,-0.98742487248456,5.910251180213726,108.76562700230663
13.039999999999766,0.01,84.53274772856554,-1.1580836772918701,7.255904292166139,84.60542237331292,-0.9896071008605696,5.900376931488881,108.82472951410877
13.049999999999766,0.01,84.60542237331292,-1.1601386070251465,7.2443234553932205,84.67798141623457,-0.991779660909977,5.890480860480276,108.88373328342365
13.059999999999766,0.01,84.67798141623457,-1.1621841192245483,7.2327220693229695,84.7504246507885,-0.9939425311904925,5.880563063871176,108.94263809202846
13.069999999999766,0.01,84.7504246507885,-1.164219856262207,7.221100228130724,84.82275187148173,-0.9960956903554581,5.870623638559271,109.00144372266718
13.079999999999766,0.01,84.82275187148173,-1.1662458181381226,7.209458029568102,84.89496287376303,-0.9982391171540627,5.860662681655717,109.06014995905277
13.089999999999765,0.01,84.89496287376303,-1.1682615280151367,7.197795571386721,84.96705745405872,-1.0003727904315494,5.850680290484177,109.11875658586932
13.099999999999765,0.01,84.96705745405872,-1.170267105102539,7.18611295610657,85.03903540977258,-1.0024966891294242,5.840676562579861,109.17726338877416
13.109999999999765,0.01,85.03903540977258,-1.1722630262374878,7.174410285055545,85.11089653933364,-1.0046107922856644,5.830651595688567,109.23567015439997
13.119999999999765,0.01,85.11089653933364,-1.174248456954956,7.162687654793171,85.1826406421842,-1.0067150790349253,5.820605487765711,109.29397667035686
13.129999999999765,0.01,85.1826406421842,-1.176224708557129,7.150945170223621,85.25426751873212,-1.0088095286087468,5.810538336975362,109.35218272523451
13.139999999999764,0.01,85.25426751873212,-1.1781907081604004,7.13918292313805,85.32577697043436,-1.0108941203357564,5.8004502416892745,109.41028810860426
13.149999999999764,0.01,85.32577697043436,-1.180146336555481,7.127401016056447,85.39716879966574,-1.0129688336418754,5.790341300485917,109.46829261102116
13.159999999999764,0.01,85.39716879966574,-1.1820918321609497,7.115599552690892,85.4684428098263,-1.0150336480505213,5.780211612149499,109.526196024026
13.169999999999764,0.01,85.4684428098263,-1.1840277910232544,7.103778634369283,85.53959880535321,-1.0170885431828094,5.7700612756689935,109.5839981401475
13.179999999999763,0.01,85.53959880535321,-1.1859532594680786,7.091938356459051,85.6106365916969,-1.0191334987577543,5.759890390237166,109.64169875290419
13.189999999999763,0.01,85.6106365916969,-1.187868595123291,7.08007882386437,85.68155597526149,-1.0211684945924702,5.749699055249589,109.69929765680656
13.199999999999763,0.01,85.68155597526149,-1.1897737979888916,7.068200137913137,85.75235676350013,-1.0231935106023704,5.739487370303664,109.75679464735906
13.209999999999763,0.01,85.75235676350013,-1.19166898727417,7.056302399933248,85.82303876487926,-1.0252085268013629,5.72925543519764,109.81418952106209
13.219999999999763,0.01,85.82303876487926,-1.1935542821884155,7.0443857100605065,85.89360178887858,-1.0272135233020523,5.7190033499296264,109.87148207541406
13.229999999999762,0.01,85.89360178887858,-1.1954288482666016,7.032450167238623,85.96404564597918,-1.0292084803159325,5.7087312146966065,109.92867210891336
13.239999999999762,0.01,85.96404564597918,-1.1972930431365967,7.020495878755957,86.03437014765157,-1.031193378153583,5.698439129893448,109.98575942106032
13.249999999999762,0.01,86.03437014765157,-1.1991475820541382,7.008522948324591,86.10457510643913,-1.0331681972248634,5.688127196111912,110.04274381235926
13.259999999999762,0.01,86.10457510643913,-1.2009913921356201,6.99653147250405,86.17466033592237,-1.0351329180391071,5.677795514139664,110.09962508432038
13.269999999999762,0.01,86.17466033592237,-1.2028253078460693,6.984521558582694,86.24462565064741,-1.0370875212053132,5.667444184959273,110.15640303946178
13.279999999999761,0.01,86.24462565064741,-1.2046486139297485,6.9724933055042335,86.31447086623324,-1.0390319874323364,5.65707330974722,110.21307748131137
13.289999999999761,0.01,86.31447086623324,-1.206462025642395,6.960446819364936,86.38419579928828,-1.0409662975290808,5.646682989872898,110.26964821440885
13.299999999999761,0.01,86.38419579928828,-1.2082645893096924,6.948382199108512,86.45380026748192,-1.0428904324046864,5.636273326897607,110.32611504430757
13.30999999999976,0.01,86.45380026748192,-1.2100571393966675,6.936299553215416,86.52328408947301,-1.0448043730687189,5.62584442257356,110.38247777757654
13.31999999999976,0.01,86.52328408947301,-1.2118393182754517,6.9241989818214496,86.59264708500517,-1.0467081006313566,5.615396378842873,110.43873622180227
13.32999999999976,0.01,86.59264708500517,-1.213611125946045,6.912080588638696,86.66188907482338,-1.048601596303577,5.60492929783656,110.4948901855907
13.33999999999976,0.01,86.66188907482338,-1.2153723239898682,6.899944477379235,86.73100988070976,-1.050484841397343,5.594443281873525,110.55093947856906
13.34999999999976,0.01,86.73100988070976,-1.21712327003479,6.887790754139337,86.80000932548356,-1.0523578173257846,5.583938433459552,110.6068839113878
13.35999999999976,0.01,86.80000932548356,-1.2188637256622314,6.875619521438989,86.86888723302495,-1.054220505603386,5.573414855286294,110.66272329572239
13.36999999999976,0.01,86.86888723302495,-1.2205939292907715,6.8634308841823675,86.93764342823934,-1.056072887846166,5.56287265023026,110.71845744427524
13.37999999999976,0.01,86.93764342823934,-1.2223131656646729,6.85122494488946,87.00627773708116,-1.0579149457718597,5.552311921351799,110.77408617077755
13.389999999999759,0.01,87.00627773708116,-1.2240225076675415,6.839001813232814,87.07478998653005,-1.059746661200099,5.541732771894081,110.82960928999107
13.399999999999759,0.01,87.07478998653005,-1.225720763206482,6.826761588156139,87.14318000466237,-1.0615680160525922,5.53113530528208,110.88502661771001
13.409999999999759,0.01,87.14318000466237,-1.2274092435836792,6.814504380524075,87.21144762054394,-1.0633789923533024,5.520519625121555,110.94033797076283
13.419999999999758,0.01,87.21144762054394,-1.2290865182876587,6.802230288088238,87.27959266434918,-1.0651795722286241,5.5098858351980216,110.99554316701403
13.429999999999758,0.01,87.27959266434918,-1.2307535409927368,6.789939422905362,87.34761496723006,-1.066969737907561,5.499234039475736,111.05064202536602
13.439999999999758,0.01,87.34761496723006,-1.2324098348617554,6.777631887495435,87.41551436145912,-1.0687494717219008,5.4885643420966606,111.10563436576078
13.449999999999758,0.01,87.41551436145912,-1.234055519104004,6.765307789146817,87.48329068033406,-1.0705187561063891,5.4778768473794415,111.16052000918174
13.459999999999757,0.01,87.48329068033406,-1.2356908321380615,6.752967233955777,87.55094375822553,-1.0722775735989034,5.467171659818378,111.21529877765553
13.469999999999757,0.01,87.55094375822553,-1.2373154163360596,6.740610325634397,87.61847343056509,-1.074025906840625,5.4564488840823895,111.26997049425371
13.479999999999757,0.01,87.61847343056509,-1.2389289140701294,6.7282371714710365,87.68587953382143,-1.0757637385762113,5.4457086250139835,111.32453498309454
13.489999999999757,0.01,87.68587953382143,-1.2405328750610352,6.715847882330335,87.75316190553615,-1.0774910516539635,5.434950987628222,111.37899206934468
13.499999999999757,0.01,87.75316190553615,-1.2421255111694336,6.703442553579725,87.82032038435945,-1.0792078290259997,5.4241760771116825,111.43334157922095
13.509999999999756,0.01,87.82032038435945,-1.2437069416046143,6.691021298468031,87.88735480989524,-1.0809140537484199,5.4133839988214225,111.48758333999207
13.519999999999756,0.01,87.88735480989524,-1.2452783584594727,6.678584229051985,87.95426502287992,-1.082609708981475,5.402574858283939,111.54171717998028
13.529999999999756,0.01,87.95426502287992,-1.2468385696411133,6.666131445467391,88.02105086517044,-1.0842947779897327,5.391748761194124,111.59574292856313
13.539999999999756,0.01,88.02105086517044,-1.2483887672424316,6.65366305977098,88.08771217962511,-1.085969244142242,5.380905813414227,111.64966041617507
13.549999999999756,0.01,88.08771217962511,-1.2499277591705322,6.641179172098556,88.15424881022282,-1.0876330909126983,5.3700461209728045,111.7034694743092
13.559999999999755,0.01,88.15424881022282,-1.2514562606811523,6.628679894506851,88.2206606019438,-1.0892863018796048,5.359169790063678,111.75716993551893
13.569999999999755,0.01,88.2206606019438,-1.2529734373092651,6.6161653319000395,88.28694740088888,-1.0909288607264376,5.348276927044882,111.81076163341956
13.579999999999755,0.01,88.28694740088888,-1.2544801235198975,6.603635597526947,88.35310905420788,-1.0925607512418034,5.337367638437618,111.86424440269
13.589999999999755,0.01,88.35310905420788,-1.2559763193130493,6.591090796291748,88.41914541018315,-1.0941819573196019,5.3264420309252,111.91761807907439
13.599999999999755,0.01,88.41914541018315,-1.2574610710144043,6.578531033098618,88.48505631814606,-1.0957924629591838,5.3155002113520045,111.97088249938363
13.609999999999754,0.01,88.48505631814606,-1.2589350938796997,6.565956422388474,88.55084162847704,-1.0973922522655086,5.304542286722413,112.02403750149715
13.619999999999754,0.01,88.55084162847704,-1.2603986263275146,6.553367071449678,88.61650119270092,-1.0989813094493015,5.293568364199758,112.07708292436438
13.629999999999754,0.01,88.61650119270092,-1.2618513107299805,6.540763085186403,88.68203486341542,-1.1005596188272093,5.282578551105265,112.13001860800637
13.639999999999754,0.01,88.68203486341542,-1.263292670249939,6.528144572079103,88.74744249426729,-1.1021271648219562,5.271572954916993,112.18284439351741
13.649999999999753,0.01,88.74744249426729,-1.264723300933838,6.515511645376605,88.81272393998808,-1.103683931962496,5.260551683268774,112.23556012306658
13.659999999999753,0.01,88.81272393998808,-1.2661433219909668,6.502864412367266,88.87787905644184,-1.1052299048841652,5.24951484394915,112.28816563989926
13.669999999999753,0.01,88.87787905644184,-1.2675520181655884,6.490202979147357,88.94290770056551,-1.1067650683288355,5.238462544900309,112.34066078833875
13.679999999999753,0.01,88.94290770056551,-1.2689498662948608,6.477527458965701,89.00780973035698,-1.1082894071450635,5.227394894217021,112.39304541378776
13.689999999999753,0.01,89.00780973035698,-1.2703369855880737,6.464837960302753,89.07258500494663,-1.1098029062882402,5.21631200014557,112.44531936272993
13.699999999999752,0.01,89.07258500494663,-1.271713137626648,6.452134590446873,89.13723338454966,-1.1113055508207403,5.205213971082688,112.49748248273139
13.709999999999752,0.01,89.13723338454966,-1.2730780839920044,6.439417459070606,89.20175473045413,-1.1127973259120687,5.194100915574481,112.54953462244221
13.719999999999752,0.01,89.20175473045413,-1.2744317054748535,6.426686678230686,89.26614890504483,-1.1142782168390077,5.18297294231536,112.60147563159795
13.729999999999752,0.01,89.26614890504483,-1.2757747173309326,6.413942361175938,89.33041577182713,-1.1157482089857615,5.17183016014697,112.6533053610211
13.739999999999752,0.01,89.33041577182713,-1.2771068811416626,6.401184614002629,89.3945551954389,-1.1172072878441015,5.160672678057113,112.70502366262257
13.749999999999751,0.01,89.3945551954389,-1.2784276008605957,6.388413545191213,89.45856704157892,-1.1186554390135084,5.149500605178672,112.75663038940314
13.759999999999751,0.01,89.45856704157892,-1.2797377109527588,6.375629269182607,89.52245117703083,-1.120092648201314,5.138314050788537,112.80812539545492
13.76999999999975,0.01,89.52245117703083,-1.281036138534546,6.362831892073079,89.58620746972265,-1.1215189012228446,5.127113124306525,112.8595085359628
13.77999999999975,0.01,89.58620746972265,-1.282323956489563,6.350021530687735,89.64983578864339,-1.1229341840015583,5.115897935294297,112.91077966720587
13.78999999999975,0.01,89.64983578864339,-1.2836004495620728,6.3371982911228395,89.71333600395026,-1.1243384825691858,5.1046685934542815,112.96193864655882
13.79999999999975,0.01,89.71333600395026,-1.2848663330078125,6.324362286627219,89.77670798686148,-1.1257317830658669,5.09342520862859,113.01298533249336
13.80999999999975,0.01,89.77670798686148,-1.2861206531524658,6.311513623297141,89.83995160972775,-1.1271140717402883,5.0821678907979315,113.06391958457964
13.81999999999975,0.01,89.83995160972775,-1.287363886833191,6.298652416765616,89.90306674596071,-1.128485334949819,5.070896750080529,113.11474126348762
13.82999999999975,0.01,89.90306674596071,-1.2885961532592773,6.285778777897285,89.96605327012837,-1.1298455591606444,5.059611896731031,113.16545023098843
13.83999999999975,0.01,89.96605327012837,-1.2898170948028564,6.272892816364692,90.02891105790734,-1.1311947309479007,5.048313441139425,113.21604634995573
13.84999999999975,0.01,90.02891105790734,-1.2910268306732178,6.259994645416664,90.09163998607099,-1.1325328369958072,5.037001493829946,113.26652948436713
13.859999999999749,0.01,90.09163998607099,-1.2922248840332031,6.247084377109932,90.15423993252516,-1.1338598640977975,5.025676165459988,113.31689949930542
13.869999999999749,0.01,90.15423993252516,-1.293412446975708,6.2341621282696,90.21671077629625,-1.1351757991566498,5.01433756681901,113.36715626096002
13.879999999999749,0.01,90.21671077629625,-1.2945891618728638,6.221228003799843,90.27905239757895,-1.136480629184616,5.002985808827444,113.4172996366282
13.889999999999748,0.01,90.27905239757895,-1.295754075050354,6.208282112181115,90.34126467761695,-1.1377743413035513,4.991621002535598,113.46732949471648
13.899999999999748,0.01,90.34126467761695,-1.296907663345337,6.1953245714306115,90.40334749873875,-1.1390569227450384,4.980243259122562,113.51724570474184
13.909999999999748,0.01,90.40334749873875,-1.2980501651763916,6.182355494797158,90.46530074445306,-1.1403283608505168,4.968852689895112,113.56704813733306
13.919999999999748,0.01,90.46530074445306,-1.2991816997528076,6.169374993145395,90.52712429940102,-1.1415886430714055,4.957449406286607,113.61673666423201
13.929999999999747,0.01,90.52712429940102,-1.300301432609558,6.156383176147867,90.58881804933247,-1.142837756969228,4.9460335198558925,113.66631115829487
13.939999999999747,0.01,90.58881804933247,-1.3014099597930908,6.143380161821772,90.65038188109395,-1.1440756902157345,4.9346051422862,113.71577149349343
13.949999999999747,0.01,90.65038188109395,-1.3025075197219849,6.130366062223841,90.71181568271217,-1.1453024305930233,4.923164385384043,113.7651175449163
13.959999999999747,0.01,90.71181568271217,-1.3035937547683716,6.117340987026621,90.77311934333441,-1.1465179659936626,4.911711361078113,113.81434918877014
13.969999999999747,0.01,90.77311934333441,-1.304668664932251,6.1043050494789375,90.83429275320468,-1.147722284420808,4.900246181418177,113.86346630238091
13.979999999999746,0.01,90.83429275320468,-1.305732011795044,6.091258362829615,90.89533580369947,-1.1489153739883233,4.888768958573968,113.9124687641951
13.989999999999746,0.01,90.89533580369947,-1.3067840337753296,6.078201042711665,90.95624838732776,-1.1500972229208961,4.877279804834085,113.96135645378084
13.999999999999746,0.01,90.95624838732776,-1.307824730873108,6.065133202373913,91.01703039775488,-1.1512678195541546,4.865778832604876,114.01012925182917
14.009999999999746,0.01,91.01703039775488,-1.3088539838790894,6.052054955065182,91.07768172977862,-1.1524271523347824,4.854266154409335,114.05878704015522
14.019999999999746,0.01,91.07768172977862,-1.3098723888397217,6.038966415226391,91.13820227932926,-1.1535752098206333,4.842741882885988,114.10732970169931
14.029999999999745,0.01,91.13820227932926,-1.3108789920806885,6.025867691337995,91.19859194348153,-1.1547119806808435,4.831206130787781,114.15575712052818
14.039999999999745,0.01,91.19859194348153,-1.3118741512298584,6.012758901417188,91.25885062039491,-1.155837453695943,4.819659010980973,114.20406918183606
14.049999999999745,0.01,91.25885062039491,-1.312857985496521,5.99964015990489,91.31897820940908,-1.156951617757968,4.8081006364440135,114.25226577194587
14.059999999999745,0.01,91.31897820940908,-1.313830852508545,5.986511580049925,91.37897461100813,-1.1580544618705686,4.796531120266434,114.30034677831031
14.069999999999744,0.01,91.37897461100813,-1.3147919178009033,5.9733732715248395,91.43883972680862,-1.1591459751491189,4.784950575647729,114.34831208951297
14.079999999999744,0.01,91.43883972680862,-1.3157415390014648,5.960225352346831,91.49857345952387,-1.1602261468208235,4.773359115896238,114.39616159526945
14.089999999999744,0.01,91.49857345952387,-1.316679835319519,5.947067936956817,91.55817571304733,-1.161294966224824,4.76175685442803,114.4438951864284
14.099999999999744,0.01,91.55817571304733,-1.3176064491271973,5.933901138603622,91.6176463924169,-1.1623524228123048,4.750143904765782,114.49151275497269
14.109999999999744,0.01,91.6176463924169,-1.3185217380523682,5.92072507411235,91.67698540380293,-1.1633985061465957,4.7385203805376594,114.53901419402034
14.119999999999743,0.01,91.67698540380293,-1.3194255828857422,5.907539856731827,91.73619265454406,-1.1644332059032765,4.7268863954761935,114.58639939782572
14.129999999999743,0.01,91.73619265454406,-1.3203179836273193,5.8943456009029696,91.79526805311137,-1.1654565118702789,4.715242063417161,114.63366826178047
14.139999999999743,0.01,91.79526805311137,-1.3211989402770996,5.881142421066697,91.8542115091204,-1.1664684139479857,4.703587498298459,114.68082068241465
14.149999999999743,0.01,91.8542115091204,-1.3220679759979248,5.867930431663926,91.91302293333106,-1.1674689021493319,4.691922814158979,114.72785655739763
14.159999999999743,0.01,91.91302293333106,-1.3229260444641113,5.854709751903948,91.9717022376477,-1.168457966599903,4.680248125137486,114.77477578553922
14.169999999999742,0.01,91.9717022376477,-1.323772668838501,5.841480491459307,92.03024933516674,-1.1694355975380326,4.668563545471487,114.8215782667906
14.179999999999742,0.01,92.03024933516674,-1.324607253074646,5.8282427647709225,92.08866414008133,-1.1704017853148974,4.656869189496107,114.8682639022453
14.189999999999742,0.01,92.08866414008133,-1.3254306316375732,5.814996692240176,92.14694656772905,-1.171356520394614,4.645165171642958,114.91483259414026
14.199999999999742,0.01,92.14694656772905,-1.3262423276901245,5.8017423859238,92.20509653465145,-1.172299793354333,4.633451606439012,114.96128424585669
14.209999999999742,0.01,92.20509653465145,-1.327043056488037,5.7884799626469,92.26311395851069,-1.173231594884331,4.621728608505469,115.00761876192108
14.219999999999741,0.01,92.26311395851069,-1.3278310298919678,5.77520953208202,92.32099875813715,-1.1741519157881033,4.609996292556626,115.05383604800613
14.229999999999741,0.01,92.32099875813715,-1.328608512878418,5.7619312217831,92.37875085345797,-1.1750607469824537,4.598254773398745,115.0999360109317
14.23999999999974,0.01,92.37875085345797,-1.329373836517334,5.748645136654316,92.4363701656758,-1.1759580794975857,4.586504165928921,115.14591855866568
14.24999999999974,0.01,92.4363701656758,-1.3301279544830322,5.735351398289143,92.49385661704234,-1.176843904477189,4.574744585133946,115.19178360032497
14.25999999999974,0.01,92.49385661704234,-1.330870270729065,5.7220501187443125,92.55121013102523,-1.1777182131785293,4.5629761460891745,115.2375310461763
14.26999999999974,0.01,92.55121013102523,-1.3316006660461426,5.7087414160370225,92.60843063221267,-1.1785809969725323,4.55119896395739,115.28316080763719
14.27999999999974,0.01,92.60843063221267,-1.3323198556900024,5.695425409376561,92.66551804637304,-1.1794322473438703,4.539413153987665,115.32867279727677
14.28999999999974,0.01,92.66551804637304,-1.3330274820327759,5.682102210819662,92.7224723004668,-1.1802719558910464,4.527618831514227,115.37406692881665
14.29999999999974,0.01,92.7224723004668,-1.3337234258651733,5.6687719359993345,92.779293322575,-1.1811001143264752,4.515816111955316,115.41934311713179
14.30999999999974,0.01,92.779293322575,-1.3344075679779053,5.655434701740683,92.83598104193499,-1.1819167144765683,4.504005110812051,115.46450127825135
14.31999999999974,0.01,92.83598104193499,-1.3350803852081299,5.642090626060904,92.8925353889524,-1.1827217482818113,4.492185943667286,115.50954132935946
14.329999999999739,0.01,92.8925353889524,-1.3357411623001099,5.628739822208823,92.94895629521301,-1.1835152077968456,4.480358726184468,115.55446318879613
14.339999999999739,0.01,92.94895629521301,-1.3363902568817139,5.6153824105858225,93.00524369343509,-1.184297085190546,4.4685235741064995,115.59926677605797
14.349999999999739,0.01,93.00524369343509,-1.3370282649993896,5.6020185080170055,93.06139751754095,-1.185067372746099,4.456680603254594,115.64395201179904
14.359999999999738,0.01,93.06139751754095,-1.3376539945602417,5.588648225367012,93.11741770262113,-1.1858260628610764,4.444829929527134,115.68851881783159
14.369999999999738,0.01,93.11741770262113,-1.3382681608200073,5.57527168542141,93.1733041848748,-1.186573148047514,4.4329716688985235,115.73296711712686
14.379999999999738,0.01,93.1733041848748,-1.3388713598251343,5.56188900381321,93.22905690172901,-1.1873086209319819,4.421105937418049,115.77729683381584
14.389999999999738,0.01,93.22905690172901,-1.3394620418548584,5.548500290214959,93.28467579176714,-1.1880324742556598,4.4092328512087295,115.82150789319002
14.399999999999737,0.01,93.28467579176714,-1.3400413990020752,5.535105669796411,93.34016079466929,-1.1887447008744079,4.3973525264661735,115.86560022170211
14.409999999999737,0.01,93.34016079466929,-1.340608835220337,5.52170525580639,93.39551185136725,-1.1894452937588367,4.38546507945743,115.90957374696677
14.419999999999737,0.01,93.39551185136725,-1.3411648273468018,5.5082991674541875,93.45072890392531,-1.1901342459943776,4.373570626519842,115.95342839776134
14.429999999999737,0.01,93.45072890392531,-1.3417093753814697,5.49488751918072,93.50581189559985,-1.19081155078135,4.361669284059898,115.99716410402654
14.439999999999737,0.01,93.50581189559985,-1.3422414064407349,5.481470425426906,93.56076077079166,-1.191477201435029,4.349761168552085,116.04078079686714
14.449999999999736,0.01,93.56076077079166,-1.3427624702453613,5.468048011362499,93.61557547504593,-1.1921311913857116,4.337846396537735,116.08427840855266
14.459999999999736,0.01,93.61557547504593,-1.343271017074585,5.454620386660046,93.67025595515955,-1.1927735141787807,4.325925084623878,116.12765687251805
14.469999999999736,0.01,93.67025595515955,-1.3437684774398804,5.4411876764893,93.72480215902614,-1.19340416347477,4.313997349482091,116.17091612336428
14.479999999999736,0.01,93.72480215902614,-1.3442541360855103,5.427749991714902,93.77921403579103,-1.1940231330494253,4.302063307847344,116.2140560968591
14.489999999999736,0.01,93.77921403579103,-1.3447273969650269,5.4143074503540465,93.83349153570818,-1.194630416793767,4.290123076516849,116.25707672993757
14.499999999999735,0.01,93.83349153570818,-1.3451894521713257,5.400860176384397,93.88763461021172,-1.1952260087141495,4.278176772348912,116.29997796070273
14.509999999999735,0.01,93.88763461021172,-1.345639705657959,5.387408281862684,93.94164321197556,-1.1958099029323213,4.266224512261771,116.34275972842622
14.519999999999735,0.01,93.94164321197556,-1.3460785150527954,5.373951884806105,93.99551729479418,-1.1963820936854819,4.254266413232448,116.38542197354883
14.529999999999735,0.01,93.99551729479418,-1.346505045890808,5.360491099655577,94.04925681364224,-1.1969425753263394,4.2423025922955935,116.42796463768116
14.539999999999734,0.01,94.04925681364224,-1.346920132637024,5.347026049196669,94.1028617246388,-1.1974913423231668,4.23033316654233,116.47038766360411
14.549999999999734,0.01,94.1028617246388,-1.347322940826416,5.333556847870299,94.15633198513076,-1.1980283892598549,4.218358253119098,116.51269099526954
14.559999999999734,0.01,94.15633198513076,-1.3477146625518799,5.320083618462035,94.20966755360946,-1.1985537108359676,4.2063779692265,116.55487457780073
14.569999999999734,0.01,94.20966755360946,-1.34809410572052,5.306606471836516,94.26286838979408,-1.1990673018667928,4.19439243211814,116.596938357493
14.579999999999734,0.01,94.26286838979408,-1.3484622240066528,5.293125530779311,94.31593445451244,-1.1995691572833946,4.182401759099473,116.63888228181418
14.589999999999733,0.01,94.31593445451244,-1.3488181829452515,5.279640908539244,94.36886570982024,-1.2000592721326626,4.170406067526639,116.68070629940517
14.599999999999733,0.01,94.36886570982024,-1.349162220954895,5.266152726709792,94.42166211890563,-1.2005376415773608,4.1584054748053125,116.72241036008045
14.609999999999733,0.01,94.42166211890563,-1.3494948148727417,5.252661104500243,94.47432364617272,-1.2010042608961762,4.146400098389539,116.7639944148285
14.619999999999733,0.01,94.47432364617272,-1.3498156070709229,5.239166156351516,94.52685025721772,-1.2014591254837643,4.134390055780577,116.8054584158124
14.629999999999733,0.01,94.52685025721772,-1.3501245975494385,5.225668000280807,94.57924191878124,-1.2019022308507954,4.1223754645257396,116.8468023163702
14.639999999999732,0.01,94.57924191878124,-1.3504211902618408,5.212166754305313,94.63149859878405,-1.2023335726239985,4.110356442217232,116.88802607101546
14.649999999999732,0.01,94.63149859878405,-1.3507064580917358,5.198662542402695,94.6836202663271,-1.2027531465462045,4.098333106490992,116.92912963543763
14.659999999999732,0.01,94.6836202663271,-1.3509800434112549,5.185155477821778,94.73560689175112,-1.2031609484763879,4.086305575025531,116.97011296650254
14.669999999999732,0.01,94.73560689175112,-1.351240873336792,5.171645677387666,94.78745844652933,-1.2035569743897083,4.074273965540767,117.01097602225279
14.679999999999731,0.01,94.78745844652933,-1.3514906167984009,5.158133268654298,94.8391749033032,-1.20394122037755,4.062238395796871,117.05171876190819
14.689999999999731,0.01,94.8391749033032,-1.3517290353775024,5.144618362486314,94.89075623598974,-1.20431368264756,4.050198983593096,117.09234114586616
14.699999999999731,0.01,94.89075623598974,-1.3519548177719116,5.131101072132539,94.9422024196146,-1.2046743575236865,4.03815584676662,117.13284313570209
14.70999999999973,0.01,94.9422024196146,-1.3521689176559448,5.11758152395482,94.99351343033592,-1.2050232414462136,4.026109103191383,117.17322469416976
14.71999999999973,0.01,94.99351343033592,-1.352371096611023,5.104059834778261,95.04468924557547,-1.205360330971798,4.014058870776921,117.21348578520167
14.72999999999973,0.01,95.04468924557547,-1.3525618314743042,5.090536123812151,95.09572984392325,-1.2056856227735022,4.0020052674672035,117.25362637390944
14.73999999999973,0.01,95.09572984392325,-1.35274076461792,5.077010505497408,95.14663520516137,-1.2059991136408275,3.9899484112394688,117.29364642658412
14.74999999999973,0.01,95.14663520516137,-1.3529075384140015,5.063483097851229,95.19740531021635,-1.2063008004797455,3.977888420103061,117.33354591069651
14.75999999999973,0.01,95.19740531021635,-1.3530622720718384,5.049954022467089,95.24804014119486,-1.2065906803127289,3.9658254120982637,117.37332479489754
14.76999999999973,0.01,95.24804014119486,-1.3532053232192993,5.036423399746371,95.29853968141953,-1.206868750278781,3.9537595052951366,117.41298304901852
14.77999999999973,0.01,95.29853968141953,-1.3533363342285156,5.022891346514179,95.34890391541698,-1.2071350076334633,3.9416908177923493,117.45252064407147
14.78999999999973,0.01,95.34890391541698,-1.3534557819366455,5.009357983171894,95.39913282888213,-1.207389449748923,3.929619467716015,117.4919375522494
14.799999999999729,0.01,95.39913282888213,-1.353563666343689,4.995823425352528,95.44922640871386,-1.2076320741139195,3.917545573218526,117.53123374692656
14.809999999999729,0.01,95.44922640871386,-1.3536590337753296,4.982287788689091,95.49918464296738,-1.207862878333848,3.905469252477387,117.57040920265874
14.819999999999729,0.01,95.49918464296738,-1.3537428379058838,4.968751198351338,95.54900752085427,-1.2080818601307644,3.893390623694049,117.60946389518351
14.829999999999728,0.01,95.54900752085427,-1.3538148403167725,4.955213769972279,95.59869503283778,-1.2082890173434062,3.8813098050927417,117.64839780142044
14.839999999999728,0.01,95.59869503283778,-1.353874921798706,4.941675621569112,95.6482471705375,-1.2084843479272158,3.8692269149193077,117.68721089947137
14.849999999999728,0.01,95.6482471705375,-1.3539230823516846,4.928136872351125,95.6976639267532,-1.208667849954359,3.8571420714400357,117.72590316862056
14.859999999999728,0.01,95.6976639267532,-1.3539594411849976,4.9145976415276085,95.7469452954767,-1.208839521613745,3.8450553929404925,117.76447458933497
14.869999999999727,0.01,95.7469452954767,-1.353983998298645,4.901058047115759,95.79609127189198,-1.208999361211044,3.8329669977243555,117.80292514326437
14.879999999999727,0.01,95.79609127189198,-1.3539968729019165,4.887518207132773,95.84510185236314,-1.2091473671687032,3.820877004112245,117.84125481324162
14.889999999999727,0.01,95.84510185236314,-1.3539972305297852,4.873978238403755,95.89397703443447,-1.2092835380259639,3.8087855304405585,117.87946358328274
14.899999999999727,0.01,95.89397703443447,-1.3539860248565674,4.860438266098457,95.9427168168185,-1.2094078724388746,3.7966926950602993,117.91755143858715
14.909999999999727,0.01,95.9427168168185,-1.3539632558822632,4.846898405849892,95.99132119947949,-1.209520369180305,3.7845986163359107,117.95551836553776
14.919999999999726,0.01,95.99132119947949,-1.3539283275604248,4.83335877329107,96.03979018353799,-1.2096210271399574,3.7725034126441077,117.99336435170112
14.929999999999726,0.01,96.03979018353799,-1.3538813591003418,4.819819490015466,96.0881237712709,-1.2097098453243786,3.760407202372708,118.03108938582756
14.939999999999726,0.01,96.0881237712709,-1.3538225889205933,4.806280676424463,96.13632196617105,-1.2097868228569688,3.7483101039194646,118.06869345785128
14.949999999999726,0.01,96.13632196617105,-1.3537522554397583,4.792742450535258,96.1843847729353,-1.209851958977991,3.7362122356908953,118.10617655889048
14.959999999999726,0.01,96.1843847729353,-1.3536697626113892,4.77920492798086,96.23231219744065,-1.209905253044578,3.7241137161011157,118.14353868124739
14.969999999999725,0.01,96.23231219744065,-1.3535757064819336,4.765668230354747,96.28010424672046,-1.2099467045307386,3.7120146635706703,118.1807798184084
14.979999999999725,0.01,96.28010424672046,-1.3534698486328125,4.752132473289928,96.327760929024,-1.2099763130273637,3.6999151965253634,118.2178999650441
14.989999999999725,0.01,96.327760929024,-1.3533512353897095,4.7385977748035994,96.3752822537569,-1.2099940782422294,3.68781543339509,118.25489911700934
14.999999999999725,0.01,96.3752822537569,-1.3532214164733887,4.725064262449703,96.42266823150493,-1.21,3.6757154926126683,118.29177727134329
15.009999999999724,0.01,96.42266823150493,-1.3530797958374023,4.711532048284969,96.46991887412942,-1.20999407824223,3.6636154926126685,118.32853442626941
15.019999999999724,0.01,96.46991887412942,-1.3529260158538818,4.6980012503265955,96.51703419461226,-1.209976313027365,3.6515155518302467,118.36517058119554
15.029999999999724,0.01,96.51703419461226,-1.3527604341506958,4.684471990168057,96.56401420711553,-1.2099467045307406,3.6394157886999734,118.40168573671384
15.039999999999724,0.01,96.56401420711553,-1.3525832891464233,4.670944385826551,96.61085892701722,-1.2099052530445806,3.6273163216546664,118.43807989460085
15.049999999999724,0.01,96.61085892701722,-1.3523937463760376,4.657418552935087,96.65756837087548,-1.2098519589779944,3.615217269124221,118.4743530578174
15.059999999999723,0.01,96.65756837087548,-1.3521931171417236,4.643894615471327,96.70414255640483,-1.2097868228569728,3.6031187495344414,118.51050523050864
15.069999999999723,0.01,96.70414255640483,-1.3519797325134277,4.63037268429991,96.75058150255954,-1.209709845324383,3.591020881305872,118.54653641800398
15.079999999999723,0.01,96.75058150255954,-1.3517544269561768,4.616852886974775,96.79688522940253,-1.2096210271399626,3.5789237828526286,118.58244662681705
15.089999999999723,0.01,96.79688522940253,-1.351518154144287,4.603335342705214,96.84305375827228,-1.2095203691803107,3.566827572581229,118.61823586464557
15.099999999999723,0.01,96.84305375827228,-1.3512694835662842,4.589820161163772,96.88908711169933,-1.209407872438881,3.554732368889426,118.65390414037138
15.109999999999722,0.01,96.88908711169933,-1.3510091304779053,4.576307466328109,96.93498531331096,-1.209283538025971,3.5426382901650375,118.68945146406027
15.119999999999722,0.01,96.93498531331096,-1.350736379623413,4.56279737502333,96.98074838797424,-1.209147367168711,3.530545454784778,118.72487784696192
15.129999999999722,0.01,96.98074838797424,-1.3504524230957031,4.549290011227097,97.02637636172447,-1.2089993612110526,3.518453981113091,118.76018330150977
15.139999999999722,0.01,97.02637636172447,-1.3501564264297485,4.53578548699614,97.07186926183674,-1.2088395216137542,3.5063639875009804,118.7953678413209
15.149999999999721,0.01,97.07186926183674,-1.349848747253418,4.522283922731843,97.1172271167067,-1.2086678499543688,3.494275592284843,118.8304314811959
15.159999999999721,0.01,97.1172271167067,-1.3495287895202637,4.508785435259309,97.16244995593402,-1.2084843479272263,3.4821889137852997,118.86537423711874
15.169999999999721,0.01,97.16244995593402,-1.3491969108581543,4.4952901473641065,97.20753781028661,-1.2082890173434173,3.4701040703060277,118.9001961262566
15.17999999999972,0.01,97.20753781028661,-1.3488537073135376,4.481798178255525,97.25249071176025,-1.208081860130776,3.4580211801325937,118.93489716695966
15.18999999999972,0.01,97.25249071176025,-1.348497986793518,4.46830964118239,97.2973086935428,-1.2078628783338603,3.445940361531286,118.96947737876098
15.19999999999972,0.01,97.2973086935428,-1.3481312990188599,4.454824661314455,97.34199178995462,-1.2076320741139326,3.4338617327479475,119.0039367823763
15.20999999999972,0.01,97.34199178995462,-1.3477520942687988,4.441343348324267,97.38654003656777,-1.2073894497489366,3.4217854120068085,119.03827539970378
15.21999999999972,0.01,97.38654003656777,-1.347361445426941,4.427865827381579,97.43095347005101,-1.2071350076334775,3.4097115175093196,119.07249325382385
15.22999999999972,0.01,97.43095347005101,-1.3469587564468384,4.41439221292731,97.47523212832482,-1.206868750278796,3.3976401674329852,119.10659036899894
15.23999999999972,0.01,97.47523212832482,-1.3465440273284912,4.400922625362842,97.51937605045408,-1.2065906803127446,3.3855714799301975,119.14056677067326
15.24999999999972,0.01,97.51937605045408,-1.3461179733276367,4.387457185089557,97.5633852767077,-1.206300800479762,3.3735055731270704,119.17442248547256
15.25999999999972,0.01,97.5633852767077,-1.345679759979248,4.373996005356282,97.6072598485586,-1.2059991136408446,3.3614425651222732,119.20815754120383
15.269999999999719,0.01,97.6072598485586,-1.3452293872833252,4.3605392077564895,97.65099980861216,-1.2056856227735198,3.349382573985865,119.24177196685505
15.279999999999719,0.01,97.65099980861216,-1.3447678089141846,4.347086913883657,97.69460520068972,-1.2053603309718162,3.33732571775813,119.27526579259491
15.289999999999718,0.01,97.69460520068972,-1.3442940711975098,4.333639235794515,97.73807606982855,-1.2050232414462325,3.325272114448412,119.3086390497725
15.299999999999718,0.01,97.73807606982855,-1.343808650970459,4.320196295082541,97.7814124621865,-1.204674357523706,3.31322188203395,119.34189177091697
15.309999999999718,0.01,97.7814124621865,-1.3433115482330322,4.306758208572837,97.82461442513731,-1.2043136826475804,3.301175138458713,119.37502398973731
15.319999999999718,0.01,97.82461442513731,-1.3428022861480713,4.293325093090506,97.86768200722304,-1.2039412203775708,3.2891320016322374,119.4080357411219
15.329999999999718,0.01,97.86768200722304,-1.3422815799713135,4.279897070229026,97.91061525815394,-1.2035569743897299,3.277092589428462,119.44092706113823
15.339999999999717,0.01,97.91061525815394,-1.3417490720748901,4.266474254429314,97.95341422885623,-1.20316094847641,3.265057019684565,119.47369798703251
15.349999999999717,0.01,97.95341422885623,-1.3412044048309326,4.253056763708565,97.99607897140052,-1.2027531465462273,3.2530254101998013,119.50634855722936
15.359999999999717,0.01,97.99607897140052,-1.3406484127044678,4.239644719660256,98.03860953903761,-1.202333572624022,3.240997878734339,119.53887881133136
15.369999999999717,0.01,98.03860953903761,-1.3400802612304688,4.226238235533212,98.08100598623422,-1.2019022308508196,3.2289745430080994,119.5712887901187
15.379999999999717,0.01,98.08100598623422,-1.3395005464553833,4.2128374329209075,98.12326836858955,-1.2014591254837892,3.2169555206995915,119.60357853554878
15.389999999999716,0.01,98.12326836858955,-1.3389091491699219,4.199442427456354,98.16539674291876,-1.2010042608962017,3.2049409294447537,119.63574809075577
15.399999999999716,0.01,98.16539674291876,-1.3383054733276367,4.1860533359646555,98.20739116719332,-1.200537641577387,3.192930886835792,119.66779750005021
15.409999999999716,0.01,98.20739116719332,-1.3376903533935547,4.17267028123138,98.24925170055296,-1.2000592721326893,3.1809255104200185,119.69972680891857
15.419999999999716,0.01,98.24925170055296,-1.3370635509490967,4.159293377697445,98.29097840336527,-1.199569157283422,3.168924917698692,119.73153606402276
15.429999999999715,0.01,98.29097840336527,-1.3364250659942627,4.145922742187954,98.33257133714224,-1.199067301866821,3.156929226125858,119.76322531319975
15.439999999999715,0.01,98.33257133714224,-1.3357750177383423,4.132558491528012,98.37403056456412,-1.1985537108359963,3.14493855310719,119.79479460546101
15.449999999999715,0.01,98.37403056456412,-1.3351129293441772,4.119200741350628,98.41535614947941,-1.1980283892598842,3.1329530159988304,119.82624399099208
15.459999999999715,0.01,98.41535614947941,-1.3344392776489258,4.105849612057186,98.45654815689291,-1.1974913423231968,3.1209727321062317,119.85757352115208
15.469999999999715,0.01,98.45654815689291,-1.3337535858154297,4.092505219280698,98.49760665301348,-1.19694257532637,3.108997818683,119.88878324847313
15.479999999999714,0.01,98.49760665301348,-1.3330562114715576,4.079167683422543,98.53853170520628,-1.196382093685513,3.0970283929297366,119.91987322665996
15.489999999999714,0.01,98.53853170520628,-1.3323469161987305,4.065837121307828,98.5793233820405,-1.195809902932353,3.085064571992882,119.95084351058925
15.499999999999714,0.01,98.5793233820405,-1.3316261768341064,4.052513652145841,98.61998175325358,-1.1952260087141822,3.0731064729635587,119.98169415630917
15.509999999999714,0.01,98.61998175325358,-1.3308937549591064,4.0391973903775,98.66050688977504,-1.1946304167938002,3.061154212876417,120.01242522103881
15.519999999999714,0.01,98.66050688977504,-1.33014976978302,4.025888452827909,98.70089886367882,-1.1940231330494593,3.049207908708479,120.04303676316758
15.529999999999713,0.01,98.70089886367882,-1.3293941020965576,4.012586955130079,98.7411577482071,-1.1934041634748045,3.0372676773779848,120.07352884225466
15.539999999999713,0.01,98.7411577482071,-1.3286266326904297,3.9992930141091136,98.7812836177584,-1.192773514178816,3.025333635743237,120.10390151902844
15.549999999999713,0.01,98.7812836177584,-1.3278472423553467,3.9860067477822096,98.8212765478995,-1.1921311913857473,3.013405900601449,120.13415485538587
15.559999999999713,0.01,98.8212765478995,-1.327056646347046,3.9727282753586564,98.86113661537732,-1.1914772014350654,3.001484588687592,120.16428891439189
15.569999999999713,0.01,98.86113661537732,-1.326253890991211,3.959457708895186,98.90086389813091,-1.190811550781387,2.989569816673242,120.19430376027877
15.579999999999712,0.01,98.90086389813091,-1.3254399299621582,3.946195169985274,98.94045847521986,-1.1901342459944153,2.9776617011654283,120.2241994584455
15.589999999999712,0.01,98.94045847521986,-1.3246142864227295,3.932940770685653,98.9799204269197,-1.189445293758875,2.9657603587054844,120.25397607545715
15.599999999999712,0.01,98.9799204269197,-1.3237768411636353,3.9196946278214257,99.01924983462656,-1.1887447008744467,2.9538659057678958,120.2836336790442
15.609999999999712,0.01,99.01924983462656,-1.322927713394165,3.9064568594097895,99.05844678090477,-1.1880324742556994,2.9419784587591518,120.31317233810188
15.619999999999711,0.01,99.05844678090477,-1.3220670223236084,3.893227582275848,99.09751134949887,-1.1873086209320218,2.930098134016595,120.34259212268947
15.629999999999711,0.01,99.09751134949887,-1.3211948871612549,3.8800069120526124,99.13644362532163,-1.1865731480475545,2.9182250478072747,120.37189310402964
15.639999999999711,0.01,99.13644362532163,-1.3203105926513672,3.866794963181,99.17524369444216,-1.185826062861118,2.9063593163267996,120.40107535450771
15.64999999999971,0.01,99.17524369444216,-1.3194150924682617,3.8535918572544867,99.21391164407397,-1.1850673727461412,2.8945010556981887,120.43013894767098
15.65999999999971,0.01,99.21391164407397,-1.318508267402649,3.8403977063298043,99.25244756264652,-1.184297085190589,2.8826503819707274,120.45908395822796
15.66999999999971,0.01,99.25244756264652,-1.3175891637802124,3.827212623655778,99.29085153970982,-1.1835152077968891,2.8708074111188218,120.48791046204767
15.67999999999971,0.01,99.29085153970982,-1.3166589736938477,3.814036732017976,99.32912366594638,-1.1827217482818555,2.8589722590408533,120.51661853615886
15.68999999999971,0.01,99.32912366594638,-1.3157167434692383,3.800870142281038,99.36726403326657,-1.181916714476613,2.847145041558035,120.54520825874927
15.69999999999971,0.01,99.36726403326657,-1.3147633075714111,3.787712974846346,99.40527273468938,-1.1811001143265207,2.835325874413269,120.57367970916485
15.70999999999971,0.01,99.40527273468938,-1.313798427581787,3.774565341770632,99.44314986443784,-1.1802719558910924,2.823514873270004,120.60203296790898
15.71999999999971,0.01,99.44314986443784,-1.312821626663208,3.7614273574948145,99.48089551785554,-1.1794322473439172,2.8117121537110936,120.63026811664169
15.729999999999709,0.01,99.48089551785554,-1.3118336200714111,3.7482991412281828,99.51850979143049,-1.1785809969725796,2.799917831237655,120.6583852381788
15.739999999999709,0.01,99.51850979143049,-1.3108339309692383,3.735180805027469,99.55599278284276,-1.1777182131785773,2.7881320212679293,120.68638441649117
15.749999999999709,0.01,99.55599278284276,-1.309822678565979,3.7220724657177766,99.59334459089304,-1.1768439044772376,2.7763548391361437,120.71426573670385
15.759999999999708,0.01,99.59334459089304,-1.3087999820709229,3.708974238932117,99.63056531555021,-1.1759580794976345,2.7645864000913716,120.74202928509521
15.769999999999708,0.01,99.63056531555021,-1.3077658414840698,3.6958862391114082,99.66765505793954,-1.1750607469825036,2.7528268192963954,120.76967514909613
15.779999999999708,0.01,99.66765505793954,-1.3067197799682617,3.682808580696568,99.70461392033066,-1.1741519157881537,2.7410762118265706,120.7972034172891
15.789999999999708,0.01,99.70461392033066,-1.3056628704071045,3.6697413828968855,99.74144200613762,-1.1732315948843823,2.729334692668689,120.82461417940736
15.799999999999708,0.01,99.74144200613762,-1.3045941591262817,3.6566847541928147,99.77813941996659,-1.1722997933543848,2.717602376719846,120.85190752633405
15.809999999999707,0.01,99.77813941996659,-1.303514003753662,3.643638812601552,99.81470626750853,-1.1713565203946665,2.7058793787863022,120.87908355010124
15.819999999999707,0.01,99.81470626750853,-1.3024226427078247,3.630603672564016,99.85114265563455,-1.1704017853149504,2.6941658135823556,120.9061423438891
15.829999999999707,0.01,99.85114265563455,-1.3013194799423218,3.6175794461369377,99.88744869236018,-1.1694355975380861,2.6824617957292065,120.93308400202493
15.839999999999707,0.01,99.88744869236018,-1.3002052307128906,3.604566251337515,99.92362448682155,-1.1684579665999575,2.670767439753826,120.95990861998222
15.849999999999707,0.01,99.92362448682155,-1.2990792989730835,3.5915641990303864,99.95967014933493,-1.167468902149387,2.6590828600878265,120.98661629437976
15.859999999999706,0.01,99.95967014933493,-1.2979415655136108,3.5785734060406558,99.99558579132523,-1.1664684139480412,2.6474081710663326,121.01320712298063
15.869999999999706,0.01,99.99558579132523,-1.296792984008789,3.56559399038552,100.03137152538564,-1.165456511870335,2.6357434869268523,121.03968120469129
15.879999999999706,0.01,100.03137152538564,-1.2956328392028809,3.5526260605454323,100.06702746528948,-1.1644332059033335,2.6240889218081493,121.06603863956056
15.889999999999706,0.01,100.06702746528948,-1.2944612503051758,3.5396697321534036,100.10255372589494,-1.1633985061466532,2.612444589749116,121.09227952877865
15.899999999999705,0.01,100.10255372589494,-1.2932783365249634,3.526725119650352,100.13795042321647,-1.1623524228123625,2.60081060468765,121.11840397467614
15.909999999999705,0.01,100.13795042321647,-1.2920843362808228,3.513792336285103,100.17321767441297,-1.1612949662248828,2.5891870804595265,121.14441208072301
15.919999999999705,0.01,100.17321767441297,-1.2908785343170166,3.500871492922295,100.20835559777582,-1.1602261468208828,2.5775741307972777,121.17030395152761
15.929999999999705,0.01,100.20835559777582,-1.2896616458892822,3.487962707579125,100.24336431270504,-1.1591459751491788,2.565971869329069,121.19607969283558
15.939999999999705,0.01,100.24336431270504,-1.288433313369751,3.4750660911202327,100.27824393978084,-1.1580544618706292,2.5543804095775773,121.22173941152887
15.949999999999704,0.01,100.27824393978084,-1.2871936559677124,3.4621817579865355,100.31299460069204,-1.156951617758029,2.5427998649588712,121.24728321562465
15.959999999999704,0.01,100.31299460069204,-1.2859426736831665,3.4493098214268585,100.3476164182719,-1.1558374536960048,2.5312303487812913,121.27271121427424
15.969999999999704,0.01,100.3476164182719,-1.2846806049346924,3.436450394690027,100.38210951648617,-1.1547119806809056,2.5196719742443316,121.29802351776205
15.979999999999704,0.01,100.38210951648617,-1.2834070920944214,3.4236035886406806,100.41647402043307,-1.1535752098206964,2.508124854437523,121.32322023750449
15.989999999999704,0.01,100.41647402043307,-1.2821223735809326,3.4107695177197366,100.45071005631948,-1.1524271523348462,2.4965891023393163,121.34830148604887
15.999999999999703,0.01,100.45071005631948,-1.2808260917663574,3.3979482939839274,100.48481775149668,-1.1512678195542188,2.485064830815968,121.37326737707227
16.009999999999703,0.01,100.48481775149668,-1.279518723487854,3.385140033066264,100.51879723443652,-1.150097222920961,2.473552152620426,121.39811802538043
16.019999999999705,0.01,100.51879723443652,-1.278200387954712,3.3723448458313836,100.55264863476718,-1.1489153739883886,2.4620511803912146,121.42285354690664
16.029999999999706,0.01,100.55264863476718,-1.2768707275390625,3.3595628419518344,100.5863720832255,-1.1477222844208737,2.450562026651329,121.44747405871055
16.039999999999708,0.01,100.5863720832255,-1.2755297422409058,3.3467941346764416,100.61996771164502,-1.1465179659937283,2.4390848038071185,121.47197967897708
16.04999999999971,0.01,100.61996771164502,-1.2741776704788208,3.3340388372540306,100.65343565299179,-1.1453024305930901,2.4276196241471792,121.49637052701516
16.05999999999971,0.01,100.65343565299179,-1.2728137969970703,3.3212970605492402,100.68677604136434,-1.1440756902158014,2.4161665998412465,121.52064672325663
16.069999999999713,0.01,100.68677604136434,-1.271439552307129,3.3085689225792674,100.71998901196984,-1.1428377569692953,2.4047258429390865,121.54480838925505
16.079999999999714,0.01,100.71998901196984,-1.270053744316101,3.295854527056194,100.75307470119564,-1.141588643071473,2.393297465369392,121.56885564768444
16.089999999999716,0.01,100.75307470119564,-1.268656849861145,3.283153989613031,100.7860332464662,-1.140328360850585,2.3818815789386756,121.59278862233815
16.099999999999717,0.01,100.7860332464662,-1.2672488689422607,3.2704674211144176,100.81886478636234,-1.1390569227451068,2.3704782953301677,121.61660743812755
16.10999999999972,0.01,100.81886478636234,-1.2658296823501587,3.257794932424993,100.85156946057349,-1.1377743413036199,2.359087726102715,121.64031222108085
16.11999999999972,0.01,100.85156946057349,-1.2643992900848389,3.2451366356014892,100.88414740989774,-1.1364806291846852,2.3477099826896772,121.66390309834188
16.129999999999722,0.01,100.88414740989774,-1.26295804977417,3.232492642700639,100.91659877625375,-1.1351757991567193,2.3363451763978285,121.68738019816878
16.139999999999723,0.01,100.91659877625375,-1.2615056037902832,3.2198630622028954,100.94892370268076,-1.1338598640978674,2.3249934184062595,121.71074364993277
16.149999999999725,0.01,100.94892370268076,-1.2600417137145996,3.2072480061649906,100.98112233330279,-1.1325328369958774,2.313654819765279,121.73399358411683
16.159999999999727,0.01,100.98112233330279,-1.258567214012146,3.1946475890278427,101.01319481336445,-1.131194730947971,2.3023294913953185,121.75713013231449
16.169999999999728,0.01,101.01319481336445,-1.2570816278457642,3.182061916887719,101.04514128925473,-1.129845559160715,2.291017544085837,121.78015342722844
16.17999999999973,0.01,101.04514128925473,-1.2555848360061646,3.1694911006092594,101.07696190842361,-1.1284853349498902,2.279719088494228,121.8030636026693
16.18999999999973,0.01,101.07696190842361,-1.254077434539795,3.156935252249196,101.10865681942971,-1.1271140717403598,2.2684342351447273,121.82586079355424
16.199999999999733,0.01,101.10865681942971,-1.252558708190918,3.1443944779037962,101.14022617195221,-1.1257317830659388,2.2571630944273218,121.8485451359057
16.209999999999734,0.01,101.14022617195221,-1.2510287761688232,3.131868890821885,101.17167011673125,-1.1243384825692577,2.245905776596661,121.87111676684997
16.219999999999736,0.01,101.17167011673125,-1.2494882345199585,3.1193586030601947,101.20298880563948,-1.1229341840016311,2.2346623917709665,121.89357582461594
16.229999999999738,0.01,101.20298880563948,-1.2479363679885864,3.106863720714993,101.23418239167009,-1.1215189012229174,2.2234330499309483,121.91592244853365
16.23999999999974,0.01,101.23418239167009,-1.2463736534118652,3.0943843570351053,101.26525102887724,-1.120092648201387,2.2122178609187175,121.93815677903297
16.24999999999974,0.01,101.26525102887724,-1.244800329208374,3.0819206205009846,101.2961948724476,-1.1186554390135814,2.201016934436702,121.96027895764216
16.259999999999742,0.01,101.2961948724476,-1.243215799331665,3.069472617208899,101.32701407865261,-1.1172072878441752,2.189830380046564,121.98228912698653
16.269999999999744,0.01,101.32701407865261,-1.2416203022003174,3.0570404592155804,101.35770880482471,-1.115748208985836,2.1786583071681207,122.004187430787
16.279999999999745,0.01,101.35770880482471,-1.240013837814331,3.0446242561935755,101.38827920941687,-1.1142782168390821,2.167500825078261,122.02597401385869
16.289999999999747,0.01,101.38827920941687,-1.2383973598480225,3.03222411781543,101.4187254519788,-1.1127973259121433,2.156358042909868,122.04764902210947
16.29999999999975,0.01,101.4187254519788,-1.2367693185806274,3.019840144216948,101.44904769315696,-1.111305550820815,2.145230069650745,122.06921260253857
16.30999999999975,0.01,101.44904769315696,-1.2351300716400146,3.00747245103114,101.47924609459913,-1.1098029062883155,2.134117014142535,122.09066490323508
16.31999999999975,0.01,101.47924609459913,-1.233480453491211,2.9951211503147377,101.50932081910945,-1.108289407145139,2.12301898507965,122.1120060733765
16.329999999999753,0.01,101.50932081910945,-1.2318198680877686,2.982786345779824,101.5392720306126,-1.1067650683289112,2.111936091008197,122.1332362632273
16.339999999999755,0.01,101.5392720306126,-1.2301485538482666,2.970468147098944,101.56909989407039,-1.105229904884241,2.100868440324906,122.1543556241374
16.349999999999756,0.01,101.56909989407039,-1.2284660339355469,2.9581666615604596,101.59880457554138,-1.1036839319625724,2.089816141276062,122.17536430854065
16.359999999999758,0.01,101.59880457554138,-1.2267736196517944,2.945882001221102,101.62838624215699,-1.1021271648220328,2.0787793019564345,122.19626246995341
16.36999999999976,0.01,101.62838624215699,-1.2250701189041138,2.9336142650245822,101.6578450621692,-1.1005596188272861,2.0677580303082124,122.21705026297298
16.37999999999976,0.01,101.6578450621692,-1.2233556509017944,2.921363563835539,101.68718120481945,-1.098981309449378,2.0567524341199377,122.23772784327606
16.389999999999763,0.01,101.68718120481945,-1.2216304540634155,2.909130007326519,101.71639484045781,-1.0973922522655855,2.045762621025442,122.25829536761727
16.399999999999764,0.01,101.71639484045781,-1.2198946475982666,2.896913702785883,101.74548614053109,-1.0957924629592615,2.0347886985027843,122.27875299382752
16.409999999999766,0.01,101.74548614053109,-1.2181479930877686,2.8847147563098985,101.77445527755894,-1.0941819573196798,2.02383077387319,122.29910088081256
16.419999999999767,0.01,101.77445527755894,-1.21639084815979,2.872533276379019,101.80330242512204,-1.0925607512418813,2.0128889542999917,122.3193391885513
16.42999999999977,0.01,101.80330242512204,-1.214623212814331,2.860369367897419,101.83202775788584,-1.0909288607265155,2.001963346787571,122.3394680780943
16.43999999999977,0.01,101.83202775788584,-1.2128444910049438,2.848223135769274,101.86063145156481,-1.0892863018796834,1.9910540581803042,122.35948771156218
16.449999999999772,0.01,101.86063145156481,-1.2110557556152344,2.836094690859223,101.88911368292251,-1.0876330909127767,1.9801611951615057,122.37939825214399
16.459999999999773,0.01,101.88911368292251,-1.2092560529708862,2.8239841333030684,101.9174746298311,-1.0859692441423208,1.9692848642523761,122.3991998640956
16.469999999999775,0.01,101.9174746298311,-1.207445502281189,2.8118915727733578,101.94571447116414,-1.0842947779898118,1.9584251718109513,122.41889271273813
16.479999999999777,0.01,101.94571447116414,-1.2056245803833008,2.799817117750544,101.97383338689187,-1.0826097089815543,1.9475822240310514,122.43847696445624
16.489999999999778,0.01,101.97383338689187,-1.2037930488586426,2.787760871946709,102.00183155806938,-1.0809140537484994,1.9367561269412341,122.45795278669655
16.49999999999978,0.01,102.00183155806938,-1.201951026916504,2.775722941458121,102.02970916678886,-1.0792078290260794,1.9259469864037475,122.47732034796597
16.50999999999978,0.01,102.02970916678886,-1.2000986337661743,2.763703431188954,102.05746639620345,-1.0774910516540432,1.915154908113485,122.49657981783001
16.519999999999783,0.01,102.05746639620345,-1.1982355117797852,2.7517024448512903,102.08510343051535,-1.0757637385762908,1.9043799975969429,122.51573136691115
16.529999999999784,0.01,102.08510343051535,-1.196362018585205,2.7397200897334906,102.11262045496386,-1.0740259068407056,1.8936223602111784,122.53477516688713
16.539999999999786,0.01,102.11262045496386,-1.194478154182434,2.7277564695476366,102.1400176558612,-1.072277573598984,1.8828821011427697,122.55371139048924
16.549999999999788,0.01,102.1400176558612,-1.1925835609436035,2.7158116880058105,102.16729522055668,-1.0705187561064697,1.872159325406778,122.57254021150067
16.55999999999979,0.01,102.16729522055668,-1.1906787157058716,2.7038858523963727,102.19445333743674,-1.0687494717219814,1.8614541378457117,122.59126180475474
16.56999999999979,0.01,102.19445333743674,-1.1887634992599487,2.691979065239312,102.2214921959607,-1.066969737907642,1.8507666431284902,122.60987634613319
16.579999999999792,0.01,102.2214921959607,-1.1868376731872559,2.6800914302467107,102.2484119866131,-1.065179572228705,1.840096945749412,122.62838401256448
16.589999999999794,0.01,102.2484119866131,-1.1849013566970825,2.6682230535148364,102.27521290091558,-1.0633789923533834,1.8294451500271234,122.64678498202198
16.599999999999795,0.01,102.27521290091558,-1.1829555034637451,2.6563740399478637,102.30189513145073,-1.0615680160526735,1.8188113601035878,122.66507943352225
16.609999999999797,0.01,102.30189513145073,-1.18099844455719,2.6445444849132245,102.32845887185022,-1.0597466612001802,1.8081956799430594,122.6832675471233
16.6199999999998,0.01,102.32845887185022,-1.1790313720703125,2.6327345004676506,102.35490431669935,-1.0579149457719415,1.797598213331056,122.70134950392273
16.6299999999998,0.01,102.35490431669935,-1.1770540475845337,2.6209441867469456,102.38123166170402,-1.0560728878462478,1.787019063873335,122.71932548605604
16.6399999999998,0.01,102.38123166170402,-1.1750662326812744,2.6091736462710986,102.4074411035715,-1.0542205056034677,1.7764583349948708,122.73719567669477
16.649999999999803,0.01,102.4074411035715,-1.1730679273605347,2.597422983944284,102.43353284003422,-1.052357817325866,1.7659161299388344,122.75496026004473
16.659999999999805,0.01,102.43353284003422,-1.1710598468780518,2.585692304670677,102.45950706987367,-1.050484841397425,1.7553925517655742,122.77261942134412
16.669999999999806,0.01,102.45950706987367,-1.1690412759780884,2.5739817062018946,102.48536399292038,-1.0486015963036595,1.7448877033515984,122.79017334686178
16.679999999999808,0.01,102.48536399292038,-1.1670125722885132,2.562291293442112,102.5111038099824,-1.046708100631439,1.7344016873885602,122.8076222238953
16.68999999999981,0.01,102.5111038099824,-1.1649736166000366,2.550621167719225,102.53672672291682,-1.044804373068801,1.723934606382244,122.82496624076919
16.69999999999981,0.01,102.53672672291682,-1.1629242897033691,2.538971431553223,102.56223293459402,-1.0428904324047685,1.7134865626515543,122.84220558683302
16.709999999999813,0.01,102.56223293459402,-1.1608651876449585,2.5273421886561875,102.58762264890956,-1.0409662975291634,1.703057658327505,122.85934045245953
16.719999999999814,0.01,102.58762264890956,-1.158795952796936,2.515733536779736,102.61289607079613,-1.0390319874324188,1.6926479953522118,122.87637102904282
16.729999999999816,0.01,102.61289607079613,-1.1567161083221436,2.504145577251765,102.63805340616393,-1.0370875212053956,1.682257675477886,122.89329750899634
16.739999999999817,0.01,102.63805340616393,-1.1546269655227661,2.492578416168542,102.66309486193646,-1.03513291803919,1.6718868002658305,122.91012008575112
16.74999999999982,0.01,102.66309486193646,-1.1525269746780396,2.4810321465133125,102.68802064609815,-1.0331681972249467,1.6615354710854369,122.92683895375377
16.75999999999982,0.01,102.68802064609815,-1.1504169702529907,2.4695068767665305,102.71283096756329,-1.031193378153666,1.6512037891131859,122.94345430846462
16.769999999999822,0.01,102.71283096756329,-1.1482975482940674,2.458002707063999,102.73752603633096,-1.0292084803160153,1.6408918553316476,122.95996634635576
16.779999999999824,0.01,102.73752603633096,-1.1461671590805054,2.4465197315810565,102.7621060634016,-1.0272135233021351,1.6305997705284858,122.97637526490908
16.789999999999825,0.01,102.7621060634016,-1.1440277099609375,2.43505805999025,102.78657126071742,-1.0252085268014457,1.6203276352954628,122.99268126261437
16.799999999999827,0.01,102.78657126071742,-1.1418776512145996,2.4236177828906387,102.81092184131732,-1.0231935106024534,1.6100755500274466,123.00888453896732
16.809999999999828,0.01,102.81092184131732,-1.1397175788879395,2.412199006378491,102.83515801914623,-1.0211684945925537,1.5998436149214206,123.0249852944676
16.81999999999983,0.01,102.83515801914623,-1.1375479698181152,2.4008018305896095,102.85928000921002,-1.0191334987578375,1.5896319299754935,123.04098373061682
16.82999999999983,0.01,102.85928000921002,-1.1353684663772583,2.3894263508914264,102.88328802751593,-1.0170885431828924,1.5794405949879136,123.05688004991657
16.839999999999833,0.01,102.88328802751593,-1.1331790685653687,2.378072666227652,102.90718229102485,-1.0150336480506048,1.569269709556083,123.07267445586645
16.849999999999834,0.01,102.90718229102485,-1.1309791803359985,2.3667408755419967,102.93096301768713,-1.0129688336419589,1.5591193730755755,123.08836715296201
16.859999999999836,0.01,102.93096301768713,-1.1287699937820435,2.355431083738635,102.95463042644256,-1.0108941203358395,1.5489896847391542,123.10395834669276
16.869999999999838,0.01,102.95463042644256,-1.1265507936477661,2.3441433838008128,102.97818473727995,-1.0088095286088299,1.5388807435357943,123.11944824354016
16.87999999999984,0.01,102.97818473727995,-1.1243219375610352,2.3328778758643334,103.00162617111796,-1.0067150790350092,1.5287926482497045,123.13483705097552
16.88999999999984,0.01,103.00162617111796,-1.122083306312561,2.321634656488721,103.02495494987662,-1.0046107922857481,1.518725497459353,123.15012497745802
16.899999999999842,0.01,103.02495494987662,-1.1198344230651855,2.310413823425594,103.04817129644151,-1.0024966891295077,1.5086793895364938,123.16531223243261
16.909999999999844,0.01,103.04817129644151,-1.117576241493225,2.2992154791949404,103.07127543467577,-1.0003727904316326,1.4986544226451972,123.18039902632798
16.919999999999845,0.01,103.07127543467577,-1.115308165550232,2.2880397167800064,103.09426758946772,-0.9982391171541458,1.4886506947408793,123.19538557055444
16.929999999999847,0.01,103.09426758946772,-1.1130300760269165,2.2768866351245025,103.11714798663553,-0.9960956903555415,1.4786683035693362,123.21027207750184
16.93999999999985,0.01,103.11714798663553,-1.1107428073883057,2.2657563343642315,103.13991685298677,-0.9939425311905757,1.4687073466657792,123.22505876053754
16.94999999999985,0.01,103.13991685298677,-1.1084457635879517,2.2546489062903468,103.16257441633041,-0.9917796609100606,1.4587679213538718,123.2397458340042
16.95999999999985,0.01,103.16257441633041,-1.106138825416565,2.2435644486544657,103.18512090539332,-0.989607100860653,1.4488501247447696,123.25433351321773
16.969999999999853,0.01,103.18512090539332,-1.1038224697113037,2.2325030604002984,103.20755654987987,-0.9874248724846437,1.4389540537361616,123.26882201446519
16.979999999999855,0.01,103.20755654987987,-1.1014964580535889,2.2214648357031836,103.22988158048388,-0.9852329973197448,1.4290798050113136,123.28321155500255
16.989999999999856,0.01,103.22988158048388,-1.09916090965271,2.210449871122646,103.25209622884091,-0.9830314969988799,1.4192274750381146,123.29750235305266
16.999999999999858,0.01,103.25209622884091,-1.0968157052993774,2.199458262026117,103.27420072755214,-0.9808203932499684,1.4093971600681243,123.31169462780305
17.00999999999986,0.01,103.27420072755214,-1.0944610834121704,2.1884901049731216,103.29619531017241,-0.9785997078957114,1.3995889561356232,123.32578859940374
17.01999999999986,0.01,103.29619531017241,-1.0920965671539307,2.177545494138998,103.31808021122214,-0.9763694628533777,1.3898029590566645,123.3397844889651
17.029999999999863,0.01,103.31808021122214,-1.089722990989685,2.166624528467457,103.33985566616353,-0.9741296801345841,1.3800392644281292,123.35368251855566
17.039999999999864,0.01,103.33985566616353,-1.0873396396636963,2.1557272985575584,103.36152191144821,-0.9718803818450825,1.370297967626782,123.36748291119994
17.049999999999866,0.01,103.36152191144821,-1.084947109222412,2.1448539021609196,103.38307918443378,-0.9696215901845389,1.3605791638083296,123.38118589087621
17.059999999999867,0.01,103.38307918443378,-1.0825448036193848,2.1340044310686936,103.40452772345539,-0.9673533274463156,1.3508829479064826,123.3947916825143
17.06999999999987,0.01,103.40452772345539,-1.0801335573196411,2.1231789830324983,103.42586776776608,-0.9650756160172492,1.341209414632018,123.40830051199336
17.07999999999987,0.01,103.42586776776608,-1.0777124166488647,2.1123776474593003,103.4470995575964,-0.9627884783774321,1.331558658471844,123.42171260613968
17.089999999999872,0.01,103.4470995575964,-1.0752819776535034,2.10160052329281,103.468223334071,-0.9604919370999898,1.321930773688068,123.4350281927244
17.099999999999874,0.01,103.468223334071,-1.0728425979614258,2.0908477035162734,103.48923933930394,-0.9581860148508581,1.3123258543170666,123.44824750046129
17.109999999999875,0.01,103.48923933930394,-1.0703938007354736,2.0801192775366575,103.5101478163391,-0.9558707343885573,1.3027439941685566,123.46137075900447
17.119999999999877,0.01,103.5101478163391,-1.0679357051849365,2.069415339529301,103.53094900911447,-0.9535461185639715,1.2931852868246696,123.47439819894615
17.129999999999878,0.01,103.53094900911447,-1.0654683113098145,2.05873598247745,103.55164316250976,-0.9512121903201205,1.2836498256390283,123.4873300518144
17.13999999999988,0.01,103.55164316250976,-1.0629916191101074,2.04808129936435,103.57223052233454,-0.9488689726919338,1.2741377037358257,123.50016655007079
17.14999999999988,0.01,103.57223052233454,-1.0605055093765259,2.0374513831732473,103.59271133532819,-0.946516488806024,1.2646490140089048,123.51290792710815
17.159999999999883,0.01,103.59271133532819,-1.0580101013183594,2.0268463280794804,103.61308584915993,-0.944154761880456,1.2551838491208431,123.52555441724823
17.169999999999884,0.01,103.61308584915993,-1.0555062294006348,2.016266227066295,103.63335431244073,-0.9417838152245218,1.245742301502037,123.53810625573944
17.179999999999886,0.01,103.63335431244073,-1.0529922246932983,2.005711164772287,103.6535169747114,-0.9394036722385076,1.2363244633497903,123.55056367875446
17.189999999999888,0.01,103.6535169747114,-1.050469994544983,1.9951812425253526,103.67357408635912,-0.9370143564134646,1.2269304266274037,123.56292692338796
17.19999999999989,0.01,103.67357408635912,-1.047938346862793,1.9846765425799011,103.69352589878439,-0.934615891330974,1.2175602830632677,123.57519622765423
17.20999999999989,0.01,103.69352589878439,-1.0453977584838867,1.9741971591112715,103.71337266421018,-0.9322083006629184,1.2082141241499564,123.58737183048487
17.219999999999892,0.01,103.71337266421018,-1.0428476333618164,1.963743181526431,103.7331146358013,-0.9297916081712458,1.1988920411433257,123.59945397172638
17.229999999999894,0.01,103.7331146358013,-1.0402888059616089,1.9533147051928113,103.75275206761657,-0.9273658377077355,1.1895941250616118,123.61144289213782
17.239999999999895,0.01,103.75275206761657,-1.0377209186553955,1.9429118171331936,103.7722852146685,-0.9249310132137633,1.180320466684533,123.62333883338843
17.249999999999897,0.01,103.7722852146685,-1.035144329071045,1.9325346079466381,103.79171433283983,-0.9224871587200625,1.171071156552394,123.63514203805528
17.2599999999999,0.01,103.79171433283983,-1.0325583219528198,1.922183164655926,103.8110396789193,-0.9200342983464911,1.1618462849651918,123.6468527496208
17.2699999999999,0.01,103.8110396789193,-1.0299638509750366,1.911857581436396,103.83026151056586,-0.9175724563017907,1.1526459419817254,123.65847121247046
17.2799999999999,0.01,103.83026151056586,-1.027359962463379,1.901557942926644,103.84938008638022,-0.9151016568833492,1.1434702174187061,123.66999767189027
17.289999999999903,0.01,103.84938008638022,-1.0247472524642944,1.8912843433020086,103.86839566580949,-0.912621924476958,1.1343192008498713,123.68143237406446
17.299999999999905,0.01,103.86839566580949,-1.0221258401870728,1.881036870777364,103.88730850924252,-0.9101332835565753,1.1251929816051003,123.69277556607295
17.309999999999906,0.01,103.88730850924252,-1.0194957256317139,1.8708156123754915,103.90611887795029,-0.9076357586840824,1.1160916487695332,123.70402749588901
17.319999999999908,0.01,103.90611887795029,-1.0168565511703491,1.8606206551191729,103.92482703407406,-0.9051293745090422,1.107015291182691,123.7151884123767
17.32999999999991,0.01,103.92482703407406,-1.0142089128494263,1.8504520896074679,103.94343324062525,-0.9026141557684532,1.0979639974375992,123.72625856528853
17.33999999999991,0.01,103.94343324062525,-1.0115522146224976,1.840310000478972,103.96193776152133,-0.9000901272865097,1.0889378558799132,123.73723820526291
17.349999999999913,0.01,103.96193776152133,-1.0088869333267212,1.8301944783327455,103.98034086152612,-0.8975573139743539,1.0799369546070468,123.74812758382171
17.359999999999914,0.01,103.98034086152612,-1.006212592124939,1.8201056089994767,103.99864280630945,-0.8950157408298304,1.0709613814673018,123.75892695336779
17.369999999999916,0.01,103.99864280630945,-1.0035299062728882,1.8100434830782257,104.01684386239944,-0.8924654329372409,1.062011224059002,123.76963656718246
17.379999999999917,0.01,104.01684386239944,-1.0008383989334106,1.8000081840154953,104.03494429723023,-0.8899064154670935,1.0530865697296283,123.78025667942305
17.38999999999992,0.01,104.03494429723023,-0.9981385469436646,1.7899998000261597,104.05294437907038,-0.8873387136758578,1.044187505574956,123.79078754512034
17.39999999999992,0.01,104.05294437907038,-0.9954299330711365,1.7800184145567215,104.07084437707064,-0.8847623529057143,1.0353141184381962,123.80122942017609
17.409999999999922,0.01,104.07084437707064,-0.992712676525116,1.7700641152260086,104.08864456121621,-0.8821773585843041,1.0264664949091378,123.81158256136047
17.419999999999924,0.01,104.08864456121621,-0.9899868965148926,1.7601369884607558,104.10634520236847,-0.8795837562244762,1.0176447213232933,123.82184722630956
17.429999999999925,0.01,104.10634520236847,-0.9872526526451111,1.7502371194956055,104.12394657225309,-0.8769815714240394,1.0088488837610472,123.8320236735228
17.439999999999927,0.01,104.12394657225309,-0.9845096468925476,1.7403645929691527,104.14144894344805,-0.8743708298655074,1.0000790680468055,123.84211216236041
17.44999999999993,0.01,104.14144894344805,-0.9817584753036499,1.7305194965002257,104.15885258937774,-0.8717515573158452,0.991335359748149,123.85211295304087
17.45999999999993,0.01,104.15885258937774,-0.9789987802505493,1.7207019117471878,104.17615778434275,-0.8691237796262162,0.9826178441749892,123.86202630663836
17.46999999999993,0.01,104.17615778434275,-0.976230263710022,1.7109119239446808,104.19336480346023,-0.8664875227317239,0.9739266063787256,123.87185248508011
17.479999999999933,0.01,104.19336480346023,-0.9734538197517395,1.7011496213075792,104.21047392269968,-0.8638428126511603,0.965261731151407,123.8815917511439
17.489999999999934,0.01,104.21047392269968,-0.9706689119338989,1.6914150831100603,104.22748541891275,-0.861189675486746,0.9566233030248941,123.89124436845542
17.499999999999936,0.01,104.22748541891275,-0.967875599861145,1.6817083939907198,104.24439956974385,-0.8585281374238746,0.9480114062700252,123.90081060148567
17.509999999999938,0.01,104.24439956974385,-0.9650740027427673,1.672029637992107,104.26121665368376,-0.8558582247308507,0.9394261248957851,123.91029071554837
17.51999999999994,0.01,104.26121665368376,-0.962263822555542,1.6623788979646776,104.27793695006369,-0.8531799637586354,0.9308675426484753,123.91968497679733
17.52999999999994,0.01,104.27793695006369,-0.9594457149505615,1.6527562597391208,104.29456073904333,-0.8504933809405835,0.9223357430108876,123.92899365222381
17.539999999999942,0.01,104.29456073904333,-0.956619381904602,1.6431618025896138,104.31108830164072,-0.8477985027921834,0.9138308092014804,123.93821700965393
17.549999999999944,0.01,104.31108830164072,-0.953784704208374,1.6335956087705663,104.32751991966663,-0.8450953559107928,0.9053528241735572,123.94735531774595
17.559999999999945,0.01,104.32751991966663,-0.9509415626525879,1.624057761728481,104.34385587575433,-0.842383966975381,0.8969018706144479,123.95640884598768
17.569999999999947,0.01,104.34385587575433,-0.9480910897254944,1.6145483461019536,104.36009645337161,-0.8396643627462621,0.8884780309446928,123.96537786469382
17.57999999999995,0.01,104.36009645337161,-0.9452316761016846,1.6050674352046972,104.37624193683263,-0.836936570064832,0.8800813873172288,123.97426264500326
17.58999999999995,0.01,104.37624193683263,-0.9423642754554749,1.5956151184436789,104.39229261118467,-0.8342006158533041,0.8717120216165792,123.98306345887644
17.59999999999995,0.01,104.39229261118467,-0.9394891262054443,1.5861914756891227,104.40824876236911,-0.83145652711444,0.8633700154580449,123.9917805790926
17.609999999999953,0.01,104.40824876236911,-0.93660569190979,1.5767965844270668,104.42411067712601,-0.8287043309312887,0.8550554501868992,124.00041427924718
17.619999999999955,0.01,104.42411067712601,-0.9337142109870911,1.5674305275079674,104.43987864297029,-0.8259440544669154,0.846768406877585,124.00896483374905
17.629999999999956,0.01,104.43987864297029,-0.9308147430419922,1.558093385398095,104.45555294824537,-0.8231757249641353,0.8385089663329146,124.01743251781782
17.639999999999958,0.01,104.45555294824537,-0.9279073476791382,1.5487852379676736,104.47113388209935,-0.8203993697452413,0.830277209083272,124.02581760748116
17.64999999999996,0.01,104.47113388209935,-0.9249918460845947,1.5395061644908807,104.48662173447903,-0.8176150162117394,0.8220732153858182,124.03412037957199
17.65999999999996,0.01,104.48662173447903,-0.9220685958862305,1.5302562460300333,104.50201679612394,-0.814822691844075,0.8138970652236995,124.04234111172585
17.669999999999963,0.01,104.50201679612394,-0.9191373586654663,1.5210355600711696,104.51731935858425,-0.812022424201362,0.8057488383052576,124.05048008237809
17.679999999999964,0.01,104.51731935858425,-0.9161983728408813,1.5118441864845136,104.53252971418496,-0.8092142409211124,0.7976286140632427,124.05853757076115
17.689999999999966,0.01,104.53252971418496,-0.913251519203186,1.5026822027561033,104.5476481560498,-0.8063981697189602,0.7895364716540303,124.06651385690178
17.699999999999967,0.01,104.5476481560498,-0.910297155380249,1.49354968756407,104.56267497807737,-0.8035742383883915,0.7814724899568394,124.07440922161832
17.70999999999997,0.01,104.56267497807737,-0.907334566116333,1.484446716010266,104.577610474953,-0.800742474800469,0.7734367475729542,124.0822239465179
17.71999999999997,0.01,104.577610474953,-0.9043645858764648,1.4753733703491012,104.59245494211311,-0.7979029069035566,0.7654293228249482,124.08995831399363
17.729999999999972,0.01,104.59245494211311,-0.9013866782188416,1.466329724490335,104.60720867581661,-0.7950555627230416,0.7574502937559114,124.09761260722189
17.739999999999974,0.01,104.60720867581661,-0.8984010219573975,1.4573158577081453,104.62187197306152,-0.7922004703610621,0.7494997381286798,124.10518711015945
17.749999999999975,0.01,104.62187197306152,-0.8954076766967773,1.44833184748857,104.6364451316386,-0.7893376579962275,0.7415777334250679,124.11268210754073
17.759999999999977,0.01,104.6364451316386,-0.8924069404602051,1.439377770721601,104.65092845011348,-0.7864671538833404,0.7336843568451045,124.12009788487498
17.76999999999998,0.01,104.65092845011348,-0.8893985152244568,1.4304537013169973,104.6653222278207,-0.7835889863531162,0.7258196853062698,124.12743472844343
17.77999999999998,0.01,104.6653222278207,-0.8863822221755981,1.4215597161647513,104.67962676483387,-0.7807031838119073,0.7179837954427375,124.13469292529649
17.78999999999998,0.01,104.67962676483387,-0.8833588361740112,1.4126958939429939,104.69384236199552,-0.7778097747414195,0.7101767636046172,124.14187276325092
17.799999999999983,0.01,104.69384236199552,-0.8803275227546692,1.4038623055812525,104.70796932093495,-0.7749087876984325,0.7023986658572018,124.14897453088696
17.809999999999985,0.01,104.70796932093495,-0.8772889375686646,1.3950590303537045,104.72200794399076,-0.7720002513145178,0.6946495779802162,124.15599851754553
17.819999999999986,0.01,104.72200794399076,-0.874242901802063,1.3862861409780165,104.7359585342943,-0.7690841942957537,0.6869295754670698,124.16294501332533
17.829999999999988,0.01,104.7359585342943,-0.8711891770362854,1.3775437119599945,104.74982139570407,-0.7661606454224467,0.679238733524111,124.16981430908
17.83999999999999,0.01,104.74982139570407,-0.8681284785270691,1.3688318201896303,104.76359683282368,-0.7632296335488437,0.6715771270698854,124.17660669641523
17.84999999999999,0.01,104.76359683282368,-0.8650603294372559,1.3601505354043584,104.77728515102558,-0.7602911876028494,0.6639448307343957,124.18332246768594
17.859999999999992,0.01,104.77728515102558,-0.8619844913482666,1.3514999321099845,104.79088665637963,-0.7573453365857375,0.656341918858366,124.18996191599328
17.869999999999994,0.01,104.79088665637963,-0.8589012026786804,1.3428800871965005,104.80440165570073,-0.7543921095718692,0.6487684654925074,124.19652533518186
17.879999999999995,0.01,104.80440165570073,-0.8558111786842346,1.3342910751697123,104.8178304565727,-0.7514315357084025,0.6412245443967876,124.20301301983679
17.889999999999997,0.01,104.8178304565727,-0.852713942527771,1.3257329633828687,104.8311733673244,-0.7484636442150064,0.6337102290397023,124.20942526528076
17.9,0.01,104.8311733673244,-0.8496089577674866,1.3172058239575897,104.84443069695823,-0.7454884643835727,0.6262255925975511,124.21576236757116
17.91,0.01,104.84443069695823,-0.8464971780776978,1.3087097343799134,104.8576027551978,-0.7425060255779232,0.6187707079537141,124.22202462349713
17.92,0.01,104.8576027551978,-0.8433778285980225,1.3002447625991351,104.8706898525416,-0.739516357233526,0.6113456476979338,124.22821233057667
17.930000000000003,0.01,104.8706898525416,-0.8402518033981323,1.2918109843131536,104.8836923001676,-0.7365194888572006,0.6039504841255974,124.23432578705365
17.940000000000005,0.01,104.8836923001676,-0.8371180891990662,1.283408466279171,104.89661041001072,-0.7335154500268287,0.5965852892370243,124.2403652918949
17.950000000000006,0.01,104.89661041001072,-0.8339777588844299,1.275037285387179,104.90944449467352,-0.7305042703910593,0.5892501347367548,124.24633114478728
17.960000000000008,0.01,104.90944449467352,-0.8308305144309998,1.2666975077983333,104.9221948675274,-0.7274859796690204,0.5819450920328431,124.25222364613465
17.97000000000001,0.01,104.9221948675274,-0.8276759386062622,1.258389202654022,104.93486184260539,-0.724460607650023,0.5746702322361518,124.25804309705498
17.98000000000001,0.01,104.93486184260539,-0.8245143294334412,1.250112443267958,104.94744573463193,-0.7214281841932684,0.5674256261596504,124.26378979937735
17.990000000000013,0.01,104.94744573463193,-0.8213458061218262,1.2418672999736222,104.95994685906462,-0.7183887392275501,0.5602113443177166,124.26946405563895
18.000000000000014,0.01,104.95994685906462,-0.8181705474853516,1.2336538419124026,104.97236553206436,-0.7153423027509637,0.55302745692544,124.27506616908212
18.010000000000016,0.01,104.97236553206436,-0.8149881362915039,1.2254721364375478,104.98470207048348,-0.7122889048306074,0.5458740338979292,124.28059644365138
18.020000000000017,0.01,104.98470207048348,-0.8117989897727966,1.2173222550746314,104.99695679184785,-0.7092285756022857,0.538751144849622,124.28605518399036
18.03000000000002,0.01,104.99695679184785,-0.8086028099060059,1.2092042651769022,105.0091300143986,-0.7061613452702139,0.5316588590935981,124.29144269543886
18.04000000000002,0.01,105.0091300143986,-0.805400013923645,1.2011182370778408,105.02122205705037,-0.7030872441067152,0.5245972456408948,124.2967592840298
18.050000000000022,0.01,105.02122205705037,-0.8021905422210693,1.193064236938603,105.03323323942115,-0.7000063024519276,0.5175663731998266,124.30200525648621
18.060000000000024,0.01,105.03323323942115,-0.798974335193634,1.1850423315163912,105.04516388179054,-0.6969185507135017,0.5105663101753062,124.30718092021822
18.070000000000025,0.01,105.04516388179054,-0.7957509756088257,1.1770525881644536,105.05701430510571,-0.6938240193663013,0.5035971246681701,124.31228658331997
18.080000000000027,0.01,105.05701430510571,-0.7925214171409607,1.169095078408364,105.06878483098735,-0.6907227389520999,0.49665888447450596,124.31732255456666
18.09000000000003,0.01,105.06878483098735,-0.7892849445343018,1.1611698642369532,105.08047578177144,-0.6876147400792839,0.48975165708498386,124.32228914341141
18.10000000000003,0.01,105.08047578177144,-0.7860419750213623,1.153277014791609,105.09208748041381,-0.6845000534225474,0.48287550968418996,124.32718665998226
18.11000000000003,0.01,105.09208748041381,-0.7827922105789185,1.1454165950413941,105.10362025056173,-0.6813787097225904,0.4760305091499634,124.3320154150791
18.120000000000033,0.01,105.10362025056173,-0.7795360088348389,1.1375886729356037,105.11507441651214,-0.6782507397858158,0.46921672205273646,124.33677572017059
18.130000000000035,0.01,105.11507441651214,-0.7762733101844788,1.1297933128472541,105.1264503032415,-0.6751161744840223,0.4624342146548772,124.34146788739112
18.140000000000036,0.01,105.1264503032415,-0.7730039954185486,1.1220305797454082,105.13774823636997,-0.671975044754105,0.4556830529100359,124.34609222953767
18.150000000000038,0.01,105.13774823636997,-0.7697283029556274,1.1143005397912216,105.14896854216742,-0.6688273815977461,0.44896330246249383,124.35064906006677
18.16000000000004,0.01,105.14896854216742,-0.7664463520050049,1.1066032567616642,105.16011154756534,-0.6656732160811111,0.4422750286465153,124.35513869309139
18.17000000000004,0.01,105.16011154756534,-0.7631577253341675,1.0989387932416128,105.17117758013295,-0.6625125793345384,0.43561829648570316,124.35956144337786
18.180000000000042,0.01,105.17117758013295,-0.7598628997802734,1.09130721598827,105.18216696806536,-0.6593455025522378,0.42899317069235676,124.36391762634271
18.190000000000044,0.01,105.18216696806536,-0.7565617561340332,1.0837085869904661,105.19308004022524,-0.6561720169919782,0.4223997156668334,124.36820755804963
18.200000000000045,0.01,105.19308004022524,-0.7532538771629333,1.0761429694291247,105.20391712609515,-0.6529921539747822,0.4158379954969126,124.3724315552063
18.210000000000047,0.01,105.20391712609515,-0.749940037727356,1.0686104306574942,105.21467855578945,-0.6498059448846117,0.40930807395716373,124.37658993516128
18.22000000000005,0.01,105.21467855578945,-0.7466201782226562,1.0611110302802194,105.22536466009602,-0.6466134211680655,0.4028100145083166,124.38068301590084
18.23000000000005,0.01,105.22536466009602,-0.7432934641838074,1.0536448284979916,105.23597577039882,-0.6434146143340637,0.3963438802966349,124.38471111604592
18.24000000000005,0.01,105.23597577039882,-0.7399610877037048,1.0462118938561524,105.2465122186838,-0.640209555953538,0.3899097341532933,124.38867455484889
18.250000000000053,0.01,105.2465122186838,-0.7366225719451904,1.0388122829791142,105.25697433762237,-0.636998277659122,0.3835076385937569,124.39257365219042
18.260000000000055,0.01,105.25697433762237,-0.7332778573036194,1.031446057259661,105.26736246045216,-0.633780811144834,0.3771376558171647,124.39640872857636
18.270000000000056,0.01,105.26736246045216,-0.7299267649650574,1.0241132786866238,105.27767692102476,-0.6305571881657706,0.37079984770571534,124.40018010513454
18.280000000000058,0.01,105.27767692102476,-0.7265700101852417,1.016814011036972,105.28791805381164,-0.6273274405377889,0.36449427582405663,124.40388810361159
18.29000000000006,0.01,105.28791805381164,-0.7232071161270142,1.0095483109351187,105.298086193922,-0.6240916001371952,0.35822100141867774,124.40753304636984
18.30000000000006,0.01,105.298086193922,-0.71983802318573,1.0023162397738474,105.30818167703136,-0.6208496989004261,0.3519800854173048,124.41111525638402
18.310000000000063,0.01,105.30818167703136,-0.7164629697799683,0.9951178595419891,105.3182048394291,-0.6176017688237389,0.3457715884282996,124.4146350572382
18.320000000000064,0.01,105.3182048394291,-0.7130821347236633,0.9879532298441882,105.32815601802452,-0.614347841962892,0.33959557074006125,124.41809277312248
18.330000000000066,0.01,105.32815601802452,-0.7096955180168152,0.9808224084969505,105.33803555032296,-0.6110879504328303,0.3334520923204314,124.42148872882989
18.340000000000067,0.01,105.33803555032296,-0.7063028216362,0.9737254533167812,105.34784377440793,-0.6078221264073674,0.3273412128161021,124.42482324975309
18.35000000000007,0.01,105.34784377440793,-0.702904462814331,0.9666624251004181,105.3575810289411,-0.6045504021188668,0.3212629915520275,124.42809666188126
18.36000000000007,0.01,105.3575810289411,-0.6995003819465637,0.9596333804722736,105.36724765319211,-0.6012728098579269,0.3152174875308379,124.43130929179678
18.370000000000072,0.01,105.36724765319211,-0.6960899829864502,0.9526383766528069,105.37684398699683,-0.5979893819730601,0.30920475943225767,124.43446146667209
18.380000000000074,0.01,105.37684398699683,-0.6926742792129517,0.9456774768229413,105.38637037076336,-0.5947001508703751,0.30322486561252615,124.43755351426641
18.390000000000075,0.01,105.38637037076336,-0.6892529726028442,0.9387507340308108,105.39582714553158,-0.5914051490132531,0.29727786410382145,124.44058576292254
18.400000000000077,0.01,105.39582714553158,-0.6858257055282593,0.9318582043047813,105.40521465287189,-0.5881044089220331,0.291363812613688,124.44355854156358
18.41000000000008,0.01,105.40521465287189,-0.682392954826355,0.9249999472494976,105.41453323491494,-0.5847979631736873,0.28548276852446675,124.4464721796897
18.42000000000008,0.01,105.41453323491494,-0.6789544820785522,0.918176017701233,105.42378323438744,-0.5814858444015012,0.27963478889272897,124.44932700737495
18.43000000000008,0.01,105.42378323438744,-0.6755107045173645,0.9113864728804465,105.43296499456446,-0.5781680852947481,0.27381993044871306,124.45212335526388
18.440000000000083,0.01,105.43296499456446,-0.6720609664916992,0.9046313658352718,105.44207885929326,-0.5748447185983717,0.26803824959576467,124.45486155456837
18.450000000000085,0.01,105.44207885929326,-0.6686061024665833,0.8979107561703538,105.45112517295162,-0.57151577711266,0.26228980240978006,124.45754193706432
18.460000000000086,0.01,105.45112517295162,-0.6651455760002136,0.8912246951456869,105.46010428051332,-0.5681812936929211,0.25657464463865254,124.46016483508842
18.470000000000088,0.01,105.46010428051332,-0.6616796255111694,0.8845732393856838,105.46901652746477,-0.5648413012491614,0.25089283170172244,124.46273058153481
18.48000000000009,0.01,105.46901652746477,-0.6582084894180298,0.8779564431305711,105.47786225985863,-0.5614958327457559,0.24524441868922994,124.46523950985183
18.49000000000009,0.01,105.47786225985863,-0.6547317504882812,0.8713743582363898,105.48664182428993,-0.558144921201129,0.23962946036177152,124.46769195403871
18.500000000000092,0.01,105.48664182428993,-0.6512496471405029,0.864827040731506,105.4953555678723,-0.554788599687425,0.23404801114975934,124.47008824864233
18.510000000000094,0.01,105.4953555678723,-0.6477624773979187,0.8583145442600999,105.50400383827962,-0.5514269013301831,0.22850012515288423,124.47242872875383
18.520000000000095,0.01,105.50400383827962,-0.6442697048187256,0.8518369194861197,105.51258698372222,-0.5480598593080069,0.22298585613958155,124.47471373000536
18.530000000000097,0.01,105.51258698372222,-0.6407718658447266,0.8453942224379315,105.52110535291708,-0.544687506852243,0.21750525754650063,124.47694358856675
18.5400000000001,0.01,105.52110535291708,-0.6372688412666321,0.8389865037794833,105.52955929514145,-0.5413098772466485,0.21205838247797734,124.47911864114222
18.5500000000001,0.01,105.52955929514145,-0.6337605714797974,0.8326138153668159,105.53794916017925,-0.537927003827064,0.20664528370551,124.481239224967
18.5600000000001,0.01,105.53794916017925,-0.6302471160888672,0.826276209652017,105.54627529833292,-0.5345389199810855,0.2012660136672385,124.48330567780405
18.570000000000103,0.01,105.54627529833292,-0.6267286539077759,0.8199737384911273,105.55453806042944,-0.5311456591477308,0.1959206244674268,124.48531833794073
18.580000000000105,0.01,105.55453806042944,-0.6232048869132996,0.8137064519520486,105.56273779781435,-0.5277472548171152,0.19060916787594867,124.4872775441854
18.590000000000106,0.01,105.56273779781435,-0.6196766495704651,0.8074744030829146,105.57087486233387,-0.5243437405301176,0.18533169532777669,124.48918363586417
18.600000000000108,0.01,105.57087486233387,-0.616142988204956,0.801277636587209,105.5789496063647,-0.5209351498780509,0.18008825792247468,124.49103695281744
18.61000000000011,0.01,105.5789496063647,-0.612604558467865,0.7951162067051585,105.58696238273058,-0.5175215165023269,0.17487890642369336,124.49283783539666
18.62000000000011,0.01,105.58696238273058,-0.6090609431266785,0.7889901611204788,105.59491354479763,-0.5141028740941297,0.16970369125866927,124.4945866244609
18.630000000000113,0.01,105.59491354479763,-0.6055124998092651,0.7828995516892111,105.60280344640884,-0.5106792563940797,0.16456266251772717,124.49628366137348
18.640000000000114,0.01,105.60280344640884,-0.6019593477249146,0.7768444266911175,105.61063244192573,-0.5072506971919024,0.15945586995378558,124.49792928799866
18.650000000000116,0.01,105.61063244192573,-0.5984011292457581,0.7708248332138674,105.61840088619265,-0.5038172303260912,0.15438336298186575,124.4995238466982
18.660000000000117,0.01,105.61840088619265,-0.5948380827903748,0.7648408219214089,105.62610913452478,-0.5003788896835787,0.14934519067860405,124.50106768032802
18.67000000000012,0.01,105.62610913452478,-0.5912704467773438,0.7588924410935042,105.633757542744,-0.496935709199399,0.1443414017817675,124.5025611322348
18.68000000000012,0.01,105.633757542744,-0.5876978635787964,0.7529797366257298,105.64134646715493,-0.49348772285635345,0.1393720446897727,124.50400454625262
18.690000000000122,0.01,105.64134646715493,-0.5841209292411804,0.747102757989941,105.64887626452119,-0.4900349646846761,0.1344371674612084,124.50539826669952
18.700000000000124,0.01,105.64887626452119,-0.5805391073226929,0.7412615486975282,105.65634729210109,-0.4865774687616943,0.12953681781436088,124.50674263837412
18.710000000000125,0.01,105.65634729210109,-0.5769528150558472,0.7354561576243004,105.66375990758806,-0.48311526921149794,0.12467104312674318,124.50803800655227
18.720000000000127,0.01,105.66375990758806,-0.5733615756034851,0.729686629473741,105.67111446916431,-0.47964840020459887,0.11983989043462745,124.50928471698353
18.73000000000013,0.01,105.67111446916431,-0.5697659850120544,0.7239530137177053,105.67841133545905,-0.47617689595759544,0.11504340643258071,124.51048311588788
18.74000000000013,0.01,105.67841133545905,-0.5661659240722656,0.7182553538675839,105.68565086559623,-0.4727007907328311,0.11028163747300401,124.51163354995221
18.75000000000013,0.01,105.68565086559623,-0.5625615119934082,0.7125936946268603,105.69283341913491,-0.46922011883806214,0.10555462956567496,124.51273636632693
18.760000000000133,0.01,105.69283341913491,-0.5589525699615479,0.7069680795069253,105.69995935608118,-0.46573491462611494,0.1008624283772936,124.5137919126226
18.770000000000135,0.01,105.69995935608118,-0.5553387403488159,0.701378553807309,105.70702903687625,-0.462245212494548,0.09620507923103172,124.51480053690636
18.780000000000136,0.01,105.70702903687625,-0.5517209768295288,0.69582516640382,105.71404282241433,-0.4587510468853135,0.09158262710608552,124.51576258769867
18.790000000000138,0.01,105.71404282241433,-0.5480988621711731,0.6903079566355238,105.72100107407837,-0.4552524522844133,0.08699511663723167,124.51667841396973
18.80000000000014,0.01,105.72100107407837,-0.5444722175598145,0.6848269680138113,105.72790415364473,-0.4517494632215649,0.08244259211438683,124.51754836513611
18.81000000000014,0.01,105.72790415364473,-0.540841281414032,0.6793822458382123,105.73475242332486,-0.44824211426985583,0.07792509748217047,124.51837279105725
18.820000000000142,0.01,105.73475242332486,-0.5372063517570496,0.6739738330240711,105.74154624578324,-0.44473044004540546,0.07344267633947121,124.51915204203206
18.830000000000144,0.01,105.74154624578324,-0.5335668325424194,0.6686017695064997,105.74828598411348,-0.4412144752070186,0.06899537193901646,124.51988646879546
18.840000000000146,0.01,105.74828598411348,-0.5299233198165894,0.6632661011810748,105.75497200180854,-0.4376942544558498,0.06458322718694559,124.52057642251485
18.850000000000147,0.01,105.75497200180854,-0.5262756943702698,0.657966867982908,105.76160466282035,-0.43416981253505665,0.06020628464238641,124.52122225478672
18.86000000000015,0.01,105.76160466282035,-0.5226240158081055,0.6527041110392046,105.76818433150018,-0.4306411842294591,0.05586458651703516,124.52182431763315
18.87000000000015,0.01,105.76818433150018,-0.5189681053161621,0.6474778708811227,105.77471137261057,-0.4271084043651919,0.051558174674739894,124.52238296349832
18.88000000000015,0.01,105.77471137261057,-0.5153080821037292,0.6422881898279603,105.78118615131937,-0.42357150780936703,0.04728709063108731,124.52289854524507
18.890000000000153,0.01,105.78118615131937,-0.5116445422172546,0.6371351090069223,105.78760903321765,-0.42003052946972574,0.04305137555299298,124.52337141615138
18.900000000000155,0.01,105.78760903321765,-0.507976770401001,0.6320186635847489,105.79398038430772,-0.41648550429429454,0.03885107025829507,124.52380192990691
18.910000000000156,0.01,105.79398038430772,-0.5043046474456787,0.6269388958807381,105.80030057094356,-0.41293646727104183,0.03468621521535147,124.52419044060949
18.920000000000158,0.01,105.80030057094356,-0.500629186630249,0.6218958494062806,105.80656995990238,-0.4093834534275282,0.03055685054264041,124.52453730276164
18.93000000000016,0.01,105.80656995990238,-0.49694961309432983,0.6168895575399773,105.81278891839644,-0.40582649783056685,0.02646301600836449,124.52484287126707
18.94000000000016,0.01,105.81278891839644,-0.4932663142681122,0.6119200614090332,105.81895781397183,-0.4022656355858735,0.022404751030058186,124.52510750142716
18.950000000000163,0.01,105.81895781397183,-0.48957908153533936,0.6069873982663513,105.82507701458593,-0.398700901837722,0.018382094674198823,124.52533154893746
18.960000000000164,0.01,105.82507701458593,-0.4858880341053009,0.6020916074509971,105.8311468885686,-0.39513233176859325,0.01439508565582098,124.5255153698842
18.970000000000166,0.01,105.8311468885686,-0.48219335079193115,0.5972327271099434,105.8371678046431,-0.39155996059883413,0.010443762338134429,124.52565932074076
18.980000000000167,0.01,105.8371678046431,-0.4784950613975525,0.5924107936020233,105.8431401319142,-0.3879838235863059,0.006528162732145476,124.52576375836414
18.99000000000017,0.01,105.8431401319142,-0.4747928977012634,0.587625842988047,105.84906423985022,-0.3844039560260371,0.0026483244962818104,124.52582903999145
19.00000000000017,0.01,105.84906423985022,-0.4710874557495117,0.5828779140110336,105.8549404982801,-0.3808203932498763,-0.0011957150639791614,124.52585552323642
19.010000000000172,0.01,105.8549404982801,-0.46737831830978394,0.5781670394535378,105.86076927742022,-0.3772331706261394,-0.00500391899647852,124.52584356608578
19.020000000000174,0.01,105.86076927742022,-0.46366557478904724,0.5734932562704392,105.86655094781476,-0.3736423235592665,-0.008776250702740504,124.52579352689582
19.030000000000175,0.01,105.86655094781476,-0.4599491357803345,0.568856600522548,105.87228588037746,-0.3700478874894683,-0.012512673938333753,124.5257057643888
19.040000000000177,0.01,105.87228588037746,-0.45622965693473816,0.564257109164744,105.8779744463827,-0.366449897892379,-0.016213152813229013,124.52558063764943
19.05000000000018,0.01,105.8779744463827,-0.4525061547756195,0.5596948125953959,105.88361701747434,-0.3628483902787009,-0.019877651792153377,124.5254185061213
19.06000000000018,0.01,105.88361701747434,-0.44877955317497253,0.555169751047639,105.88921396560029,-0.3592434001938616,-0.023506135694940953,124.52521972960338
19.07000000000018,0.01,105.88921396560029,-0.4450494050979614,0.5506819555158886,105.89476566311077,-0.3556349632176575,-0.02709856969688013,124.52498466824643
19.080000000000183,0.01,105.89476566311077,-0.44131624698638916,0.5462314614649083,105.90027248266594,-0.352023114963905,-0.03065491932905726,124.52471368254946
19.090000000000185,0.01,105.90027248266594,-0.4375799298286438,0.5418182989950437,105.90573479728059,-0.3484078910800891,-0.03417515047869686,124.52440713335616
19.100000000000186,0.01,105.90573479728059,-0.4338400959968567,0.5374424996967566,105.91115298027054,-0.34478932724700806,-0.0376592293894983,124.52406538185137
19.110000000000188,0.01,105.91115298027054,-0.4300967752933502,0.5331040987367873,105.91652740526752,-0.34116745917842695,-0.04110712266196892,124.52368878955748
19.12000000000019,0.01,105.91652740526752,-0.4263506233692169,0.5288031309838531,105.92185844625489,-0.33754232262072154,-0.044518797253753725,124.52327771833086
19.13000000000019,0.01,105.92185844625489,-0.4226010739803314,0.5245396247501602,105.92714647756473,-0.333913953352527,-0.04789422047996147,124.52283253035833
19.140000000000192,0.01,105.92714647756473,-0.41884854435920715,0.5203136140103563,105.93239187381224,-0.3302823871843812,-0.05123336001348726,124.52235358815354
19.150000000000194,0.01,105.93239187381224,-0.4150928854942322,0.5161251285667635,105.93759500995235,-0.3266476599583771,-0.05453618388533159,124.5218412545534
19.160000000000196,0.01,105.93759500995235,-0.41133400797843933,0.5119741997118206,105.94275626123802,-0.3230098075478051,-0.05780266048491587,124.52129589271453
19.170000000000197,0.01,105.94275626123802,-0.40757250785827637,0.5078608596320355,105.94787600323514,-0.3193688658568008,-0.061032758560394425,124.52071786610968
19.1800000000002,0.01,105.94787600323514,-0.40380769968032837,0.5037851345534521,105.95295461183146,-0.31572487081998674,-0.06422644721896294,124.52010753852407
19.1900000000002,0.01,105.95295461183146,-0.4000401198863983,0.49974705755664817,105.95799246317699,-0.3120778584021237,-0.0673836959271633,124.51946527405188
19.200000000000202,0.01,105.95799246317699,-0.39626994729042053,0.49574665635778353,105.96298993375255,-0.3084278645977521,-0.07050447451118502,124.51879143709262
19.210000000000203,0.01,105.96298993375255,-0.39249634742736816,0.4917839568848787,105.96794740031613,-0.3047749254308371,-0.07358875315716303,124.5180863923475
19.220000000000205,0.01,105.96794740031613,-0.3887200355529785,0.4878589934106044,105.97286523988498,-0.3011190769544146,-0.07663650241147188,124.51735050481592
19.230000000000206,0.01,105.97286523988498,-0.3849412500858307,0.483971793055074,105.97774382981909,-0.297460355250231,-0.0796476931810165,124.5165841397918
19.240000000000208,0.01,105.97774382981909,-0.3811591863632202,0.4801223805542151,105.98258354774964,-0.2937987964283935,-0.08262229673351927,124.51578766285999
19.25000000000021,0.01,105.98258354774964,-0.377375066280365,0.4763107886905823,105.98738477155518,-0.29013443662700955,-0.08556028469780366,124.51496143989266
19.26000000000021,0.01,105.98738477155518,-0.3735876679420471,0.4725370380277781,105.99214787944209,-0.28646731201183195,-0.08846162906407422,124.51410583704568
19.270000000000213,0.01,105.99214787944209,-0.3697977662086487,0.46880116134835703,105.99687324982237,-0.28279745877589807,-0.09132630218419299,124.51322122075503
19.280000000000214,0.01,105.99687324982237,-0.366005539894104,0.46510318368626996,106.00156126143585,-0.2791249131391789,-0.09415427677195241,124.51230795773319
19.290000000000216,0.01,106.00156126143585,-0.3622105121612549,0.46144312828732836,106.00621229327271,-0.2754497113482172,-0.09694552590334464,124.51136641496547
19.300000000000217,0.01,106.00621229327271,-0.35841304063796997,0.45782102316571527,106.01082672455559,-0.2717718896757708,-0.09970002301682725,124.51039695970643
19.31000000000022,0.01,106.01082672455559,-0.3546127676963806,0.454236892759335,106.01540493478724,-0.268091484420456,-0.10241774191358538,124.50939995947626
19.32000000000022,0.01,106.01540493478724,-0.35081037878990173,0.4506907650823706,106.01994730371483,-0.26440853190638464,-0.10509865675779036,124.50837578205712
19.330000000000222,0.01,106.01994730371483,-0.34700536727905273,0.44718266129447104,106.02445421136565,-0.26072306848281224,-0.10774274207685462,124.50732479548954
19.340000000000224,0.01,106.02445421136565,-0.343198299407959,0.44371260762167997,106.0289260379786,-0.2570351305237749,-0.11034997276168315,124.50624736806877
19.350000000000225,0.01,106.0289260379786,-0.33938834071159363,0.4402806246275998,106.0333631640548,-0.25334475442773247,-0.1129203240669213,124.50514386834115
19.360000000000227,0.01,106.0333631640548,-0.3355763554573059,0.4368867412204833,106.03776597030108,-0.24965197661720506,-0.11545377161119902,124.50401466510048
19.37000000000023,0.01,106.03776597030108,-0.3317621946334839,0.43353097766590976,106.04213483771329,-0.24595683353841985,-0.11795029137737147,124.50286012738437
19.38000000000023,0.01,106.04213483771329,-0.3279455006122589,0.4302133557195744,106.04647014748996,-0.24225936166094722,-0.12040985971275604,124.5016806244706
19.39000000000023,0.01,106.04647014748996,-0.3241269886493683,0.42693390071345133,106.05077228104714,-0.23855959747734296,-0.12283245332936589,124.50047652587347
19.400000000000233,0.01,106.05077228104714,-0.32030606269836426,0.42369263082695713,106.05504162005428,-0.2348575775027838,-0.12521804930413968,124.49924820134017
19.410000000000235,0.01,106.05504162005428,-0.3164829909801483,0.42048957019997296,106.05927854636255,-0.23115333827471332,-0.12756662507916788,124.49799602084713
19.420000000000236,0.01,106.05927854636255,-0.31265759468078613,0.41732474029017097,106.06348344206455,-0.2274469163524773,-0.1298781584619154,124.49672035459633
19.430000000000238,0.01,106.06348344206455,-0.30883052945137024,0.4141981643433626,106.06765668946746,-0.22373834831696376,-0.13215262762544053,124.49542157301171
19.44000000000024,0.01,106.06765668946746,-0.3050011098384857,0.4111098590488484,106.07179867111088,-0.22002767077024304,-0.1343900111086105,124.49410004673545
19.45000000000024,0.01,106.07179867111088,-0.30116981267929077,0.4080598479504631,106.07590976970137,-0.21631492033520242,-0.1365902878163133,124.49275614662437
19.460000000000242,0.01,106.07590976970137,-0.2973365783691406,0.4050481498236697,106.07999036818087,-0.21260013365519073,-0.13875343701966567,124.49139024374621
19.470000000000244,0.01,106.07999036818087,-0.29350149631500244,0.4020747840399778,106.08404084967911,-0.20888334739365286,-0.1408794383562179,124.49000270937601
19.480000000000246,0.01,106.08404084967911,-0.28966426849365234,0.39913976907682736,106.08806159751951,-0.2051645982337697,-0.14296827183015476,124.48859391499245
19.490000000000247,0.01,106.08806159751951,-0.28582555055618286,0.39624312639189035,106.09205299521028,-0.20144392287809207,-0.14501991781249277,124.48716423227415
19.50000000000025,0.01,106.09205299521028,-0.28198477625846863,0.39338487088632806,106.0960154264742,-0.1977213580481847,-0.147034357041274,124.48571403309603
19.51000000000025,0.01,106.0960154264742,-0.2781425714492798,0.3905650231237429,106.09994927518306,-0.19399694048425953,-0.14901157062175616,124.48424368952561
19.520000000000252,0.01,106.09994927518306,-0.27429839968681335,0.38778359740924967,106.1038549254143,-0.19027070694481438,-0.15095154002659905,124.4827535738194
19.530000000000253,0.01,106.1038549254143,-0.2704528868198395,0.3850406134123811,106.10773276138839,-0.18654269420627095,-0.1528542470960475,124.48124405841912
19.540000000000255,0.01,106.10773276138839,-0.26660481095314026,0.3823360845441823,106.11158316752251,-0.18281293906260784,-0.15471967403811052,124.47971551594816
19.550000000000257,0.01,106.11158316752251,-0.2627560496330261,0.37967003643465047,106.11540652836796,-0.17908147832500357,-0.1565478034287369,124.47816831920778
19.560000000000258,0.01,106.11540652836796,-0.25890520215034485,0.3770424759383198,106.1192032287323,-0.17534834882146919,-0.15833861821198722,124.47660284117349
19.57000000000026,0.01,106.1192032287323,-0.2550531327724457,0.37445342391681596,106.12297365349168,-0.17161358739648683,-0.1600921017002022,124.47501945499137
19.58000000000026,0.01,106.12297365349168,-0.25119900703430176,0.3719028925890911,106.12671818773086,-0.16787723091064183,-0.16180823757416732,124.47341853397437
19.590000000000263,0.01,106.12671818773086,-0.2473437339067459,0.3693909025187477,106.13043721665674,-0.16413931624026537,-0.163487009883274,124.47180045159863
19.600000000000264,0.01,106.13043721665674,-0.24348707497119904,0.3669174651796798,106.13413112568193,-0.1603998802770662,-0.1651284030456769,124.4701655814998
19.610000000000266,0.01,106.13413112568193,-0.23962906002998352,0.36448259442996744,106.13780030033372,-0.15665895992776863,-0.16673240184844781,124.46851429746934
19.620000000000267,0.01,106.13780030033372,-0.23576971888542175,0.3620863038296672,106.14144512627803,-0.15291659211374412,-0.16829899144772575,124.46684697345086
19.63000000000027,0.01,106.14144512627803,-0.23190876841545105,0.35972860664081263,106.14506598931632,-0.14917281377065322,-0.16982815736886345,124.46516398353639
19.64000000000027,0.01,106.14506598931632,-0.22804661095142365,0.35740951895665773,106.14866327538273,-0.14542766184807673,-0.1713198855065702,124.46346570196269
19.650000000000272,0.01,106.14866327538273,-0.22418349981307983,0.35512905284714313,106.1522373705723,-0.14168117330915217,-0.1727741621250512,124.46175250310762
19.660000000000274,0.01,106.1522373705723,-0.2203189730644226,0.352887217849012,106.15578866110077,-0.13793338513020995,-0.17419097385814294,124.46002476148637
19.670000000000275,0.01,106.15578866110077,-0.21645325422286987,0.3506840281183674,106.15931753327926,-0.13418433430040422,-0.17557030770944526,124.45828285174778
19.680000000000277,0.01,106.15931753327926,-0.2125864177942276,0.34851949557613837,106.16282437356045,-0.1304340578213542,-0.1769121510524495,124.45652714867069
19.69000000000028,0.01,106.16282437356045,-0.20871825516223907,0.3463936313981958,106.16630956851621,-0.12668259270677465,-0.17821649163066325,124.45475802716017
19.70000000000028,0.01,106.16630956851621,-0.20484943687915802,0.3443064488465731,106.16977350483019,-0.12292997598211283,-0.1794833175577312,124.45297586224386
19.71000000000028,0.01,106.16977350483019,-0.20097951591014862,0.3422579544777812,106.17321656931865,-0.1191762446841787,-0.18071261731755253,124.45118102906828
19.720000000000283,0.01,106.17321656931865,-0.19710834324359894,0.34024815931867936,106.17663914886343,-0.11542143586078576,-0.1819043797643945,124.4493739028951
19.730000000000285,0.01,106.17663914886343,-0.1932363212108612,0.33827707588624306,106.18004163045661,-0.11166558657038123,-0.18305859412300254,124.44755485909747
19.740000000000286,0.01,106.18004163045661,-0.1893630474805832,0.3363447126741341,106.18342440121548,-0.10790873388168129,-0.18417524998870652,124.44572427315623
19.750000000000288,0.01,106.18342440121548,-0.18548926711082458,0.334451082199328,106.18678784834222,-0.10415091487330638,-0.1852543373275235,124.44388252065635
19.76000000000029,0.01,106.18678784834222,-0.1816146820783615,0.33259618952821945,106.19013235916421,-0.10039216663341084,-0.18629584647625672,124.44202997728307
19.77000000000029,0.01,106.19013235916421,-0.17773933708667755,0.33078004270743555,106.1934583210595,-0.09663252625932345,-0.18729976814259097,124.4401670188183
19.780000000000292,0.01,106.1934583210595,-0.17386291921138763,0.3290026493365685,106.19676612148658,-0.09287203085717684,-0.18826609340518435,124.43829402113687
19.790000000000294,0.01,106.19676612148658,-0.16998612880706787,0.3272640201444543,106.20005614797994,-0.08911071754154351,-0.18919481371375627,124.43641136020281
19.800000000000296,0.01,106.20005614797994,-0.16610868275165558,0.3255641588563834,106.20332878818138,-0.08534862343506527,-0.19008592088917184,124.43451941206567
19.810000000000297,0.01,106.20332878818138,-0.16223026812076569,0.3239030720288666,106.20658442976995,-0.08158578566809321,-0.19093940712352261,124.43261855285678
19.8200000000003,0.01,106.20658442976995,-0.158351331949234,0.3222807693476587,106.20982346049024,-0.07782224137831696,-0.19175526498020368,124.43070915878555
19.8300000000003,0.01,106.20982346049024,-0.1544715017080307,0.3206972560281661,106.21304626818372,-0.0740580277104003,-0.19253348739398696,124.42879160613575
19.840000000000302,0.01,106.21304626818372,-0.15059147775173187,0.3191525410110856,106.216253240744,-0.07029318181561037,-0.19327406767109107,124.4268662712618
19.850000000000303,0.01,106.216253240744,-0.14671094715595245,0.31764662623356804,106.21944476615411,-0.06652774085145724,-0.1939769994892473,124.4249335305851
19.860000000000305,0.01,106.21944476615411,-0.1428299993276596,0.3161795167620083,106.22262123241644,-0.06276174198132309,-0.19464227689776198,124.4229937605902
19.870000000000307,0.01,106.22262123241644,-0.13894836604595184,0.31475121676873147,106.22578302758406,-0.058995222374096365,-0.1952698943175753,124.42104733782122
19.880000000000308,0.01,106.22578302758406,-0.13506631553173065,0.31336173310827176,106.22893053975174,-0.05522821920380604,-0.19585984654131636,124.41909463887805
19.89000000000031,0.01,106.22893053975174,-0.13118429481983185,0.31201106995295425,106.23206415708283,-0.05146076964925046,-0.1964121287333545,124.41713604041264
19.90000000000031,0.01,106.23206415708283,-0.1273016780614853,0.3106992270047557,106.23518426778236,-0.04769291089363685,-0.1969267364298471,124.41517191912531
19.910000000000313,0.01,106.23518426778236,-0.12341904640197754,0.3094262102241407,106.2382912600524,-0.04392468012420996,-0.19740366553878352,124.41320265176101
19.920000000000314,0.01,106.2382912600524,-0.11953595280647278,0.30819201976012073,106.24138552215464,-0.040156114531887256,-0.19784291234002568,124.41122861510563
19.930000000000316,0.01,106.24138552215464,-0.11565235257148743,0.3069966602320558,106.24446744235225,-0.03638725131088757,-0.19824447348534463,124.40925018598223
19.940000000000317,0.01,106.24446744235225,-0.11176922917366028,0.30584013670634075,106.24753740895457,-0.03261812765837041,-0.19860834599845356,124.40726774124738
19.95000000000032,0.01,106.24753740895457,-0.10788567364215851,0.30472244441460394,106.25059581032164,-0.028848780774064574,-0.19893452727503733,124.4052816577874
19.96000000000032,0.01,106.25059581032164,-0.10400176048278809,0.30364358767818217,106.25364303476579,-0.025079247859902058,-0.199223015082778,124.40329231251465
19.970000000000322,0.01,106.25364303476579,-0.10011811554431915,0.30260357007335414,106.25667947064257,-0.021309566119651964,-0.19947380756137706,124.40130008236382
19.980000000000324,0.01,106.25667947064257,-0.09623417258262634,0.3016023889179108,106.2597055063433,-0.017539772758549066,-0.19968690322257363,124.39930534428821
19.990000000000325,0.01,106.2597055063433,-0.09235022962093353,0.30064004719208437,106.26272153023247,-0.013769904982932967,-0.19986230095015914,124.39730847525598
20.000000000000327,0.01,106.26272153023247,-0.08846670389175415,0.2997165448958749,106.26572793070439,-0.00999999999987666,-0.1999999999999885,124.39530985224648
20.01000000000033,0.01,125.0,-0.08458296954631805,0.29883187785695725,106.26872509615335,-0.006230095016821419,-0.2000999999999873,124.39330985224649
20.02000000000033,0.01,125.0,-0.8300704956054688,0.29798604816149393,106.27171341493192,-0.0024602272412053237,-0.20016230095015553,124.39130885224648
20.03000000000033,0.01,125.0,-0.8260671496391296,0.28968534320543793,106.27469327541354,0.001309566119897571,-0.20018690322256757,124.38930722923698
20.040000000000333,0.01,125.0,-0.8190671801567078,0.28142467170904534,106.27759012884559,0.005079247860148716,-0.2001738075613686,124.38730536020475
20.050000000000335,0.01,125.0,-0.8120679259300232,0.273233999907477,106.28040437556268,0.00884878077431016,-0.20012301508276711,124.38530362212913
20.060000000000336,0.01,125.0,-0.8050817847251892,0.2651133206481755,106.28313671556175,0.012618127658615983,-0.200034527275024,124.3833023919783
20.070000000000338,0.01,125.0,-0.7981090545654297,0.25706250280092235,106.28578784876824,0.016387251311133125,-0.19990834599843782,124.38130204670556
20.08000000000034,0.01,125.0,-0.7911490797996521,0.2490814122552668,106.28835847379625,0.020156114532132792,-0.19974447348532645,124.37930296324558
20.09000000000034,0.01,125.0,-0.7842021584510803,0.24116992145726907,106.2908492879188,0.02392468012445654,-0.1995429123400051,124.37730551851072
20.100000000000342,0.01,125.0,-0.7772683501243591,0.23332789987275704,106.29326098713338,0.027692910893882344,-0.1993036655387605,124.37531008938733
20.110000000000344,0.01,125.0,-0.7703472375869751,0.22555521637151224,106.29559426613211,0.03146076964949593,-0.19902673642982163,124.37331705273193
20.120000000000346,0.01,125.0,-0.7634394764900208,0.21785174399564128,106.29784981829583,0.03522821920405147,-0.19871212873332664,124.37132678536764
20.130000000000347,0.01,125.0,-0.7565441131591797,0.21021734923073987,106.30002833573579,0.03899522237434284,-0.19835984654128608,124.36933966408031
20.14000000000035,0.01,125.0,-0.7496621608734131,0.20265190809914688,106.30213050922809,0.042761741981568464,-0.19796989431754258,124.3673560656149
20.15000000000035,0.01,125.0,-0.7427928447723389,0.19515528649041158,106.30415702830908,0.04652774085170259,-0.19754227689772683,124.36537636667173
20.160000000000352,0.01,125.0,-0.735936164855957,0.18772735804268703,106.30610858117399,0.050293181815855674,-0.19707699948920973,124.36340094390275
20.170000000000353,0.01,125.0,-0.7290924787521362,0.18036799639412632,106.30798585475442,0.05405802771064557,-0.1965740676710511,124.36143017390785
20.180000000000355,0.01,125.0,-0.7222617268562317,0.17307707160660382,106.30978953471836,0.057822241378563254,-0.19603348739394455,124.35946443323114
20.190000000000357,0.01,125.0,-0.7154433727264404,0.16585445433804039,106.31152030543443,0.061585785668338396,-0.19545526498015883,124.3575040983572
20.200000000000358,0.01,125.0,-0.7086379528045654,0.15870002061077487,106.3131788499778,0.06534862343531042,-0.19483940712347536,124.35554954570739
20.21000000000036,0.01,125.0,-0.701845109462738,0.15161364108272812,106.31476585018392,0.0691107175417886,-0.19418592088912215,124.35360115163616
20.22000000000036,0.01,125.0,-0.6950651407241821,0.14459518998809964,106.31628198659475,0.07287203085742293,-0.19349481371370417,124.35165929242726
20.230000000000363,0.01,125.0,-0.6882975697517395,0.13764453858085673,106.31772793849463,0.07663252625956843,-0.19276609340512982,124.34972434429012
20.240000000000364,0.01,125.0,-0.6815428137779236,0.13076156288333826,106.31910438388044,0.08039216663365578,-0.19199976814253403,124.34779668335607
20.250000000000366,0.01,125.0,-0.6748006939888,0.12394613474555796,106.32041199950928,0.08415091487355124,-0.19119584647619733,124.34587668567464
20.260000000000367,0.01,125.0,-0.6680707931518555,0.1171981278056689,106.32165146085673,0.08790873388192716,-0.19035433732746168,124.34396472720988
20.27000000000037,0.01,125.0,-0.6613537669181824,0.1105174198741493,106.32282344213479,0.09166558657062597,-0.18947524998864226,124.3420611838366
20.28000000000037,0.01,125.0,-0.6546489596366882,0.10390388220496644,106.32392861633353,0.09542143586103043,-0.18855859412293585,124.34016643133671
20.290000000000372,0.01,125.0,-0.6479570269584656,0.09735739260859853,106.32496765515558,0.09917624468442329,-0.1876043797643254,124.33828084539549
20.300000000000374,0.01,125.0,-0.6412773132324219,0.09087782233901287,106.32594122908166,0.10292997598235738,-0.18661261731748102,124.33640480159785
20.310000000000375,0.01,125.0,-0.634610116481781,0.08446504920668765,106.32685000730505,0.10668259270702017,-0.18558331755765728,124.33453867542468
20.320000000000377,0.01,125.0,-0.6279551386833191,0.07811894804186885,106.32769465779712,0.11043405782159856,-0.18451649163058692,124.3326828422491
20.33000000000038,0.01,125.0,-0.6213129758834839,0.07183939665503468,106.32847584727755,0.11418433430064852,-0.18341215105237077,124.3308376773328
20.34000000000038,0.01,125.0,-0.614682674407959,0.06562626689619887,106.3291942412441,0.11793338513045416,-0.18227030770936412,124.32900355582227
20.35000000000038,0.01,125.0,-0.6080651879310608,0.05947944015211832,106.32985050391306,0.12168117330939736,-0.1810909738580594,124.32718085274517
20.360000000000383,0.01,125.0,-0.6014598608016968,0.05339878827280676,106.33044529831459,0.12542766184832077,-0.17987416212496524,124.32536994300659
20.370000000000385,0.01,125.0,-0.5948666930198669,0.04738418966478885,106.33097928619732,0.12917281377089715,-0.17861988550648183,124.32357120138535
20.380000000000386,0.01,125.0,-0.5882861018180847,0.04143552273458925,106.33145312809397,0.13291659211398796,-0.17732815736877267,124.32178500253028
20.390000000000388,0.01,125.0,-0.5817175507545471,0.03555266171640749,106.33186748332132,0.13665895992801239,-0.1759989914476326,124.32001172095659
20.40000000000039,0.01,125.0,-0.5751611590385437,0.029735486208861107,106.33222300993849,0.1403998802773109,-0.17463240184835224,124.31825173104211
20.41000000000039,0.01,125.0,-0.5686172246932983,0.02398387461847477,106.33252036480057,0.14413931624050894,-0.1732284030455789,124.31650540702363
20.420000000000393,0.01,125.0,-0.5620854496955872,0.018297702371540898,106.33276020354675,0.1478772309108853,-0.17178700988317358,124.31477312299317
20.430000000000394,0.01,125.0,-0.5555657744407654,0.012676847874584148,106.33294318057047,0.15161358739673017,-0.1703082375740645,124.31305525289434
20.440000000000396,0.01,125.0,-0.549058198928833,0.007121190130175626,106.33306994904922,0.1553483488217135,-0.16879210170009695,124.3113521705186
20.450000000000397,0.01,125.0,-0.5425627827644348,0.0016306081408864375,106.33314116095052,0.1590814783252467,-0.16723861821187957,124.30966424950161
20.4600000000004,0.01,125.0,-0.5360797643661499,-0.0037950196867587585,106.33315746703192,0.16281293906285085,-0.16564780342862687,124.30799186331949
20.4700000000004,0.01,125.0,-0.5296086072921753,-0.009155817330421097,106.33311951683505,0.16654269420651388,-0.1640196740379981,124.3063353852852
20.480000000000402,0.01,125.0,-0.5231494903564453,-0.014451903403343676,106.33302795866175,0.17027070694505825,-0.1623542470959327,124.30469518854481
20.490000000000403,0.01,125.0,-0.5167025327682495,-0.019683398306908947,106.33288343962771,0.17399694048450223,-0.16065154002648185,124.30307164607385
20.500000000000405,0.01,125.0,-0.5102675557136536,-0.02485042363459225,106.33268660564464,0.17772135804842729,-0.15891157062163655,124.30146513067358
20.510000000000407,0.01,125.0,-0.5038444399833679,-0.029953099191729584,106.3324381014083,0.18144392287833452,-0.157134357041152,124.29987601496737
20.520000000000408,0.01,125.0,-0.4974336624145508,-0.03499154359156405,106.33213857041638,0.18516459823401202,-0.15531991781236837,124.29830467139695
20.53000000000041,0.01,125.0,-0.49103471636772156,-0.039965880215710334,106.33178865498046,0.1888833473938961,-0.15346827183002795,124.29675147221883
20.54000000000041,0.01,125.0,-0.4846475124359131,-0.04487622737938832,106.3313889961783,0.19260013365543277,-0.1515794383560887,124.29521678950053
20.550000000000413,0.01,125.0,-0.4782724380493164,-0.0497227025037482,106.33094023390451,0.19631492033544432,-0.14965343701953407,124.29370099511696
20.560000000000414,0.01,125.0,-0.4719093441963196,-0.05450542688424211,106.33044300687948,0.20002767077048486,-0.14769028781617932,124.29220446074677
20.570000000000416,0.01,125.0,-0.46555808186531067,-0.059224520326206044,106.32989795261064,0.2037383483172065,-0.14569001110847415,124.2907275578686
20.580000000000418,0.01,125.0,-0.4592188596725464,-0.06388010114485988,106.32930570740737,0.20744691635271886,-0.14365262762530176,124.28927065775753
20.59000000000042,0.01,125.0,-0.45289137959480286,-0.06847228974158606,106.32866690639592,0.21115333827495472,-0.14157815846177424,124.28783413148128
20.60000000000042,0.01,125.0,-0.44657570123672485,-0.0730012035375348,106.3279821834985,0.214857577503025,-0.13946662507902435,124.28641834989666
20.610000000000422,0.01,125.0,-0.4402720332145691,-0.07746696054990274,106.32725217146313,0.21855959747758405,-0.13731804930399377,124.28502368364587
20.620000000000424,0.01,125.0,-0.4339798390865326,-0.08186968088204911,106.32647750185762,0.22225936166118923,-0.13513245332921758,124.28365050315283
20.630000000000425,0.01,125.0,-0.4276996850967407,-0.08620947927291511,106.3256588050488,0.22595683353866064,-0.13290985971260535,124.28229917861954
20.640000000000427,0.01,125.0,-0.4214312732219696,-0.09048647612388319,106.32479671025608,0.2296519766174457,-0.1306502913772184,124.28097008002241
20.65000000000043,0.01,125.0,-0.4151749014854431,-0.09470078885610354,106.32389184549484,0.23334475442797298,-0.12835377161104358,124.27966357710864
20.66000000000043,0.01,125.0,-0.4089299440383911,-0.09885253787095863,106.32294483760629,0.2370351305240163,-0.1260203240667635,124.27838003939253
20.67000000000043,0.01,125.0,-0.40269675850868225,-0.10294183731134318,106.32195631222757,0.24072306848305242,-0.12364997276152297,124.27711983615187
20.680000000000433,0.01,125.0,-0.39647531509399414,-0.10696880489643064,106.32092689385446,0.24440853190662465,-0.12124274207669207,124.27588333642426
20.690000000000435,0.01,125.0,-0.39026564359664917,-0.1109335580473712,106.3198572058055,0.24809148442069584,-0.11879865675762544,124.27467090900349
20.700000000000436,0.01,125.0,-0.3840676546096802,-0.1148362144833383,106.31874787022502,0.25177188967601155,-0.1163177419134181,124.27348292243592
20.710000000000438,0.01,125.0,-0.37788140773773193,-0.11867689102943571,106.31759950808019,0.2554497113484567,-0.11380002301665758,124.27231974501679
20.72000000000044,0.01,125.0,-0.3717069625854492,-0.12245570510681363,106.31641273916989,0.25912491313941827,-0.11124552590317262,124.27118174478662
20.73000000000044,0.01,125.0,-0.365543931722641,-0.1261727747326687,106.31518818211882,0.26279745877613725,-0.10865427677177802,124.27006928952758
20.740000000000443,0.01,125.0,-0.35939228534698486,-0.12982821404989567,106.31392645437148,0.2664673120120709,-0.10602630218401624,124.26898274675986
20.750000000000444,0.01,125.0,-0.35325267910957336,-0.13342213690336607,106.31262817223099,0.2701344366272494,-0.10336162906389511,124.26792248373802
20.760000000000446,0.01,125.0,-0.34712454676628113,-0.13695466369446235,106.31129395086195,0.2737987964286322,-0.1006602846976222,124.26688886744738
20.770000000000447,0.01,125.0,-0.3410078287124634,-0.14042590916212572,106.309924404225,0.2774603552504694,-0.09792229673333545,124.2658822646004
20.78000000000045,0.01,125.0,-0.33490288257598877,-0.14383598744925088,106.30852014513339,0.2811190769546528,-0.09514769318083033,124.26490304163308
20.79000000000045,0.01,125.0,-0.32880958914756775,-0.1471850162750113,106.30708178525889,0.2847749254310762,-0.09233650241128336,124.26395156470127
20.800000000000452,0.01,125.0,-0.3227275311946869,-0.15047311216648748,106.30560993509614,0.28842786459798997,-0.08948875315697215,124.26302819967717
20.810000000000453,0.01,125.0,-0.3166571855545044,-0.15370038747843487,106.30410520397447,0.2920778584023614,-0.08660447451099179,124.2621333121456
20.820000000000455,0.01,125.0,-0.31059861183166504,-0.1568669593339804,106.30256820009969,0.2957248708202242,-0.08368369592696773,124.26126726740048
20.830000000000457,0.01,125.0,-0.3045511543750763,-0.15997294545229754,106.30099953050635,0.2993688658570381,-0.08072644721876503,124.26043043044122
20.840000000000458,0.01,125.0,-0.2985154092311859,-0.16301845699604878,106.29939980105182,0.30300980754804324,-0.07773275856019418,124.25962316596903
20.85000000000046,0.01,125.0,-0.2924911677837372,-0.1660036110883611,106.29776961648186,0.30664765995861404,-0.07470266048471327,124.25884583838344
20.86000000000046,0.01,125.0,-0.28647831082344055,-0.1689285227661989,106.29610958037098,0.31028238718461787,-0.07163618388512666,124.2580988117786
20.870000000000463,0.01,125.0,-0.2804765999317169,-0.17179330587443375,106.29442029514333,0.31391395335276345,-0.06853336001327999,124.25738244993974
20.880000000000464,0.01,125.0,-0.2744867205619812,-0.17459807187375137,106.29270236208458,0.3175423226209588,-0.06539422047975187,124.25669711633961
20.890000000000466,0.01,125.0,-0.2685082256793976,-0.1773429390793716,106.29095638136585,0.321167459178663,-0.062218797253541784,124.25604317413482
20.900000000000468,0.01,125.0,-0.2625412344932556,-0.180028021336166,106.28918295197505,0.32478932724724385,-0.05900712266175465,124.25542098616228
20.91000000000047,0.01,125.0,-0.25658541917800903,-0.18265343368109896,106.28738267176169,0.3284078910803247,-0.055759229389281705,124.25483091493567
20.92000000000047,0.01,125.0,-0.2506413161754608,-0.18521928787287945,106.28555613742488,0.3320231149641414,-0.05247515047847794,124.25427332264178
20.930000000000472,0.01,125.0,-0.24470841884613037,-0.18772570103463446,106.28370394454615,0.3356349632178927,-0.04915491932883601,124.253748571137
20.940000000000474,0.01,125.0,-0.23878693580627441,-0.19017278522309614,106.2818266875358,0.3392434001940965,-0.04579856969665656,124.25325702194371
20.950000000000475,0.01,125.0,-0.23287665843963623,-0.19256065458115926,106.27992495968357,0.3428483902789357,-0.04240613569471507,124.25279903624674
20.960000000000477,0.01,125.0,-0.2269778549671173,-0.194889421165556,106.27799935313776,0.3464498978926135,-0.03897765179192517,124.25237497488979
20.97000000000048,0.01,125.0,-0.22109055519104004,-0.19715919971522752,106.27605045892611,0.35004788748970367,-0.035513152812998494,124.25198519837187
20.98000000000048,0.01,125.0,-0.21521443128585815,-0.19937010526713828,106.27407886692896,0.3536423235595006,-0.03201267393810091,124.25163006684375
20.99000000000048,0.01,125.0,-0.20934945344924927,-0.2015222495799972,106.27208516587629,0.3572331706263733,-0.02847625070250535,124.25130994010436
21.000000000000483,0.01,125.0,-0.20349597930908203,-0.20361574411449002,106.27006994338049,0.3608203932501099,-0.02490391899624106,124.25102517759734
21.010000000000485,0.01,125.0,-0.19765406847000122,-0.20565070390758117,106.26803378593935,0.36440395602627146,-0.021295715063739395,124.25077613840737
21.020000000000486,0.01,125.0,-0.19182297587394714,-0.2076272445922815,106.26597727890028,0.36798382358653897,-0.01765167550347611,124.25056318125674
21.030000000000488,0.01,125.0,-0.1860034167766571,-0.20954547435102125,106.26390100645436,0.37155996059906693,-0.013971837267610145,124.2503866645017
21.04000000000049,0.01,125.0,-0.18019509315490723,-0.21140550851878812,106.26180555171085,0.3751323317688258,-0.010256237661618895,124.25024694612902
21.05000000000049,0.01,125.0,-0.1743982434272766,-0.21320745945033748,106.25969149662566,0.3787009018379543,-0.00650491434393005,124.25014438375241
21.060000000000493,0.01,125.0,-0.16861233115196228,-0.21495144188461052,106.25755942203116,0.3822656355861066,-0.0027179053255499148,124.25007933460897
21.070000000000494,0.01,125.0,-0.162837952375412,-0.2166375651961304,106.25540990761232,0.3858264978307987,0.001104751030311749,124.25005215555571
21.080000000000496,0.01,125.0,-0.1570744812488556,-0.21826594471988478,106.25324353196035,0.38938345342775976,0.0049630160086203395,124.250063203066
21.090000000000497,0.01,125.0,-0.15132254362106323,-0.2198366895323736,106.25106087251315,0.3929364672712731,0.008856850542898545,124.2501128332261
21.1000000000005,0.01,125.0,-0.14558157324790955,-0.22134991496858447,106.24886250561782,0.3964855042945266,0.01278621521561189,124.25020140173153
21.1100000000005,0.01,125.0,-0.13985216617584229,-0.2228057307010638,106.24664900646813,0.40003052946995654,0.016751070258557776,124.25032926388369
21.120000000000502,0.01,125.0,-0.1341336965560913,-0.22420425236282243,106.24442094916112,0.40357150780959766,0.020751375553257966,124.25049677458627
21.130000000000503,0.01,125.0,-0.1284264326095581,-0.22554558932838356,106.24217890663749,0.4071084043654221,0.024787090631354574,124.2507042883418
21.140000000000505,0.01,125.0,-0.12273049354553223,-0.22682985365447933,106.2399234507442,0.41064118422968915,0.02885817467500943,124.2509521592481
21.150000000000507,0.01,125.0,-0.11704552173614502,-0.22805715858993483,106.23765515220765,0.4141698125352864,0.032964586517306965,124.25124074099485
21.160000000000508,0.01,125.0,-0.11137175559997559,-0.22922761380729648,106.23537458062175,0.4176942544560793,0.03710628464266048,124.25157038686002
21.17000000000051,0.01,125.0,-0.10570937395095825,-0.2303413313632964,106.23308230448367,0.4212144752072478,0.041283227187221924,124.25194144970645
21.18000000000051,0.01,125.0,-0.10005825757980347,-0.23139842510280614,106.23077889117005,0.42473044004563437,0.04549537193929506,124.25235428197833
21.190000000000513,0.01,125.0,-0.0944177508354187,-0.23239900767860433,106.22846490691902,0.42824211427008546,0.049742676339752066,124.25280923569773
21.200000000000514,0.01,125.0,-0.08878898620605469,-0.23334318518695865,106.22614091684223,0.4317494632217932,0.05402509748245359,124.25330666246113
21.210000000000516,0.01,125.0,-0.08317112922668457,-0.23423107504901933,106.22380748499036,0.4352524522846414,0.0583425921146722,124.25384691343595
21.220000000000518,0.01,125.0,-0.0775642991065979,-0.2350627863412863,106.22146517423987,0.43875104688554123,0.0626951166375193,124.2544303393571
21.23000000000052,0.01,125.0,-0.07196849584579468,-0.2358384293323524,106.21911454637646,0.44224521249477644,0.0670826271063754,124.25505729052348
21.24000000000052,0.01,125.0,-0.06638407707214355,-0.23655811429081047,106.21675616208313,0.4457349146263422,0.07150507923132386,124.25572811679454
21.250000000000522,0.01,125.0,-0.06081068515777588,-0.237221955061532,106.21439058094022,0.4492201188382891,0.07596242837758799,124.25644316758685
21.260000000000524,0.01,125.0,-0.055248260498046875,-0.23783006191310987,106.2120183613896,0.45270079073305775,0.08045462956597157,124.25720279187063
21.270000000000525,0.01,125.0,-0.04969733953475952,-0.23838254451809043,106.20964006077047,0.45617689595782174,0.08498163747330285,124.25800733816628
21.280000000000527,0.01,125.0,-0.04415702819824219,-0.23887951791343812,106.20725623532529,0.4596484002048258,0.08954340643288178,124.25885715454102
21.29000000000053,0.01,125.0,-0.038628220558166504,-0.2393210881954206,106.20486744014616,0.4631152692117237,0.09413989043493075,124.25975258860535
21.30000000000053,0.01,125.0,-0.03311032056808472,-0.23970737040100235,106.20247422926421,0.4665774687619197,0.09877104312704871,124.2606939875097
21.31000000000053,0.01,125.0,-0.027603328227996826,-0.24003847360668323,106.2000771555602,0.4700349646849012,0.10343681781466864,124.26168169794097
21.320000000000533,0.01,125.0,-0.022107720375061035,-0.24031450688896325,106.19767677082413,0.4734877228565792,0.10813716746151839,124.26271606611913
21.330000000000535,0.01,125.0,-0.01662290096282959,-0.2405355840927139,106.19527362575523,0.47693570919962347,0.11287204469008491,124.26379743779374
21.340000000000536,0.01,125.0,-0.01114952564239502,-0.2407018131023422,106.19286826991431,0.4803788896838029,0.11764140178208189,124.26492615824064
21.350000000000538,0.01,125.0,-0.005686938762664795,-0.24081330835876616,106.19046125178329,0.4838172303263151,0.12244519067892068,124.26610257225846
21.36000000000054,0.01,125.0,-2.351999282836914E-4,-0.24087017774639283,106.1880531186997,0.487250697192126,0.1272833629821846,124.26732702416525
21.37000000000054,0.01,125.0,0.0052051544189453125,-0.24087252974567566,106.18564441692223,0.4906792563943039,0.1321558699541066,124.26859985779508
21.380000000000543,0.01,125.0,0.010634660720825195,-0.2408204782014862,106.18323569162477,0.4941028740943525,0.1370626625180504,124.26992141649463
21.390000000000544,0.01,125.0,0.01605290174484253,-0.24071413159427793,106.18082748684276,0.4975215165025494,0.1420036912589947,124.2712920431198
21.400000000000546,0.01,125.0,0.021460354328155518,-0.24055360257682948,106.17842034552682,0.5009351498782733,0.14697890642402098,124.27271208003239
21.410000000000547,0.01,125.0,0.026856601238250732,-0.24033899903354788,106.17601480950105,0.5043437405303405,0.1519882579228045,124.27418186909664
21.42000000000055,0.01,125.0,0.0322420597076416,-0.24007043302116535,106.17361141951072,0.5077472548173367,0.15703169532810868,124.27570175167587
21.43000000000055,0.01,125.0,0.037616193294525146,-0.23974801242408889,106.17121071518051,0.511145659147952,0.16210916787628285,124.27727206862914
21.440000000000552,0.01,125.0,0.042979538440704346,-0.23937185049114357,106.16881323505626,0.5145389199813064,0.16722062446776317,124.2788931603079
21.450000000000554,0.01,125.0,0.048331618309020996,-0.23894205510673647,106.16641951655136,0.5179270038272856,0.17236601366757703,124.28056536655258
21.460000000000555,0.01,125.0,0.0536726713180542,-0.2384587389236462,106.16403009600029,0.5213098772468687,0.1775452837058507,124.28228902668926
21.470000000000557,0.01,125.0,0.05900293588638306,-0.23792201221046558,106.16164550861106,0.5246875068524629,0.1827583824783202,124.28406447952631
21.480000000000558,0.01,125.0,0.06432229280471802,-0.23733198285160165,106.15926628848895,0.5280598593082265,0.18800525754684566,124.28589206335108
21.49000000000056,0.01,125.0,0.06963026523590088,-0.23668875992355437,106.15689296866043,0.5314269013304023,0.19328585613992874,124.28777211592656
21.50000000000056,0.01,125.0,0.07492762804031372,-0.23599245727119525,106.15452608106119,0.5347885996876448,0.1986001251532336,124.28970497448796
21.510000000000563,0.01,125.0,0.08021372556686401,-0.235243180990792,106.15216615648848,0.5381449212013475,0.20394801115011088,124.2916909757395
21.520000000000564,0.01,125.0,0.08548921346664429,-0.23444104373512323,106.14981372467857,0.541495832745974,0.20932946036212519,124.293730455851
21.530000000000566,0.01,125.0,0.09075325727462769,-0.23358615160045665,106.14746931424122,0.5448413012493791,0.21474441868958577,124.29582375045463
21.540000000000568,0.01,125.0,0.09600639343261719,-0.23267861902771023,106.14513345272522,0.5481812936931395,0.22019283170208043,124.29797119464153
21.55000000000057,0.01,125.0,0.10124880075454712,-0.2317185550933839,106.14280666653494,0.5515157771128769,0.22567464463901268,124.30017312295855
21.56000000000057,0.01,125.0,0.10647976398468018,-0.23070606708583827,106.140489480984,0.5548447185985884,0.2311898024101423,124.30242986940495
21.570000000000572,0.01,125.0,0.11170023679733276,-0.2296412694459913,106.13818242031314,0.5581680852949643,0.23673824959612905,124.30474176742905
21.580000000000574,0.01,125.0,0.11690950393676758,-0.22852426707801782,106.13588600761868,0.5614858444017171,0.24231993044907957,124.30710914992501
21.590000000000575,0.01,125.0,0.12210774421691895,-0.22735517203864997,106.1336007649479,0.5647979631739038,0.2479347888930976,124.3095323492295
21.600000000000577,0.01,125.0,0.12729519605636597,-0.2261340945964806,106.13132721322751,0.5681044089222483,0.2535827685248375,124.31201169711844
21.61000000000058,0.01,125.0,0.13247156143188477,-0.22486114263591675,106.12906587228154,0.5714051490134681,0.2592638126140609,124.31454752480369
21.62000000000058,0.01,125.0,0.13763689994812012,-0.2235364270215977,106.12681726085519,0.5747001508705896,0.2649778641041965,124.31714016292983
21.63000000000058,0.01,125.0,0.14279139041900635,-0.2221600580221163,106.12458189658497,0.5779893819732751,0.27072486561290326,124.31978994157087
21.640000000000583,0.01,125.0,0.14793509244918823,-0.22073214411792602,106.12236029600474,0.5812728098581406,0.2765047594326369,124.322497190227
21.650000000000585,0.01,125.0,0.1530672311782837,-0.2192527931934339,106.12015297456357,0.58455040211908,0.2823174875312192,124.32526223782132
21.660000000000586,0.01,125.0,0.15818899869918823,-0.21772212088165083,106.11796044663163,0.5878221264075805,0.28816299155241093,124.32808541269664
21.670000000000588,0.01,125.0,0.163299560546875,-0.2161402308946587,106.11578322542282,0.5910879504330436,0.29404121281648765,124.33096704261216
21.68000000000059,0.01,125.0,0.16839927434921265,-0.2145072352891897,106.11362182311387,0.5943478419631042,0.299952092320819,124.33390745474033
21.69000000000059,0.01,125.0,0.1734878420829773,-0.2128232425456973,106.11147675076099,0.5976017688239507,0.305895570740451,124.33690697566354
21.700000000000593,0.01,125.0,0.17856556177139282,-0.21108836412486726,106.10934851833552,0.6008496989006376,0.31187158842869145,124.33996593137094
21.710000000000594,0.01,125.0,0.1836322546005249,-0.20930270850715305,106.10723763469427,0.6040916001374063,0.31788008541769874,124.34308464725522
21.720000000000596,0.01,125.0,0.18868809938430786,-0.2074663859611475,106.1051446076092,0.6073274405380005,0.32392100141907376,124.3462634481094
21.730000000000597,0.01,125.0,0.19373273849487305,-0.20557950496730412,106.10306994374959,0.6105571881659807,0.32999427582445473,124.34950265812358
21.7400000000006,0.01,125.0,0.1987667679786682,-0.2036421775823551,106.10101414869992,0.6137808111450438,0.3360998477061155,124.35280260088183
21.7500000000006,0.01,125.0,0.2037898302078247,-0.20165450990256809,106.09897772692409,0.6169982776593315,0.3422376558175669,124.3561635993589
21.760000000000602,0.01,125.0,0.20880162715911865,-0.19961661160048952,106.09696118182507,0.620209555953748,0.34840763859416113,124.35958597591707
21.770000000000604,0.01,125.0,0.2138027548789978,-0.197528595328898,106.09496501570906,0.6234146143342723,0.35460973415369956,124.36307005230302
21.780000000000605,0.01,125.0,0.2187926173210144,-0.1953905677801077,106.09298972975577,0.6266134211682738,0.3608438802970433,124.36661614964456
21.790000000000607,0.01,125.0,0.22377169132232666,-0.1932026416068972,106.09103582407798,0.6298059448848196,0.367110014508727,124.37022458844753
21.80000000000061,0.01,125.0,0.2287399172782898,-0.1909649246936736,106.0891037976619,0.6329921539749895,0.3734080739575762,124.37389568859261
21.81000000000061,0.01,125.0,0.2336970567703247,-0.18867752552089034,106.08719414841497,0.6361720169921861,0.37973799549732706,124.37762976933219
21.82000000000061,0.01,125.0,0.23864346742630005,-0.18634055495318674,106.08530737315975,0.6393455025524443,0.38609971566724993,124.38142714928716
21.830000000000613,0.01,125.0,0.2435784935951233,-0.18395412027892338,106.08344396761022,0.6425125793347446,0.3924931706927754,124.38528814644384
21.840000000000614,0.01,125.0,0.24850279092788696,-0.18151833534297176,106.08160442640744,0.6456732160813168,0.39891829648612387,124.38921307815077
21.850000000000616,0.01,125.0,0.25341635942459106,-0.1790333074336925,106.07978924305401,0.6488273815979523,0.40537502864693803,124.39320226111563
21.860000000000618,0.01,125.0,0.25831878185272217,-0.1764991438394462,106.07799890997967,0.6519750447543099,0.4118633024629186,124.3972560114021
21.87000000000062,0.01,125.0,0.26321011781692505,-0.17391595602091858,106.07623391854128,0.6551161744842268,0.4183830529104627,124.40137464442674
21.88000000000062,0.01,125.0,0.26809072494506836,-0.1712838548427489,106.07449475898106,0.6582507397860198,0.42493421465530595,124.40555847495584
21.890000000000622,0.01,125.0,0.27296018600463867,-0.1686029475932978,106.07278192043263,0.6613787097227948,0.43151672205316716,124.40980781710239
21.900000000000624,0.01,125.0,0.2778187394142151,-0.165873345733251,106.0710958909567,0.6645000534227505,0.43813050915039614,124.41412298432292
21.910000000000625,0.01,125.0,0.28266650438308716,-0.1630951583391084,106.06943715749937,0.6676147400794865,0.4447755096846247,124.41850428941441
21.920000000000627,0.01,125.0,0.28750306367874146,-0.1602684932952771,106.06780620591597,0.6707227389523022,0.4514516570854206,124.42295204451126
21.93000000000063,0.01,125.0,0.29232871532440186,-0.15739346265848922,106.06620352098302,0.6738240193665032,0.4581588844749447,124.42746656108211
21.94000000000063,0.01,125.0,0.2971435785293579,-0.15447017550524475,106.06462958635643,0.676918550713704,0.4648971246686108,124.43204814992686
21.95000000000063,0.01,125.0,0.30194729566574097,-0.1514987397199507,106.06308488460138,0.6800063024521285,0.4716663101757489,124.43669712117354
21.960000000000633,0.01,125.0,0.3067402243614197,-0.14847926676329282,106.06156989720418,0.6830872441069157,0.47846637320027124,124.4414137842753
21.970000000000635,0.01,125.0,0.3115220069885254,-0.14541186451967814,106.06008510453654,0.6861613452704141,0.48529724564134147,124.4461984480073
21.980000000000636,0.01,125.0,0.31629282236099243,-0.1422966444497924,106.05863098589134,0.6892285756024862,0.49215885909404666,124.45105142046371
21.990000000000638,0.01,125.0,0.3210527300834656,-0.13913371622618198,106.05720801944685,0.6922889048308065,0.4990511448500726,124.45597300905466
22.00000000000064,0.01,125.0,0.32580167055130005,-0.13592318892534683,106.05581668228459,0.6953423027511624,0.5059740338983818,124.46096352050316
22.01000000000064,0.01,125.0,0.3305395841598511,-0.13266517221983332,106.05445745039533,0.6983887392277482,0.5129274569258945,124.46602326084214
22.020000000000643,0.01,125.0,0.3352668285369873,-0.1293597763782343,106.05313079867314,0.7014281841934661,0.5199113443181731,124.47115253541139
22.030000000000644,0.01,125.0,0.3399827480316162,-0.1260071080928639,106.05183720090936,0.7044606076502211,0.5269256261601089,124.47635164885457
22.040000000000646,0.01,125.0,0.3446875810623169,-0.12260728061254719,106.05057712982843,0.7074859796692172,0.5339702322366122,124.48162090511617
22.050000000000647,0.01,125.0,0.3493817448616028,-0.11916040480192348,106.0493510570223,0.7105042703912557,0.5410450920333055,124.48696060743855
22.06000000000065,0.01,125.0,0.3540648818016052,-0.11566658735330691,106.04815945297429,0.7135154500270247,0.5481501347372192,124.49237105835888
22.07000000000065,0.01,125.0,0.35873693227767944,-0.1121259385352903,106.04700278710075,0.7165194888573968,0.5552852892374905,124.49785255970626
22.080000000000652,0.01,125.0,0.3633981943130493,-0.10853856921251295,106.0458815277154,0.7195163572337211,0.5624504841260656,124.50340541259864
22.090000000000654,0.01,125.0,0.3680480718612671,-0.10490458726938189,106.04479614202327,0.7225060255781178,0.5696456476984039,124.5090299174399
22.100000000000655,0.01,125.0,0.3726873993873596,-0.10122410655076863,106.04374709615058,0.7254884643837667,0.5768707079541862,124.51472637391689
22.110000000000657,0.01,125.0,0.37731534242630005,-0.09749723255689445,106.04273485508507,0.7284636442152008,0.584125592598025,124.52049508099643
22.12000000000066,0.01,125.0,0.38193249702453613,-0.09372407913263087,106.04175988275951,0.7314315357085956,0.5914102290401781,124.52633633692241
22.13000000000066,0.01,125.0,0.3865387439727783,-0.08990475416238491,106.04082264196818,0.7343921095720618,0.5987245443972653,124.53225043921282
22.14000000000066,0.01,125.0,0.39113378524780273,-0.08603936672265652,106.03992359442655,0.7373453365859298,0.6060684654929871,124.53823768465679
22.150000000000663,0.01,125.0,0.3957180380821228,-0.08212802887017788,106.03906320075933,0.7402911876030411,0.6134419188588476,124.54429836931172
22.160000000000664,0.01,125.0,0.40029096603393555,-0.07817084848935603,106.03824192047063,0.7432296335490357,0.6208448307348792,124.5504327885003
22.170000000000666,0.01,125.0,0.40485304594039917,-0.07416793882901605,106.03746021198573,0.7461606454226373,0.6282771270703706,124.55664123680765
22.180000000000668,0.01,125.0,0.40940427780151367,-0.07011940836961143,106.03671853259745,0.749084194295944,0.6357387335245982,124.56292400807835
22.19000000000067,0.01,125.0,0.41394442319869995,-0.06602536559159565,106.03601733851374,0.7520002513147074,0.6432295754675588,124.5692813954136
22.20000000000067,0.01,125.0,0.418473482131958,-0.06188592135960801,106.03535708485782,0.7549087876986225,0.650749577980707,124.57571369116827
22.210000000000672,0.01,125.0,0.4229915142059326,-0.05770118653828777,106.03473822564422,0.7578097747416083,0.6582986658576944,124.58222118694809
22.220000000000674,0.01,125.0,0.42749857902526855,-0.05347127139622778,106.03416121377883,0.7607031838120956,0.6658767636051116,124.58880417360666
22.230000000000675,0.01,125.0,0.43199455738067627,-0.04919628560597443,106.03362650106487,0.7635889863533041,0.6734837954432338,124.59546294124272
22.240000000000677,0.01,125.0,0.4364795684814453,-0.04487634003216699,106.03313453820881,0.7664671538835277,0.681119685306768,124.60219777919716
22.25000000000068,0.01,125.0,0.4409533739089966,-0.04051154434735186,106.03268577480848,0.769337657996415,0.6887843568456045,124.60900897605022
22.26000000000068,0.01,125.0,0.44541633129119873,-0.0361020106082612,106.03228065936501,0.7722004703612485,0.6964777334255698,124.61589681961868
22.27000000000068,0.01,125.0,0.4498681426048279,-0.031647847295348516,106.03191963925893,0.7750555627232273,0.7041997381291836,124.62286159695294
22.280000000000683,0.01,125.0,0.4543091058731079,-0.027149165869299535,106.03160316078598,0.7779029069037419,0.711950293756417,124.62990359433424
22.290000000000685,0.01,125.0,0.45873892307281494,-0.022606074810567745,106.03133166912728,0.7807424748006545,0.7197293228254557,124.63702309727181
22.300000000000686,0.01,125.0,0.463157594203949,-0.018018685579838878,106.03110560837918,0.7835742383885758,0.7275367475734634,124.64422039050007
22.310000000000688,0.01,125.0,0.46756511926651,-0.013387109637798664,106.03092542152338,0.7863981697191439,0.7353724899573504,124.65149575797581
22.32000000000069,0.01,125.0,0.4719617962837219,-0.008711458445132833,106.030791550427,0.7892142409212957,0.7432364716545431,124.65884948287538
22.33000000000069,0.01,125.0,0.47634750604629517,-0.003991840482294877,106.03070443584255,0.7920224242015454,0.7511286140637573,124.66628184759193
22.340000000000693,0.01,125.0,0.4807218313217163,7.716345781688195E-4,106.03066451743773,0.794822691844257,0.759048838305774,124.67379313373257
22.350000000000694,0.01,125.0,0.485085129737854,0.005578852891386734,106.0306722337835,0.7976150162119211,0.7669970652242177,124.68138362211563
22.360000000000696,0.01,125.0,0.489437460899353,0.010429704188766032,106.03072802231242,0.8003993697454225,0.7749732153863382,124.68905359276788
22.370000000000697,0.01,125.0,0.4937790036201477,0.015324078797760328,106.0308323193543,0.803175724964316,0.7829772090837938,124.69680332492175
22.3800000000007,0.01,125.0,0.49810898303985596,0.020261868833962575,106.03098556014228,0.8059440544670964,0.7910089663334382,124.70463309701259
22.3900000000007,0.01,125.0,0.5024281740188599,0.025242958664361912,106.03118817883062,0.8087043309314682,0.7990684068781104,124.71254318667593
22.400000000000702,0.01,125.0,0.5067360401153564,0.030267240404551296,106.03144060841726,0.8114565271146189,0.8071554501874264,124.72053387074472
22.410000000000704,0.01,125.0,0.5110331773757935,0.03533460080570565,106.0317432808213,0.8142006158534826,0.8152700154585739,124.7286054252466
22.420000000000705,0.01,125.0,0.5153190493583679,0.04044493257946438,106.03209662682936,0.8169365700650107,0.82341202161711,124.73675812540118
22.430000000000707,0.01,125.0,0.5195935368537903,0.04559812307304887,106.03250107615516,0.8196643627464396,0.8315813873177614,124.74499224561735
22.44000000000071,0.01,125.0,0.5238575339317322,0.05079405844158758,106.03295705738589,0.8223839669755578,0.8397780309452271,124.75330805949054
22.45000000000071,0.01,125.0,0.5281100273132324,0.05603263378090572,106.0334649979703,0.8250953559109692,0.8480018706149839,124.76170583979999
22.46000000000071,0.01,125.0,0.5323511362075806,0.06131373405403887,106.0340253243081,0.8277985027923591,0.8562528241740949,124.77018585850614
22.470000000000713,0.01,125.0,0.5365815758705139,0.06663724541611551,106.03463846164864,0.8304933809407595,0.8645308092020197,124.77874838674788
22.480000000000715,0.01,125.0,0.5408006906509399,0.0720030611748215,106.0353048341028,0.8331799637588102,0.8728357430114286,124.7873936948399
22.490000000000716,0.01,125.0,0.5450087189674377,0.07741106808133175,106.03602486471455,0.8358582247310249,0.8811675426490181,124.79612205227002
22.500000000000718,0.01,125.0,0.5492055416107178,0.08286115527100697,106.03679897539536,0.8385281374240482,0.8895261248963297,124.80493372769651
22.51000000000072,0.01,125.0,0.5533914566040039,0.088353210687115,106.03762758694806,0.8411896754869198,0.8979114062705714,124.81382898894547
22.52000000000072,0.01,125.0,0.5575659871101379,0.09388712525315591,106.03851111905493,0.8438428126513328,0.906323303025442,124.82280810300819
22.530000000000722,0.01,125.0,0.5617295503616333,0.09946278512425817,106.03944999030746,0.8464875227318959,0.9147617311519566,124.83187133603845
22.540000000000724,0.01,125.0,0.5658818483352661,0.10508008062787538,106.0404446181587,0.8491237796263876,0.9232266063792769,124.84101895334997
22.550000000000725,0.01,125.0,0.5700231194496155,0.11073889911122893,106.04149541896498,0.8517515573160169,0.931717844175542,124.85025121941376
22.560000000000727,0.01,125.0,0.5741530656814575,0.11643913030572597,106.0426028079561,0.8543708298656777,0.9402353597487035,124.85956839785553
22.57000000000073,0.01,125.0,0.5782718658447266,0.12218066096254145,106.04376719925916,0.8569815714242093,0.9487790680473617,124.86897075145302
22.58000000000073,0.01,125.0,0.5823798775672913,0.1279633796209896,106.04498900586879,0.8595837562246454,0.9573488837616051,124.8784585421335
22.59000000000073,0.01,125.0,0.5864761471748352,0.13378717839666343,106.046268639665,0.8621773585844728,0.9659447213238529,124.88803203097112
22.600000000000733,0.01,125.0,0.59056156873703,0.1396519398684127,106.04760651144896,0.8647623529058831,0.9745664949096989,124.89769147818436
22.610000000000735,0.01,125.0,0.5946357250213623,0.14555755555578392,106.04900303084764,0.8673387136760254,0.9832141184387592,124.90743714313345
22.620000000000736,0.01,125.0,0.5986988544464111,0.15150391280599848,106.0504586064032,0.8699064154672604,0.9918875055755207,124.91726928431784
22.630000000000738,0.01,125.0,0.6027505397796631,0.15749090135046354,106.05197364553126,0.8724654329374073,1.0005865697301948,124.9271881593736
22.64000000000074,0.01,125.0,0.6067910194396973,0.1635184067482611,106.05354855454476,0.8750157408299969,1.0093112240595703,124.93719402507091
22.65000000000074,0.01,125.0,0.6108205318450928,0.16958631694265902,106.05518373861224,0.8775573139745191,1.0180613814678716,124.9472871373115
22.660000000000743,0.01,125.0,0.6148388385772705,0.1756945222611109,106.05687960178167,0.8800901272866745,1.0268369546076181,124.95746775112619
22.670000000000744,0.01,125.0,0.6188457012176514,0.18184291064688457,106.05863654700428,0.8826141557686172,1.0356378558804862,124.96773612067227
22.680000000000746,0.01,125.0,0.6228415369987488,0.18803136765906206,106.06045497611075,0.8851293745092057,1.0444639974381738,124.97809249923108
22.690000000000747,0.01,125.0,0.626826286315918,0.19425978302905053,106.06233528978734,0.887635758684246,1.0533152911832673,124.98853713920546
22.70000000000075,0.01,125.0,0.6307994723320007,0.20052804589221068,106.06427788761764,0.8901332835567377,1.062191648770111,124.9990702921173
22.71000000000075,0.01,125.0,0.634761393070221,0.20683604061553168,106.06628316807655,0.8926219244771199,1.0710929816056798,125.009692208605
22.720000000000752,0.01,125.0,0.6387121677398682,0.2131836545462349,106.06835152848271,0.8951016568835106,1.0800192008504523,125.02040313842106
22.730000000000754,0.01,125.0,0.6426518559455872,0.21957077622363458,106.07048336502817,0.8975724563019523,1.0889702174192888,125.03120333042956
22.740000000000755,0.01,125.0,0.6465803384780884,0.22599729478309144,106.07267907279041,0.9000342983466513,1.0979459419823097,125.04209303260376
22.750000000000757,0.01,125.0,0.6504974961280823,0.23246309816787333,106.07493904573823,0.902487158720222,1.1069462849657776,125.05307249202359
22.76000000000076,0.01,125.0,0.6544032096862793,0.23896807312915516,106.07726367671991,0.9049310132139222,1.1159711565529813,125.06414195487325
22.77000000000076,0.01,125.0,0.6582978963851929,0.245512105226019,106.0796533574512,0.9073658377078946,1.125020466685122,125.07530166643878
22.78000000000076,0.01,125.0,0.6621812582015991,0.2520950841898719,106.08210847850347,0.9097916081714036,1.1340941250622023,125.08655187110563
22.790000000000763,0.01,125.0,0.666053295135498,0.25871689677188897,106.08462942934537,0.9122083006630756,1.1431920411439178,125.09789281235625
22.800000000000765,0.01,125.0,0.6699140071868896,0.265377429723245,106.08721659831309,0.9146158913311305,1.15231412415055,125.10932473276769
22.810000000000766,0.01,125.0,0.6737632751464844,0.27207656979511496,106.08987037261032,0.9170143564136206,1.1614602830638627,125.1208478740092
22.820000000000768,0.01,125.0,0.6776018142700195,0.27881420254658085,106.09259113830828,0.9194036722386637,1.1706304266280003,125.13246247683985
22.83000000000077,0.01,125.0,0.6814286112785339,0.2855902206892821,106.09537928033374,0.9217838152246765,1.1798244633503885,125.14416878110613
22.84000000000077,0.01,125.0,0.6852440237998962,0.2924045068020685,106.09823518254063,0.9241547618806102,1.1890423015026368,125.15596702573964
22.850000000000772,0.01,125.0,0.6890485286712646,0.2992569470400685,106.10115922760866,0.9265164888061775,1.1982838491214443,125.16785744875467
22.860000000000774,0.01,125.0,0.6928413510322571,0.3061474323267822,106.10415179707907,0.9288689726920873,1.2075490140095075,125.1798402872459
22.870000000000775,0.01,125.0,0.6966230869293213,0.31307584583710585,106.10721327140234,0.9312121903202729,1.21683770373643,125.19191577738599
22.880000000000777,0.01,125.0,0.7003934979438782,0.32004207670640017,106.11034402986071,0.9335461185641233,1.2261498256396341,125.20408415442336
22.89000000000078,0.01,125.0,0.7041525840759277,0.32704601168584,106.11354445062777,0.9358707343887084,1.2354852868252768,125.21634565267975
22.90000000000078,0.01,125.0,0.7079002857208252,0.3340875375266004,106.11681491074462,0.9381860148510086,1.2448439941691654,125.228700505548
22.91000000000078,0.01,125.0,0.711636483669281,0.3411665403838098,106.1201557861199,0.9404919371001403,1.254225854317677,125.2411489454897
22.920000000000783,0.01,125.0,0.7153616547584534,0.3482829052205037,106.12356745152374,0.9427884783775815,1.2636307736886798,125.25369120403288
22.930000000000785,0.01,125.0,0.7190752029418945,0.3554365217680894,106.12705028057594,0.9450756160173979,1.273058658472457,125.26632751176976
22.940000000000786,0.01,125.0,0.7227775454521179,0.3626272737975094,106.13060464579362,0.9473533274464638,1.2825094146326326,125.27905809835448
22.950000000000788,0.01,125.0,0.726468563079834,0.3698550492520317,106.1342309185316,0.9496215901846871,1.2919829479070988,125.2918831925008
22.96000000000079,0.01,125.0,0.7301481366157532,0.3771197348828312,106.13792946902412,0.9518803818452294,1.3014791638089471,125.30480302197988
22.97000000000079,0.01,125.0,0.7338162064552307,0.38442121624898984,106.14170066637294,0.9541296801347303,1.3109979676274008,125.31781781361796
22.980000000000793,0.01,125.0,0.7374731302261353,0.3917593783135433,106.14554487853543,0.9563694628535233,1.3205392644287497,125.33092779329424
22.990000000000794,0.01,125.0,0.7411184310913086,0.3991341096158058,106.14946247231858,0.958599707895857,1.3301029590572864,125.34413318593853
23.000000000000796,0.01,125.0,0.7447524070739746,0.40654529392672006,106.15345381341473,0.9608203932501127,1.3396889561362464,125.35743421552911
23.010000000000797,0.01,125.0,0.7483752965927124,0.41399281799746096,106.157519266354,0.9630314969990237,1.3492971600687491,125.37083110509047
23.0200000000008,0.01,125.0,0.7519865036010742,0.42147657096338925,106.16165919453398,0.965232997319888,1.3589274750387408,125.38432407669116
23.0300000000008,0.01,125.0,0.7555863261222839,0.4289964359994012,106.16587396024362,0.9674248724847863,1.368579805011941,125.39791335144155
23.040000000000802,0.01,125.0,0.759174644947052,0.4365522992606252,106.17016392460361,0.9696071008607954,1.3782540537367904,125.41159914949166
23.050000000000804,0.01,125.0,0.7627517580986023,0.4441440457100969,106.17452944759621,0.9717796609102018,1.3879501247453998,125.42538169002903
23.060000000000805,0.01,125.0,0.7663173675537109,0.45177156329108414,106.17897088805331,0.9739425311907163,1.3976679213545034,125.43926119127649
23.070000000000807,0.01,125.0,0.7698714733123779,0.45943473696662246,106.18348860368623,0.9760956903556814,1.407407346666412,125.45323787049003
23.08000000000081,0.01,125.0,0.7734143733978271,0.46713345169974746,106.18808295105589,0.9782391171542857,1.4171683035699705,125.46731194395669
23.09000000000081,0.01,125.0,0.7769457101821899,0.4748675954337269,106.19275428557289,0.9803727904317714,1.426950694741515,125.48148362699239
23.10000000000081,0.01,125.0,0.7804653644561768,0.48263705253555006,106.19750296152722,0.9824966891296457,1.4367544226458342,125.4957531339398
23.110000000000813,0.01,125.0,0.7839736938476562,0.49044170618011307,106.20232933205257,0.9846107922858855,1.4465793895371322,125.51012067816626
23.120000000000815,0.01,125.0,0.7874706983566284,0.49828144311859085,106.20723374911438,0.9867150790351461,1.4564254974599926,125.52458647206163
23.130000000000816,0.01,125.0,0.7909562587738037,0.5061561501021583,106.21221656354557,0.9888095286089666,1.4662926482503456,125.53915072703623
23.140000000000818,0.01,125.0,0.7944302558898926,0.5140657126898975,106.21727812504659,0.9908941203359751,1.4761807435364367,125.55381365351873
23.15000000000082,0.01,125.0,0.7978925108909607,0.5220100152487978,106.22241878217349,0.9929688336420937,1.486089684739798,125.5685754609541
23.16000000000082,0.01,125.0,0.8013436198234558,0.5299889403577086,106.22763888232598,0.9950336480507389,1.4960193730762203,125.58343635780149
23.170000000000822,0.01,125.0,0.8047831058502197,0.5380023765559444,106.23293877172955,0.9970885431830265,1.5059697095567293,125.59839655153225
23.180000000000824,0.01,125.0,0.8082113862037659,0.5460502076144479,106.2383187954951,0.9991334987579705,1.5159405949885612,125.61345624862781
23.190000000000826,0.01,125.0,0.8116278648376465,0.5541323214764868,106.24377929757125,1.001168494592686,1.5259319299761425,125.6286156545777
23.200000000000827,0.01,125.0,0.8150330185890198,0.5622486001248646,106.24932062078602,1.0031935106025849,1.5359436149220709,125.64387497387746
23.21000000000083,0.01,125.0,0.8184265494346619,0.5703989303107561,106.25494310678727,1.0052085268015771,1.5459755500280983,125.65923441002668
23.22000000000083,0.01,125.0,0.8218084573745728,0.578583195805104,106.26064709609038,1.0072135233022654,1.5560276352961155,125.67469416552697
23.23000000000083,0.01,125.0,0.8251792192459106,0.586801280378851,106.26643292804843,1.009208480316145,1.5660997705291397,125.69025444187993
23.240000000000833,0.01,125.0,0.8285380005836487,0.5950530725713115,106.27230094085222,1.011193378153795,1.5761918553323027,125.70591543958523
23.250000000000835,0.01,125.0,0.8318856358528137,0.6033384525771492,106.27825147157793,1.013168197225075,1.5863037891138423,125.72167735813855
23.260000000000836,0.01,125.0,0.8352214694023132,0.6116573089356787,106.28428485610371,1.015132918039318,1.5964354710860946,125.73754039602969
23.270000000000838,0.01,125.0,0.8385457396507263,0.6200095236297032,106.29040142919307,1.0170875212055226,1.6065868002664894,125.75350475074055
23.28000000000084,0.01,125.0,0.8418585062026978,0.6283949810262117,106.29660152442936,1.0190319874325453,1.6167576754785462,125.76957061874322
23.29000000000084,0.01,125.0,0.8451598286628723,0.63681356608824,106.30288547423963,1.020966297529289,1.6269479953528732,125.785738195498
23.300000000000843,0.01,125.0,0.8484494686126709,0.64526516437487,106.30925360990051,1.022890432404894,1.6371576583281677,125.80200767545153
23.310000000000844,0.01,125.0,0.8517277836799622,0.653749659060998,106.31570626154426,1.0248043730689254,1.6473865626522182,125.81837925203482
23.320000000000846,0.01,125.0,0.8549943566322327,0.662266936897799,106.32224375813487,1.0267081006315626,1.657634606382909,125.83485311766134
23.330000000000847,0.01,125.0,0.8582493662834167,0.6708168804641227,106.32886642750385,1.0286015963037827,1.6679016873892263,125.85142946372517
23.34000000000085,0.01,125.0,0.8614928126335144,0.6793993741269582,106.33557459630849,1.0304848413975474,1.6781877033522656,125.86810848059906
23.35000000000085,0.01,125.0,0.8647244572639465,0.6880143022532946,106.34236859004976,1.0323578173259884,1.6884925517662428,125.88489035763259
23.360000000000852,0.01,125.0,0.867944598197937,0.6966615468259354,106.34924873307229,1.0342205056035887,1.6988161299395044,125.90177528315024
23.370000000000854,0.01,125.0,0.8711531162261963,0.7053409928079162,106.35621534854054,1.036072887846368,1.709158334995542,125.91876344444964
23.380000000000855,0.01,125.0,0.8743502497673035,0.7140525239701795,106.36326875846862,1.0379149457720611,1.7195190638740072,125.93585502779959
23.390000000000857,0.01,125.0,0.8775355219841003,0.7227960264678539,106.37040928370833,1.0397466612003,1.7298982133317296,125.95305021843834
23.40000000000086,0.01,125.0,0.8807095289230347,0.7315713816876963,106.37763724397301,1.0415680160527918,1.7402956799437341,125.97034920057166
23.41000000000086,0.01,125.0,0.8838717937469482,0.740378476976928,106.38495295778989,1.0433789923535008,1.7507113601042636,125.9877521573711
23.42000000000086,0.01,125.0,0.8870223164558411,0.7492171949143989,106.39235674255966,1.045179572228822,1.7611451500278004,126.00525927097215
23.430000000000863,0.01,125.0,0.8901610374450684,0.7580874180789586,106.3998489145088,1.0469697379077583,1.7715969457500902,126.02287072247243
23.440000000000865,0.01,125.0,0.8932883739471436,0.7669890284534107,106.40742978868958,1.0487494717220969,1.7820666431291694,126.04058669192993
23.450000000000866,0.01,125.0,0.896403968334198,0.7759219121928835,106.41509967897412,1.0505187561065845,1.792554137846392,126.05840735836122
23.460000000000868,0.01,125.0,0.8995080590248108,0.7848859518762269,106.42285889809605,1.0522775735990981,1.8030593254074596,126.07633289973968
23.47000000000087,0.01,125.0,0.9026002883911133,0.7938810324664765,106.43070775761481,1.054025906840819,1.8135821011434523,126.09436349299376
23.48000000000087,0.01,125.0,0.9056807160377502,0.802907035350389,106.43864656793947,1.0557637385764043,1.8241223602118621,126.1124993140052
23.490000000000872,0.01,125.0,0.9087498188018799,0.8119638425107679,106.44667563829297,1.0574910516541554,1.8346799975976278,126.13074053760732
23.500000000000874,0.01,125.0,0.9118068814277649,0.8210513406987882,106.45479527671809,1.0592078290261908,1.845254908114171,126.1490873375833
23.510000000000876,0.01,125.0,0.9148526191711426,0.8301694095130673,106.46300579012508,1.0609140537486101,1.8558469864044345,126.16753988666444
23.520000000000877,0.01,125.0,0.9178867340087891,0.8393179357047801,106.47130748422022,1.0626097089816648,1.8664561269419222,126.18609835652849
23.53000000000088,0.01,125.0,0.9209087491035461,0.8484968030448694,106.47970066357726,1.0642947779899212,1.8770822240317404,126.20476291779791
23.54000000000088,0.01,125.0,0.9239195585250854,0.8577058905359063,106.4881856316077,1.0659692441424298,1.8877251718116412,126.22353374003823
23.550000000000882,0.01,125.0,0.9269182085990906,0.8669450861211586,106.49676269051307,1.0676330909128848,1.8983848642530672,126.24241099175636
23.560000000000883,0.01,125.0,0.9299051761627197,0.876214268207151,106.50543214137429,1.0692863018797907,1.9090611951621976,126.26139484039889
23.570000000000885,0.01,125.0,0.9328809976577759,0.8855133199687797,106.51419428405636,1.0709288607266225,1.9197540581809973,126.28048545235052
23.580000000000886,0.01,125.0,0.9358445405960083,0.8948421299453589,106.52304941725605,1.0725607512419872,1.9304633467882653,126.29968299293233
23.590000000000888,0.01,125.0,0.9387965202331543,0.9042005753513205,106.5319978385555,1.074181957319785,1.9411889543006868,126.31898762640022
23.60000000000089,0.01,125.0,0.9417366981506348,0.9135885405536535,106.54103984430901,1.075792462959366,1.9519307738738862,126.33839951594322
23.61000000000089,0.01,125.0,0.9446654319763184,0.9230059075351613,106.55017572971455,1.0773922522656898,1.9626886985034815,126.35791882368197
23.620000000000893,0.01,125.0,0.9475820660591125,0.932452561854926,106.5594057887899,1.0789813094494813,1.9734626210261401,126.37754571066701
23.630000000000894,0.01,125.0,0.9504870772361755,0.9419283825155186,106.56873031440846,1.0805596188273885,1.9842524341206367,126.39728033687727
23.640000000000896,0.01,125.0,0.9533804059028625,0.9514332532878819,106.57814959823361,1.0821271648221347,1.9950580303089123,126.41712286121849
23.650000000000897,0.01,125.0,0.9562619924545288,0.960967057346912,106.58766393076648,1.0836839319626734,2.0058793019571355,126.43707344152158
23.6600000000009,0.01,125.0,0.9591317772865295,0.9705296772714588,106.59727360133995,1.0852299048843415,2.016716141276764,126.45713223454115
23.6700000000009,0.01,125.0,0.96198970079422,0.9801209950443256,106.60697889811267,1.0867650683290109,2.027568440325609,126.47729939595392
23.680000000000902,0.01,125.0,0.964836061000824,0.9897408920522693,106.61678010806311,1.088289407145238,2.0384360910089008,126.49757508035718
23.690000000000904,0.01,125.0,0.9676703810691833,0.9993892526622791,106.62667751698363,1.0898029062884138,2.049318985080355,126.51795944126727
23.700000000000905,0.01,125.0,0.9704931378364563,1.0090659564729725,106.63667140951026,1.0913055508209129,2.060217014143241,126.53845263111808
23.710000000000907,0.01,125.0,0.9733039140701294,1.0187708878513386,106.64676206907498,1.09279732591224,2.071130069651452,126.5590548012595
23.72000000000091,0.01,125.0,0.9761029481887817,1.0285039269920415,106.6569497779535,1.0942782168391783,2.082058042910576,126.57976610195603
23.73000000000091,0.01,125.0,0.9788904190063477,1.0382649564739308,106.66723481722342,1.0957482089859312,2.0930008250789696,126.60058668238513
23.74000000000091,0.01,125.0,0.9816660284996033,1.0480538606639958,106.67761746678816,1.0972072878442702,2.1039583071688304,126.62151669063591
23.750000000000913,0.01,125.0,0.984429657459259,1.0578705209489934,106.6880980053948,1.0986554390136754,2.1149303800472747,126.64255627370761
23.760000000000915,0.01,125.0,0.987181544303894,1.0677148175235875,106.6986767106043,1.1000926482014803,2.1259169344374134,126.66370557750808
23.770000000000916,0.01,125.0,0.9899216294288635,1.077586632966628,106.70935385877954,1.10151890122301,2.13691786091943,126.68496474685246
23.780000000000918,0.01,125.0,0.9926499128341675,1.087485849260918,106.7201297251092,1.1029341840017228,2.1479330499316616,126.70633392546165
23.79000000000092,0.01,125.0,0.995366632938385,1.0974123483892613,106.73100458360182,1.1043384825693494,2.1589623917716807,126.72781325596097
23.80000000000092,0.01,125.0,0.9980711936950684,1.1073660147186466,106.7419787070857,1.1057317830660292,2.170005776597376,126.74940287987869
23.810000000000922,0.01,125.0,1.0007638931274414,1.1173467266555988,106.7530523672329,1.1071140717404497,2.181063094428038,126.77110293764467
23.820000000000924,0.01,125.0,1.0034446716308594,1.1273543655868747,106.76422583449946,1.1084853349499793,2.1921342351454443,126.79291356858896
23.830000000000926,0.01,125.0,1.0061137676239014,1.137388812303185,106.77549937815533,1.1098455591608036,2.203219088494946,126.81483491094042
23.840000000000927,0.01,125.0,1.0087709426879883,1.1474499499794255,106.78687326627836,1.1111947309480588,2.2143175440865557,126.83686710182538
23.85000000000093,0.01,125.0,1.0114164352416992,1.157537659406307,106.79834776577816,1.1125328369959644,2.225429491396038,126.85901027726625
23.86000000000093,0.01,125.0,1.014050006866455,1.1676518237587254,106.80992314237223,1.1138598640979536,2.2365548197659995,126.88126457218021
23.870000000000932,0.01,125.0,1.0166716575622559,1.1777923238273915,106.82159966060982,1.1151757991568048,2.2476934184069806,126.90363012037788
23.880000000000933,0.01,125.0,1.0192815065383911,1.1879590404030156,106.83337758384809,1.1164806291847702,2.2588451763985504,126.92610705456195
23.890000000000935,0.01,125.0,1.0218793153762817,1.1981518554684012,106.84525717425213,1.1177743413037038,2.2700099826903997,126.94869550632595
23.900000000000936,0.01,125.0,1.0244653224945068,1.2083706486221657,106.85723869280682,1.11905692274519,2.2811877261034383,126.97139560615285
23.910000000000938,0.01,125.0,1.027039647102356,1.2186153018471124,106.86932239929304,1.1203283608506673,2.292378295330892,126.99420748341389
23.92000000000094,0.01,125.0,1.029601812362671,1.2288856983181375,106.88150855231152,1.1215886430715554,2.3035815789394003,127.0171312663672
23.93000000000094,0.01,125.0,1.0321519374847412,1.2391817164417658,106.8937974092947,1.1228377569693764,2.3147974653701175,127.0401670821566
23.940000000000943,0.01,125.0,1.0346908569335938,1.2495032358166147,106.90618922645912,1.1240756902158817,2.326025842939813,127.06331505681031
23.950000000000944,0.01,125.0,1.0372172594070435,1.2598501443859522,106.9186842588173,1.1253024305931696,2.3372665998419735,127.08657531523971
23.960000000000946,0.01,125.0,1.0397319793701172,1.2702223169800242,106.93128276026115,1.1265179659938074,2.348519624147907,127.10994798123814
23.970000000000947,0.01,125.0,1.0422346591949463,1.280619636773727,106.94398498343095,1.1277222844209516,2.359784803807847,127.13343317747962
23.98000000000095,0.01,125.0,1.0447254180908203,1.291041983365678,106.95679117979869,1.1289153739884659,2.371062026652058,127.1570310255177
23.99000000000095,0.01,125.0,1.0472044944763184,1.3014892375465879,106.96970159963234,1.1300972229210378,2.3823511803919444,127.18074164578422
24.000000000000952,0.01,125.0,1.0496716499328613,1.3119612824913527,106.98271649200781,1.1312678195542951,2.3936521526211565,127.20456515758815
24.010000000000954,0.01,125.0,1.0521267652511597,1.3224579989906828,106.99583610483272,1.1324271523349219,2.4049648308167013,127.22850167911436
24.020000000000955,0.01,125.0,1.054569959640503,1.332979266643196,107.00906068482263,1.1335752098207714,2.4162891023400523,127.25255132742252
24.030000000000957,0.01,125.0,1.0570008754730225,1.3435249662396027,107.02239047748907,1.1347119806809802,2.4276248544382617,127.27671421844593
24.04000000000096,0.01,125.0,1.0594203472137451,1.3540949749943345,107.03582572715146,1.1358374536960787,2.438971974245073,127.30099046699031
24.05000000000096,0.01,125.0,1.0618277788162231,1.3646891784664736,107.04936667690141,1.1369516177581025,2.450330348782036,127.32538018673277
24.06000000000096,0.01,125.0,1.064223051071167,1.3753074562546375,107.06301356868607,1.1380544618707018,2.4616998649596185,127.34988349022059
24.070000000000963,0.01,125.0,1.066606879234314,1.3859496867653507,107.07676664324862,1.139145975149251,2.473080409578327,127.3745004888702
24.080000000000965,0.01,125.0,1.0689783096313477,1.3966157555576955,107.09062614011627,1.1402261468209547,2.4844718693298216,127.39923129296598
24.090000000000966,0.01,125.0,1.0713378190994263,1.4073055386540105,107.10459229767184,1.141294966224954,2.495874130798033,127.42407601165928
24.100000000000968,0.01,125.0,1.0736854076385498,1.4180189168450066,107.11866535305839,1.1423524228124333,2.5072870804602845,127.44903475296726
24.11000000000097,0.01,125.0,1.0760210752487183,1.4287557709213938,107.13284554222685,1.143398506146723,2.5187106046884105,127.47410762377187
24.12000000000097,0.01,125.0,1.0783445835113525,1.4395159816738827,107.14713309993606,1.1444332059034028,2.5301445897498795,127.49929472981876
24.130000000000972,0.01,125.0,1.08065664768219,1.450299427508998,107.1615282597528,1.1454565118704039,2.5415889218089154,127.52459617571625
24.140000000000974,0.01,125.0,1.0829561948776245,1.4611059939858215,107.17603125402789,1.1464684139481096,2.553043486927621,127.55001206493435
24.150000000000976,0.01,125.0,1.0852439403533936,1.4719355559345995,107.19064231396776,1.1474689021494544,2.564508171067104,127.57554249980363
24.160000000000977,0.01,125.0,1.0875197649002075,1.482787995338135,107.20536166952711,1.1484579666000245,2.5759828600886006,127.60118758151431
24.17000000000098,0.01,125.0,1.0897834300994873,1.493663192987139,107.2201895494805,1.1494355975381527,2.5874674397546027,127.6269474101152
24.18000000000098,0.01,125.0,1.0920352935791016,1.5045610272881356,107.23512618141037,1.1504017853150161,2.598961795729986,127.65282208451276
24.190000000000982,0.01,125.0,1.0942751169204712,1.5154813802239282,107.25017179168324,1.1513565203947316,2.610465813583138,127.67881170247007
24.200000000000983,0.01,125.0,1.0965027809143066,1.5264241313931346,107.26532660548548,1.1522997933544492,2.621979378787087,127.7049163606059
24.210000000000985,0.01,125.0,1.098718523979187,1.5373891592022795,107.28059084679941,1.1532315948844463,2.6335023767206334,127.73113615439378
24.220000000000987,0.01,125.0,1.1009222269058228,1.548376344442073,107.29596473839143,1.1541519157882172,2.6450346926694794,127.757471178161
24.230000000000988,0.01,125.0,1.103114128112793,1.559385566711133,107.31144850183586,1.1550607469825664,2.6565762118273635,127.78392152508769
24.24000000000099,0.01,125.0,1.1052937507629395,1.5704167079922626,107.32704235750298,1.1559580794976967,2.668126819297191,127.81048728720597
24.25000000000099,0.01,125.0,1.1074614524841309,1.5814696454998938,107.3427465245829,1.156843904477299,2.67968640009217,127.83716855539895
24.260000000000993,0.01,125.0,1.1096172332763672,1.5925442600247368,107.3585612210379,1.1577182131786379,2.6912548391369446,127.86396541939988
24.270000000000994,0.01,125.0,1.1117610931396484,1.6036404323575022,107.37448666363815,1.15858099697264,2.702832021268733,127.89087796779125
24.280000000000996,0.01,125.0,1.113892674446106,1.6147580432889004,107.39052306796172,1.1594322473439767,2.7144178312384613,127.91790628800395
24.290000000000997,0.01,125.0,1.1160125732421875,1.6258969700333632,107.40667064839461,1.1602719558911512,2.7260121537119026,127.94505046631633
24.300000000001,0.01,125.0,1.1181203126907349,1.6370570957657868,107.42292961809494,1.161100114326579,2.737614873270816,127.97231058785346
24.310000000001,0.01,125.0,1.1202157735824585,1.648238298892696,107.4393001890526,1.1619167144766707,2.7492258744140834,127.99968673658617
24.320000000001002,0.01,125.0,1.1222991943359375,1.6594404566285224,107.45578257204153,1.162721748281912,2.760845041558852,128.0271789953303
24.330000000001004,0.01,125.0,1.1243705749511719,1.6706634485718834,107.47237697660782,1.163515207796945,2.772472259041673,128.0547874457459
24.340000000001005,0.01,125.0,1.1264305114746094,1.6819071543213968,107.48908361109353,1.1642970851906445,2.784107411119644,128.0825121683363
24.350000000001007,0.01,125.0,1.1284780502319336,1.6931714594361447,107.50590268263674,1.1650673727461958,2.7957503819715526,128.1103532424475
24.36000000000101,0.01,125.0,1.1305129528045654,1.7044562399384657,107.52283439723111,1.165826062861172,2.8074010556990165,128.13831074626722
24.37000000000101,0.01,125.0,1.1325361728668213,1.7157613694665133,107.5398789596305,1.166573148047608,2.81905931632763,128.16638475682421
24.38000000000101,0.01,125.0,1.134547472000122,1.7270867311951832,107.55703657332516,1.1673086209320744,2.830725047808108,128.1945753499875
24.390000000001013,0.01,125.0,1.1365469694137573,1.7384322059151862,107.57430744063711,1.1680324742557513,2.8423981340174302,128.2228826004656
24.400000000001015,0.01,125.0,1.1385343074798584,1.7497976756093256,107.59169176269627,1.168744700874498,2.8540784587599894,128.25130658180578
24.410000000001016,0.01,125.0,1.1405094861984253,1.761183018684126,107.60918973945236,1.1694452937589255,2.865765905768736,128.27984736639337
24.420000000001018,0.01,125.0,1.142472267150879,1.772588113546112,107.6268015696392,1.170134245994465,2.877460358706327,128.30850502545107
24.43000000000102,0.01,125.0,1.1444231271743774,1.7840128362176224,107.64452745077466,1.170811550781436,2.8891617011662736,128.33727962903814
24.44000000000102,0.01,125.0,1.1463621854782104,1.795457067489368,107.66236757913684,1.1714772014351138,2.90086981667409,128.36617124604982
24.450000000001022,0.01,125.0,1.1482887268066406,1.8069206893441518,107.68032214981174,1.172131191385795,2.9125845886884427,128.39517994421655
24.460000000001024,0.01,125.0,1.1502043008804321,1.81840357661222,107.69839135670519,1.1727735141788627,2.9243059006023024,128.42430579010343
24.470000000001026,0.01,125.0,1.152106523513794,1.8299056196210262,107.71657539247131,1.1734041634748504,2.936033635744093,128.45354884910947
24.480000000001027,0.01,125.0,1.153997540473938,1.841426684856166,107.73487444866753,1.1740231330495046,2.9477676773788435,128.48290918546692
24.49000000000103,0.01,125.0,1.1558759212493896,1.8529666602609072,107.75328871551609,1.1746304167938448,2.9595079087093406,128.5123868622407
24.50000000000103,0.01,125.0,1.1577425003051758,1.864525419473403,107.77181838211871,1.175226008714226,2.9712542128772808,128.5419819413278
24.510000000001032,0.01,125.0,1.1595964431762695,1.8761028444764565,107.79046363631345,1.175809902932396,2.983006472964425,128.57169448345658
24.520000000001033,0.01,125.0,1.161439299583435,1.887698808908221,107.80922466475822,1.1763820936855551,2.994764571993751,128.60152454818623
24.530000000001035,0.01,125.0,1.1632695198059082,1.899313201904057,107.82810165284731,1.1769425753264116,3.0065283929306084,128.63147219390618
24.540000000001037,0.01,125.0,1.165087342262268,1.910945897102118,107.84709478486636,1.1774913423232374,3.0182978186838745,128.66153747783548
24.550000000001038,0.01,125.0,1.1668939590454102,1.9225967705247426,107.86620424383739,1.178028389259924,3.030072732107109,128.69172045602232
24.56000000000104,0.01,125.0,1.1686877012252808,1.9342657101151985,107.88543021154264,1.1785537108360353,3.0418530159997097,128.7220211833434
24.57000000000104,0.01,125.0,1.1704692840576172,1.9459525871274532,107.90477286864379,1.1790673018668592,3.053638553108072,128.7524397135034
24.580000000001043,0.01,125.0,1.1722391843795776,1.9576572799680312,107.92423239451507,1.1795691572834595,3.0654292261267426,128.7829760990345
24.590000000001044,0.01,125.0,1.1739966869354248,1.9693796718118288,107.94380896731475,1.1800592721327259,3.077224917699579,128.81363039129576
24.600000000001046,0.01,125.0,1.1757426261901855,1.981119638681185,107.96350276403287,1.1805376415774227,3.089025510420908,128.84440264047277
24.610000000001047,0.01,125.0,1.177476167678833,1.9928770649430887,107.98331396041968,1.1810042608962366,3.1008308868366843,128.875292895577
24.62000000000105,0.01,125.0,1.1791973114013672,2.0046518266198787,108.00324273106911,1.1814591254838234,3.1126409294456483,128.90630120444536
24.63000000000105,0.01,125.0,1.1809065341949463,2.0164437997338944,108.0232892493353,1.181902230850853,3.1244555207004883,128.93742761373983
24.640000000001052,0.01,125.0,1.1826039552688599,2.028252865075846,108.04345368733264,1.1823335726240547,3.1362745430089984,128.96867216894682
24.650000000001054,0.01,125.0,1.1842892169952393,2.0400789046285364,108.06373621598341,1.182753146546259,3.148097878735241,129.00003491437693
24.660000000001055,0.01,125.0,1.1859619617462158,2.0519217967984904,108.0841370050297,1.183160948476441,3.1599254102007053,129.03151589316428
24.670000000001057,0.01,125.0,1.1876227855682373,2.0637814164159543,108.10465622299769,1.18355697438976,3.1717570196854714,129.0631151472663
24.68000000000106,0.01,125.0,1.1892716884613037,2.0756576442716383,108.12529403716185,1.1839412203776,3.183592589429371,129.09483271746316
24.69000000000106,0.01,125.0,1.1909085512161255,2.087550361156253,108.14605061360457,1.1843136826476086,3.195432001633149,129.12666864335745
24.70000000000106,0.01,125.0,1.1925326585769653,2.0994594466684164,108.16692611721614,1.1846743575237337,3.207275138459627,129.15862296337377
24.710000000001063,0.01,125.0,1.194145917892456,2.111384773254188,108.18792071168282,1.1850232414462591,3.2191218820348664,129.19069571475836
24.720000000001065,0.01,125.0,1.195745587348938,2.1233262324331146,108.20903455941537,1.1853603309718421,3.230972114449331,129.2228869335787
24.730000000001066,0.01,125.0,1.1973340511322021,2.1352836883066058,108.2302678217397,1.1856856227735448,3.242825717759051,129.2551966547232
24.740000000001068,0.01,125.0,1.1989105939865112,2.1472570288179296,108.25162065862277,1.1859991136408685,3.2546825739867886,129.2876249119008
24.75000000000107,0.01,125.0,1.200474500656128,2.1592461347577965,108.27309322891095,1.186300800479785,3.266542565123199,129.32017173764066
24.76000000000107,0.01,125.0,1.2020263671875,2.1712508797643597,108.29468569025853,1.186590680312767,3.278405573127999,129.3528371632919
24.770000000001072,0.01,125.0,1.203566312789917,2.1832711434362366,108.31639819905618,1.1868687502788173,3.290271479931129,129.3856212190232
24.780000000001074,0.01,125.0,1.2050937414169312,2.1953068065641377,108.33823091049055,1.187135007633498,3.302140167433919,129.4185239338225
24.790000000001076,0.01,125.0,1.2066090106964111,2.2073577439783088,108.3601839785562,1.1873894497489563,3.314011517510256,129.45154533549686
24.800000000001077,0.01,125.0,1.2081125974655151,2.2194238340852745,108.38225755599598,1.1876320741139512,3.325885412007747,129.48468545067198
24.81000000000108,0.01,125.0,1.2096039056777954,2.2315049600599317,108.40445179433684,1.1878628783338783,3.337761732748888,129.51794430479205
24.82000000000108,0.01,125.0,1.211083173751831,2.2436009991167114,108.42676684393744,1.188081860130793,3.349640361532229,129.55132192211954
24.830000000001082,0.01,125.0,1.212550163269043,2.2557118308542314,108.44920285392861,1.1882890173434335,3.361521180133539,129.58481832573486
24.840000000001083,0.01,125.0,1.214005708694458,2.267837332486924,108.47175997223715,1.1884843479272413,3.373404070306975,129.6184335375362
24.850000000001085,0.01,125.0,1.2154486179351807,2.27997738957387,108.49443834556203,1.1886678499543832,3.3852889137862494,129.65216757823927
24.860000000001087,0.01,125.0,1.2168790102005005,2.292131875753224,108.51723811945777,1.1888395216137675,3.397175592285795,129.68602046737715
24.870000000001088,0.01,125.0,1.2182977199554443,2.304300665855231,108.54015943821531,1.1889993612110648,3.4090639875019346,129.7199922233
24.88000000000109,0.01,125.0,1.2197041511535645,2.3164836430547875,108.56320244487387,1.1891473671687225,3.4209539811140472,129.75408286317503
24.89000000000109,0.01,125.0,1.2210991382598877,2.328680684566325,108.58636728130442,1.1892835380259816,3.4328454547857365,129.78829240298617
24.900000000001093,0.01,125.0,1.2224812507629395,2.3408916759489258,108.60965408815008,1.1894078724388908,3.4447382901659984,129.82262085753405
24.910000000001094,0.01,125.0,1.223851203918457,2.353116488456557,108.63306300490957,1.1895203691803193,3.4566323688903893,129.85706824043572
24.920000000001096,0.01,125.0,1.2252094745635986,2.3653550004957435,108.65659416979415,1.1896210271399703,3.4685275725821945,129.89163456412464
24.930000000001098,0.01,125.0,1.2265552282333374,2.3776070952413813,108.68024771979911,1.18970984532439,3.480423782853596,129.92631983985046
24.9400000000011,0.01,125.0,1.2278891801834106,2.3898726475237164,108.70402379075153,1.1897868228569786,3.492320881306842,129.96112407767902
24.9500000000011,0.01,125.0,1.2292109727859497,2.4021515393255526,108.72792251722677,1.1898519589779992,3.5042187495354136,129.9960472864921
24.960000000001102,0.01,125.0,1.2305207252502441,2.414443649053414,108.75194403262003,1.1899052530445844,3.5161172691251954,130.03108947398744
24.970000000001104,0.01,125.0,1.2318180799484253,2.4267488563059185,108.77608846911058,1.1899467045307437,3.528016321655643,130.0662506466787
24.980000000001105,0.01,125.0,1.2331037521362305,2.4390670371054046,108.80035595767364,1.189976313027367,3.5399157887009522,130.10153080989525
24.990000000001107,0.01,125.0,1.234377145767212,2.451398074626769,108.82474662804471,1.189994078242231,3.5518155518312278,130.13692996778227
25.00000000000111,0.01,125.0,1.2356383800506592,2.463741846084443,108.84926060879098,1.19,3.563715492613652,130.17244812330057
25.01000000000111,0.01,125.0,1.2368876934051514,2.476098229884952,108.87389802725183,1.1899940782422285,3.575615492613654,130.20808527822672
25.02000000000111,0.01,125.0,1.2381243705749512,2.488467106819005,108.89865900955068,1.1899763130273617,3.587515433396078,130.24384143315285
25.030000000001113,0.01,125.0,1.2393488883972168,2.5008483505247567,108.92354368061888,1.1899467045307357,3.5994151965263534,130.27971658748683
25.040000000001115,0.01,125.0,1.2405624389648438,2.513241839408731,108.94855216412412,1.189905253044574,3.6113146635716626,130.3157107394521
25.050000000001116,0.01,125.0,1.2417625188827515,2.5256474637983812,108.97368458251822,1.1898519589779861,3.6232137161021103,130.35182388608783
25.060000000001118,0.01,125.0,1.2429513931274414,2.5380650889872105,108.9989410571562,1.1897868228569628,3.635112235691892,130.38805602324885
25.07000000000112,0.01,125.0,1.2441279888153076,2.5504946029184867,109.02432170804607,1.1897098453243715,3.6470101039204637,130.42440714560578
25.08000000000112,0.01,125.0,1.2452924251556396,2.5629358828066415,109.04982665407526,1.1896210271399494,3.658907202373709,130.460877246645
25.090000000001123,0.01,125.0,1.2464444637298584,2.5753888070582,109.07545601290333,1.1895203691802958,3.6708034126451103,130.49746631866873
25.100000000001124,0.01,125.0,1.2475848197937012,2.5878532516955004,109.10120990097391,1.1894078724388646,3.682698616336915,130.5341743527952
25.110000000001126,0.01,125.0,1.2487132549285889,2.600329099893439,109.12708843349087,1.1892835380259528,3.6945926950613055,130.57100133895855
25.120000000001127,0.01,125.0,1.2498289346694946,2.612816232442727,109.15309172448981,1.189147367168691,3.706485530441567,130.60794726590916
25.13000000000113,0.01,125.0,1.2509326934814453,2.6253145217894236,109.17921988681424,1.1889993612110308,3.718377004113256,130.64501212121357
25.14000000000113,0.01,125.0,1.2520251274108887,2.63782384872424,109.20547303203213,1.1888395216137309,3.730266997725368,130.6821958912547
25.150000000001132,0.01,125.0,1.2531044483184814,2.6503440999983505,109.23185127051937,1.188667849954344,3.7421553929415072,130.71949856123197
25.160000000001133,0.01,125.0,1.2541723251342773,2.6628751444815375,109.25835471151936,1.1884843479271994,3.7540420714410527,130.7569201151614
25.170000000001135,0.01,125.0,1.2552281618118286,2.6754168677328822,109.28498346296418,1.1882890173433889,3.7659269149203265,130.7944605358758
25.180000000001137,0.01,125.0,1.2562716007232666,2.6879691493510025,109.3117376316415,1.188081860130746,3.7778098050937623,130.832119805025
25.190000000001138,0.01,125.0,1.2573031187057495,2.7005318653582373,109.33861732313503,1.1878628783338285,3.789690623695072,130.86989790307595
25.20000000000114,0.01,125.0,1.2583225965499878,2.7131048965452966,109.36562264178862,1.1876320741138988,3.801569252478412,130.90779480931292
25.21000000000114,0.01,125.0,1.2593294382095337,2.7256881225107983,109.39275369075408,1.1873894497489013,3.813445573219553,130.9458105018377
25.220000000001143,0.01,125.0,1.2603250741958618,2.7382814168928955,109.42001057197919,1.1871350076334406,3.8253194677170437,130.98394495756992
25.230000000001144,0.01,125.0,1.261308193206787,2.750884667634856,109.44739338614812,1.1868687502787572,3.83719081779338,131.02219815224709
25.240000000001146,0.01,125.0,1.2622792720794678,2.763497749566926,109.47490223282448,1.1865906803127042,3.8490595052961694,131.06057006042502
25.250000000001148,0.01,125.0,1.2632384300231934,2.7761205422877224,109.50253721032016,1.1863008004797198,3.860925412099298,131.09906065547798
25.26000000000115,0.01,125.0,1.2641850709915161,2.7887529265879563,109.53029841574303,1.1859991136408006,3.872788420104097,131.13766990959897
25.27000000000115,0.01,125.0,1.2651197910308838,2.8013947772978733,109.55818594500892,1.185685622773474,3.884648411240507,131.17639779380002
25.280000000001152,0.01,125.0,1.266042709350586,2.814045975208184,109.58619989278189,1.1853603309717686,3.8965052674682434,131.21524427791243
25.290000000001154,0.01,125.0,1.2669538259506226,2.826706402301692,109.61434035253397,1.1850232414461832,3.908358870777963,131.25420933058712
25.300000000001155,0.01,125.0,1.267852544784546,2.8393759405612005,109.642607416557,1.1846743575236551,3.9202091031924264,131.2932929192949
25.310000000001157,0.01,125.0,1.2687392234802246,2.852054466009048,109.67100117596262,1.1843136826475276,3.932055846767665,131.33249501032685
25.32000000000116,0.01,125.0,1.2696138620376587,2.8647418582438524,109.69952172062271,1.1839412203775164,3.943898983594142,131.37181556879455
25.33000000000116,0.01,125.0,1.2704765796661377,2.877437996864231,109.72816913920515,1.1835569743896734,3.955738395797919,131.4112545586305
25.34000000000116,0.01,125.0,1.2713273763656616,2.8901427626608944,109.7569435191738,1.1831609484763521,3.967573965541818,131.4508119425885
25.350000000001163,0.01,125.0,1.2721656560897827,2.902856036424553,109.78584494680041,1.1827531465461676,3.979405575026583,131.49048768224392
25.360000000001165,0.01,125.0,1.272992730140686,2.915577692985453,109.81487350716466,1.1823335726239605,3.9912331064920465,131.5302817379942
25.370000000001166,0.01,125.0,1.2738072872161865,2.9283076202868616,109.84402928409452,1.1819022308507563,4.003056442218288,131.5701940690591
25.380000000001168,0.01,125.0,1.2746095657348633,2.9410456931590256,109.87331236029739,1.1814591254837241,4.014875464526797,131.6102246334813
25.39000000000117,0.01,125.0,1.275400161743164,2.953791788816376,109.90272281722899,1.1810042608961346,4.0266900557816365,131.65037338812658
25.40000000000117,0.01,125.0,1.2761785984039307,2.9665457904338095,109.93226073511715,1.180537641577318,4.0385000983906,131.6906402886844
25.410000000001173,0.01,125.0,1.2769452333450317,2.9793075764178507,109.9619261930215,1.1800592721326186,4.0503054748063745,131.7310252896683
25.420000000001174,0.01,125.0,1.2776991128921509,2.992077028751303,109.99171926878569,1.1795691572833495,4.0621060675277025,131.77152834441637
25.430000000001176,0.01,125.0,1.2784419059753418,3.0048540198802267,110.0216400390732,1.1790673018667468,4.073901759100538,131.81214940509165
25.440000000001177,0.01,125.0,1.2791723012924194,3.017638438939982,110.05168857927201,1.1785537108359203,4.085692432119208,131.85288842268267
25.45000000000118,0.01,125.0,1.2798908948898315,3.0304301619529084,110.08186496366142,1.1780283892598065,4.097477969227569,131.89374534700386
25.46000000000118,0.01,125.0,1.2805969715118408,3.0432290709018086,110.11216926528095,1.177491342323117,4.109258253120169,131.93472012669613
25.470000000001182,0.01,125.0,1.2812918424606323,3.056035040616929,110.14260155598998,1.1769425753262888,4.121033166543402,131.97581270922734
25.480000000001183,0.01,125.0,1.2819744348526,3.068847959041537,110.17316190639616,1.1763820936854297,4.132802592296667,132.01702304089278
25.490000000001185,0.01,125.0,1.2826451063156128,3.0816677033900652,110.20385038598658,1.1758099029322682,4.144566413233523,132.05835106681576
25.500000000001187,0.01,125.0,1.2833033800125122,3.094494154453223,110.2346670630205,1.1752260087140955,4.156324512262848,132.0997967309481
25.510000000001188,0.01,125.0,1.283949851989746,3.1073271882533504,110.26561200456503,1.1746304167937116,4.16807677234999,132.14135997607073
25.52000000000119,0.01,125.0,1.2845845222473145,3.12016668677325,110.29668527644756,1.174023133049369,4.17982307651793,132.18304074379424
25.53000000000119,0.01,125.0,1.2852073907852173,3.133012531995725,110.3278869433153,1.1734041634747119,4.191563307848425,132.22483897455942
25.540000000001193,0.01,125.0,1.285818099975586,3.1458646059035793,110.35921706863527,1.1727735141787217,4.203297349483174,132.26675460763792
25.550000000001194,0.01,125.0,1.28641676902771,3.158722786903337,110.39067571469431,1.1721311913856514,4.215025084624963,132.30878758113275
25.560000000001196,0.01,125.0,1.2870036363601685,3.171586954593616,110.42226294256335,1.1714772014349675,4.226746396538821,132.350937831979
25.570000000001198,0.01,125.0,1.2875784635543823,3.18445699095722,110.45397881210928,1.1708115507812873,4.238461168553172,132.3932052959444
25.5800000000012,0.01,125.0,1.2881412506103516,3.1973327755927654,110.48582338201886,1.170134245994314,4.250169284060987,132.43558990762995
25.5900000000012,0.01,125.0,1.2886924743652344,3.210214188098871,110.5177967097748,1.1694452937587716,4.261870626520932,132.47809160047055
25.600000000001202,0.01,125.0,1.289231538772583,3.2231011128425253,110.5498988516558,1.1687447008743415,4.273565079458522,132.52071030673577
25.610000000001204,0.01,125.0,1.289758563041687,3.235993428230253,110.58212986278423,1.168032474255592,4.285252526467267,132.56344595753035
25.620000000001205,0.01,125.0,1.290273904800415,3.248891013860672,110.61448979706654,1.167308620931913,4.296932851209824,132.60629848279504
25.630000000001207,0.01,125.0,1.2907768487930298,3.2617937529086785,110.64697870720515,1.166573148047444,4.308605937419145,132.64926781130714
25.64000000000121,0.01,125.0,1.2912684679031372,3.2747015213966106,110.67959664473425,1.165826062861005,4.320271668899621,132.69235387068133
25.65000000000121,0.01,125.0,1.2917481660842896,3.287614206075644,110.71234365994822,1.1650673727460266,4.331929929528233,132.73555658737033
25.66000000000121,0.01,125.0,1.2922157049179077,3.300531687736489,110.74521980200898,1.1642970851904724,4.3435806032556945,132.77887588666562
25.670000000001213,0.01,125.0,1.2926714420318604,3.3134538447856703,110.77822511888634,1.1635152077967705,4.355223574107601,132.82231169269818
25.680000000001215,0.01,125.0,1.293115496635437,3.3263805592059907,110.81135965733421,1.1627217482817354,4.366858726185571,132.86586392843927
25.690000000001216,0.01,125.0,1.2935476303100586,3.339311714172347,110.84462346292628,1.1619167144764908,4.37848594366839,132.90953251570113
25.700000000001218,0.01,125.0,1.2939677238464355,3.3522471904754494,110.878016580068,1.1611001143263968,4.390105110813157,132.95331737513783
25.71000000000122,0.01,125.0,1.2943761348724365,3.365186867713916,110.91153905197277,1.1602719558909667,4.401716111956423,132.99721842624598
25.72000000000122,0.01,125.0,1.2947726249694824,3.378130629062642,110.9451909206499,1.1594322473437892,4.413318831515335,133.04123558736555
25.730000000001223,0.01,125.0,1.295156717300415,3.391078355312339,110.97897222694054,1.15858099697245,4.424913153988775,133.0853687756807
25.740000000001224,0.01,125.0,1.2955297231674194,3.404029922485345,111.01288301049367,1.1577182131784454,4.436498963958501,133.1296179072206
25.750000000001226,0.01,125.0,1.2958908081054688,3.4169852197170214,111.04692330971852,1.156843904477104,4.448076146090287,133.1739828968602
25.760000000001227,0.01,125.0,1.2962396144866943,3.4299441277980782,111.0810931619157,1.1559580794974995,4.4596445851350595,133.2184636583211
25.77000000000123,0.01,125.0,1.2965768575668335,3.442906523942947,111.11539260319368,1.1550607469823662,4.471204165930036,133.26306010417247
25.78000000000123,0.01,125.0,1.2969024181365967,3.4558722925186176,111.14982166843312,1.1541519157880147,4.482754773399861,133.30777214583176
25.790000000001232,0.01,125.0,1.2972155809402466,3.4688413166999856,111.18438039135832,1.1532315948842409,4.494296292557744,133.35259969356576
25.800000000001234,0.01,125.0,1.2975175380706787,3.48181347250939,111.21906880452532,1.1522997933542418,4.5058286085065875,133.39754265649134
25.810000000001235,0.01,125.0,1.297807216644287,3.494788647890099,111.25388693925042,1.1513565203945215,4.517351606440132,133.4426009425764
25.820000000001237,0.01,125.0,1.2980855703353882,3.507766720056544,111.28883482572932,1.1504017853148032,4.528865171644078,133.4877744586408
25.830000000001238,0.01,125.0,1.2983524799346924,3.5207475757599,111.32391249292989,1.1494355975379373,4.540369189497228,133.53306311035726
25.84000000000124,0.01,125.0,1.2986067533493042,3.533731100559249,111.3591199686875,1.1484579665998071,4.551863545472609,133.57846680225225
25.85000000000124,0.01,125.0,1.2988495826721191,3.546717168092744,111.39445727969309,1.1474689021492344,4.563348125138609,133.62398543770698
25.860000000001243,0.01,125.0,1.2990810871124268,3.559705663919467,111.42992445137402,1.1464684139478867,4.574822814160103,133.66961891895838
25.870000000001244,0.01,125.0,1.299299955368042,3.572696474790593,111.46552150801323,1.1454565118701783,4.586287498299583,133.71536714709998
25.880000000001246,0.01,125.0,1.2995076179504395,3.5856894743442758,111.50124847276113,1.144433205903175,4.597742063418287,133.761230022083
25.890000000001248,0.01,125.0,1.2997034788131714,3.598684550523782,111.53710536750458,1.1433985061464929,4.6091863954773205,133.80720744271719
25.90000000000125,0.01,125.0,1.2998874187469482,3.6116815853119157,111.57309221300983,1.1423524228122002,4.620620380538787,133.85329930667197
25.91000000000125,0.01,125.0,1.3000599145889282,3.624680459499387,111.60920902886295,1.1412949662247185,4.632043904766911,133.89950551047735
25.920000000001252,0.01,125.0,1.3002206087112427,3.6376810586452786,111.64545583345794,1.1402261468207162,4.64345685442916,133.94582594952504
25.930000000001254,0.01,125.0,1.3003697395324707,3.6506832647323932,111.6818326440444,1.1391459751490105,4.654859115897369,133.99226051806934
25.940000000001255,0.01,125.0,1.300506830215454,3.66368696212772,111.71833947669174,1.138054461870459,4.666250575648861,134.03880910922834
25.950000000001257,0.01,125.0,1.3006319999694824,3.6766920304298765,111.75497634631301,1.1369516177578567,4.677631120267567,134.08547161498484
25.96000000000126,0.01,125.0,1.3007456064224243,3.6896983504295733,111.79174326661732,1.135837453695831,4.689000636445147,134.13224792618752
25.97000000000126,0.01,125.0,1.300848126411438,3.7027058064937997,111.82864025012162,1.1347119806807295,4.700359010982107,134.17913793255198
25.98000000000126,0.01,125.0,1.3009387254714966,3.715714287757916,111.86566730818657,1.1335752098205185,4.711706130788916,134.2261415226618
25.990000000001263,0.01,125.0,1.3010174036026,3.728723675012633,111.90282445106416,1.1324271523346665,4.723041882887123,134.2732585839697
26.000000000001265,0.01,125.0,1.3010846376419067,3.741733849048661,111.9401116878143,1.1312678195540369,4.734366154410472,134.32048900279858
26.010000000001266,0.01,125.0,1.3011404275894165,3.754744695425082,111.9775290263048,1.1300972229207773,4.745678832606013,134.3678326643427
26.020000000001268,0.01,125.0,1.301184058189392,3.7677560997009785,112.01507647325904,1.1289153739882034,4.756979804835223,134.41528945266876
26.03000000000127,0.01,125.0,1.3012163639068604,3.780767940282874,112.05275403425605,1.1277222844206862,4.768268958575106,134.46285925071712
26.04000000000127,0.01,125.0,1.3012371063232422,3.7937801039219448,112.09056171365889,1.1265179659935396,4.779546181419315,134.5105419403029
26.050000000001273,0.01,125.0,1.3012462854385376,3.8067924749851794,112.1284995146981,1.125302430592899,4.790811361079252,134.55833740211708
26.060000000001274,0.01,125.0,1.3012434244155884,3.819804937839567,112.16656743944796,1.1240756902156088,4.802064385385183,134.60624551572786
26.070000000001276,0.01,125.0,1.3012293577194214,3.8328173720837246,112.20476548882637,1.1228377569691015,4.813305142287341,134.6542661595817
26.080000000001277,0.01,125.0,1.3012036085128784,3.8458296656609208,112.24309366254721,1.121588643071277,4.824533519857034,134.7023992110046
26.09000000000128,0.01,125.0,1.3011658191680908,3.8588417017460515,112.28155195920382,1.1203283608503871,4.835749406287748,134.75064454620318
26.10000000000128,0.01,125.0,1.3011170625686646,3.8718533599377345,112.32014037622129,1.1190569227449068,4.846952689896254,134.79900204026606
26.110000000001282,0.01,125.0,1.3010566234588623,3.8848645305634233,112.35885890982067,1.1177743413034185,4.858143259123705,134.84747156716503
26.120000000001284,0.01,125.0,1.3009847402572632,3.897875096798014,112.3977075551263,1.1164806291844824,4.869321002536741,134.89605299975628
26.130000000001285,0.01,125.0,1.3009012937545776,3.9108849442005886,112.43668630609429,1.115175799156514,4.880485808828587,134.94474620978164
26.140000000001287,0.01,125.0,1.3008061647415161,3.9238939571381364,112.4757951555363,1.113859864097661,4.891637566820155,134.99355106786993
26.150000000001288,0.01,125.0,1.300699234008789,3.9369020187855535,112.5150340951077,1.1125328369956695,4.902776165461133,135.04246744353813
26.16000000000129,0.01,125.0,1.3005810976028442,3.9499090111256434,112.55440311529556,1.1111947309477612,4.913901493831092,135.09149520519276
26.17000000000129,0.01,125.0,1.3004512786865234,3.962914822101674,112.59390220540682,1.1098455591605036,4.925013441140571,135.14063422013106
26.180000000001293,0.01,125.0,1.3003106117248535,3.975919334888541,112.63353135362784,1.1084853349496764,4.936111896732178,135.18988435454247
26.190000000001294,0.01,125.0,1.3001576662063599,3.9889224410057915,112.67329054697673,1.1071140717401446,4.947196750081677,135.2392454735098
26.200000000001296,0.01,125.0,1.299993634223938,4.001924017667857,112.71317977138679,1.1057317830657223,4.95826789079908,135.28871744101065
26.210000000001298,0.01,125.0,1.299817681312561,4.014923954010099,112.75319901156348,1.1043384825690392,4.969325208629739,135.33830011991864
26.2200000000013,0.01,125.0,1.299631118774414,4.027922130823226,112.7933482511036,1.1029341840014106,4.980368593455431,135.38799337200496
26.2300000000013,0.01,125.0,1.2994328737258911,4.040918442010972,112.83362747241183,1.101518901222695,4.9913979352954465,135.43779705793952
26.240000000001302,0.01,125.0,1.2992222309112549,4.053912770748234,112.87403665683195,1.1000926482011633,5.002413124307675,135.48771103729248
26.250000000001304,0.01,125.0,1.2990015745162964,4.066904993057348,112.91457578453944,1.0986554390133563,5.013414050789688,135.53773516853556
26.260000000001305,0.01,125.0,1.298768401145935,4.079895008802513,112.95524483447002,1.097207287843948,5.024400605179824,135.58786930904347
26.270000000001307,0.01,125.0,1.2985246181488037,4.0928826928139745,112.99604378455805,1.095748208985607,5.035372678058264,135.63811331509527
26.28000000000131,0.01,125.0,1.2982685565948486,4.105867938995464,113.0369726114862,1.094278216838851,5.0463301601481225,135.68846704187587
26.29000000000131,0.01,125.0,1.2980016469955444,4.118850624561415,113.07803129087617,1.0927973259119108,5.057272942316513,135.73893034347736
26.30000000000131,0.01,125.0,1.2977237701416016,4.131830641031373,113.11921979712179,1.0913055508205813,5.068200915575634,135.78950307290054
26.310000000001313,0.01,125.0,1.2974337339401245,4.144807878732791,113.1605381035321,1.0898029062880794,5.079113971083841,135.8401850820563
26.320000000001315,0.01,125.0,1.2971326112747192,4.157782216072194,113.20198618231944,1.0882894071449016,5.090012000146724,135.89097622176715
26.330000000001316,0.01,125.0,1.2968204021453857,4.1707535421849435,113.24356400448018,1.0867650683286727,5.100894894218175,135.94187634176862
26.340000000001318,0.01,125.0,1.296496868133545,4.183721746206399,113.28527153990203,1.0852299048840004,5.111762544901464,135.9928852907108
26.35000000000132,0.01,125.0,1.2961618900299072,4.196686714887736,113.3271087573641,1.08368393196233,5.122614843950306,136.04400291615983
26.36000000000132,0.01,125.0,1.2958154678344727,4.209648333788038,113.36907562451299,1.0821271648217883,5.13345168326993,136.09522906459932
26.370000000001323,0.01,125.0,1.2954576015472412,4.2226064884663845,113.41117210785087,1.08055961882704,5.14427295491815,136.14656358143202
26.380000000001324,0.01,125.0,1.295088529586792,4.235561064481859,113.45339817273555,1.078981309449131,5.155078551106422,136.1980063109812
26.390000000001326,0.01,125.0,1.2947088479995728,4.248511949777728,113.49575378338037,1.0773922522653363,5.165868364200915,136.24955709649228
26.400000000001327,0.01,125.0,1.2943170070648193,4.261459038257726,113.53823890287815,1.0757924629590108,5.17664228672357,136.3012157801343
26.41000000000133,0.01,125.0,1.2939141988754272,4.274402208328376,113.58085349326073,1.0741819573194267,5.187400211353162,136.35298220300155
26.42000000000133,0.01,125.0,1.2935004234313965,4.287341350317132,113.62359751534402,1.072560751241627,5.198142030926358,136.4048562051151
26.430000000001332,0.01,125.0,1.293075680732727,4.300276354551448,113.66647092884719,1.0709288607262601,5.208867638438776,136.45683762542436
26.440000000001334,0.01,125.0,1.2926386594772339,4.3132071113587775,113.7094736923927,1.0692863018794252,5.219576927046041,136.50892630180874
26.450000000001335,0.01,125.0,1.2921912670135498,4.326133497953552,113.7526057635063,1.0676330909125176,5.2302697900648365,136.5611220710792
26.460000000001337,0.01,125.0,1.2917325496673584,4.339055410623689,113.79586709848584,1.0659692441420605,5.240946120973963,136.61342476897985
26.47000000000134,0.01,125.0,1.2912622690200806,4.351972736120365,113.83925765259208,1.0642947779895493,5.251605813415385,136.6658342301896
26.48000000000134,0.01,125.0,1.2907814979553223,4.364885358810567,113.8827773799533,1.0626097089812905,5.262248761195282,136.71835028832376
26.49000000000134,0.01,125.0,1.290289282798767,4.377793173790122,113.9264262335414,1.060914053748233,5.272874858285097,136.77097277593572
26.500000000001343,0.01,125.0,1.2897852659225464,4.390696066618112,113.97020416527931,1.0592078290258118,5.2834839988225815,136.82370152451858
26.510000000001344,0.01,125.0,1.2892711162567139,4.4035939192773395,114.0141111259455,1.0574910516537745,5.294076077112841,136.87653636450682
26.520000000001346,0.01,125.0,1.288745403289795,4.416486630439908,114.05814706513829,1.0557637385760201,5.304650987629381,136.92947712527797
26.530000000001348,0.01,125.0,1.288208246231079,4.4293740844728084,114.10231193144269,1.0540259068404332,5.315208625015142,136.98252363515428
26.54000000000135,0.01,125.0,1.287660837173462,4.442256166935121,114.14660567228742,1.0522775735987093,5.325748884083548,137.03567572140443
26.55000000000135,0.01,125.0,1.2871017456054688,4.455132775306858,114.19102823395679,1.050518756106194,5.336271659819537,137.08893321024527
26.560000000001352,0.01,125.0,1.2865313291549683,4.468003792762914,114.23557956170986,1.0487494717217045,5.3467768473806006,137.14229592684347
26.570000000001354,0.01,125.0,1.285950779914856,4.480869106054466,114.28025959963749,1.0469697379073624,5.357264342097819,137.19576369531728
26.580000000001355,0.01,125.0,1.2853587865829468,4.493728613853617,114.32506829069804,1.0451795722284245,5.367734039476894,137.24933633873826
26.590000000001357,0.01,125.0,1.2847554683685303,4.506582201719448,114.37000557683659,1.0433789923531016,5.37818583519918,137.30301367913304
26.60000000000136,0.01,125.0,1.284140706062317,4.519429756403135,114.4150713988538,1.0415680160523895,5.388619625122713,137.35679553748506
26.61000000000136,0.01,125.0,1.2835158109664917,4.5322711634637605,114.46026569641784,1.0397466611998953,5.399035305283238,137.41068173373628
26.62000000000136,0.01,125.0,1.2828792333602905,4.545106321573427,114.50558840805247,1.0379149457716539,5.409432771895239,137.46467208678914
26.630000000001363,0.01,125.0,1.282232642173767,4.557935113907032,114.55103947126821,1.0360728878459589,5.419811921352958,137.5187664145081
26.640000000001365,0.01,125.0,1.2815741300582886,4.570757440328771,114.5966188224073,1.034220505603178,5.430172650231419,137.57296453372163
26.650000000001366,0.01,125.0,1.2809052467346191,4.583573181629356,114.64232639681059,1.0323578173255743,5.440514855287452,137.62726626022396
26.660000000001368,0.01,125.0,1.2802255153656006,4.596382234096705,114.68816212862689,1.0304848413971315,5.450838433460709,137.68167140877685
26.67000000000137,0.01,125.0,1.2795342206954956,4.609184489250363,114.73412595096787,1.028601596303364,5.461143281874682,137.73617979311146
26.68000000000137,0.01,125.0,1.2788324356079102,4.6219798314573195,114.78021779586038,1.0267081006311423,5.471429297837717,137.7907912259302
26.690000000001373,0.01,125.0,1.278119444847107,4.634768155813401,114.82643759417496,1.0248043730685032,5.48169637884403,137.8455055189086
26.700000000001374,0.01,125.0,1.2773959636688232,4.647549350261873,114.87278527573311,1.0228904324044685,5.491944422574717,137.90032248269705
26.710000000001376,0.01,125.0,1.2766616344451904,4.660323309898564,114.91926076923573,1.0209662975288618,5.502173326898763,137.9552419269228
26.720000000001377,0.01,125.0,1.2759162187576294,4.6730899262430174,114.96586400233473,1.0190319874321152,5.5123829898740535,138.0102636601918
26.73000000000138,0.01,125.0,1.2751599550247192,4.685849088430595,115.01259490159717,1.0170875212050907,5.522573309748377,138.06538749009056
26.74000000000138,0.01,125.0,1.2743926048278809,4.698600687980845,115.05945339248149,1.0151329180388842,5.532744184960429,138.12061322318806
26.750000000001382,0.01,125.0,1.2736151218414307,4.711344614029126,115.1064393993613,1.0131681972246382,5.542895514140819,138.17594066503767
26.760000000001384,0.01,125.0,1.272825837135315,4.724080765247542,115.15355284550161,1.0111933781533564,5.553027196113067,138.2313696201791
26.770000000001385,0.01,125.0,1.2720268964767456,4.736809023618897,115.2007936531541,1.0092084803157049,5.563139129894602,138.28689989214024
26.780000000001387,0.01,125.0,1.2712162733078003,4.7495292925836665,115.24816174339028,1.0072135233018225,5.573231214697761,138.3425312834392
26.79000000000139,0.01,125.0,1.2703953981399536,4.7622414553167465,115.29565703631613,1.005208526801132,5.58330334993078,138.39826359558617
26.80000000000139,0.01,125.0,1.2695640325546265,4.774945409298148,115.3432794508693,1.003193510602137,5.593355435198793,138.45409662908548
26.81000000000139,0.01,125.0,1.2687216997146606,4.787641049623696,115.3910289049623,1.0011684945922363,5.603387370304816,138.5100301834375
26.820000000001393,0.01,125.0,1.2678680419921875,4.800328266620845,115.43890531545854,0.9991334987575193,5.613399055250739,138.56606405714055
26.830000000001395,0.01,125.0,1.2670046091079712,4.813006947040769,115.48690859812476,0.997088543182572,5.623390390238316,138.62219804769308
26.840000000001396,0.01,125.0,1.2661296129226685,4.825676993131851,115.53503866759517,0.9950336480502828,5.633361275670143,138.67843195159546
26.850000000001398,0.01,125.0,1.265244960784912,4.838338289261079,115.5832954375265,0.9929688336416347,5.643311612150648,138.73476556435216
26.8600000000014,0.01,125.0,1.2643489837646484,4.850990738868931,115.63167882041913,0.9908941203355144,5.653241300487066,138.79119868047368
26.8700000000014,0.01,125.0,1.2634422779083252,4.863634228706579,115.68018872780782,0.9888095286085039,5.663150241690422,138.84773109347856
26.880000000001402,0.01,125.0,1.2625253200531006,4.876268651485664,115.72882507009489,0.9867150790346806,5.673038336976509,138.90436259589546
26.890000000001404,0.01,125.0,1.2615971565246582,4.8888939046861974,115.77758775660975,0.9846107922854185,5.682905487766857,138.96109297926523
26.900000000001405,0.01,125.0,1.260659098625183,4.901509876251446,115.82647669565662,0.9824966891291771,5.692751595689713,139.0179220341429
26.910000000001407,0.01,125.0,1.2597105503082275,4.9141164672377,115.87549179441915,0.9803727904313,5.702576562581006,139.07484955009983
26.92000000000141,0.01,125.0,1.258750557899475,4.926713572740784,115.92463295909153,0.9782391171538122,5.712380290485321,139.13187531572564
26.93000000000141,0.01,125.0,1.2577811479568481,4.93930107831978,115.97390009481894,0.976095690355205,5.722162681656861,139.1889991186305
26.94000000000141,0.01,125.0,1.2568001747131348,4.95187888979935,116.02329310560215,0.9739425311902383,5.731923638560414,139.2462207454471
26.950000000001413,0.01,125.0,1.25580894947052,4.964446891546483,116.07281189450015,0.9717796609097225,5.741663063872318,139.3035399818327
26.960000000001415,0.01,125.0,1.2548078298568726,4.9770049810411905,116.12245636341562,0.9696071008603125,5.751380860481417,139.36095661247143
26.970000000001416,0.01,125.0,1.2537959814071655,4.9895530593397615,116.17222641322604,0.9674248724843019,5.761076931490021,139.41847042107625
26.980000000001418,0.01,125.0,1.252773404121399,5.002091019153835,116.22212194381945,0.9652329973194009,5.770751180214866,139.47608119039117
26.99000000000142,0.01,125.0,1.2517400979995728,5.014618753195051,116.272142854011,0.9630314969985351,5.780403510188061,139.53378870219333
27.00000000000142,0.01,125.0,1.2506967782974243,5.027136154175048,116.32228904154296,0.9608203932496227,5.790033825158048,139.59159273729523
27.010000000001423,0.01,125.0,1.249643325805664,5.039643121958025,116.37256040308472,0.9585997078953635,5.7996420290905455,139.64949307554681
27.020000000001424,0.01,125.0,1.2485787868499756,5.052139555216083,116.4229568343043,0.9563694628530284,5.8092280261695,139.70748949583773
27.030000000001426,0.01,125.0,1.2475043535232544,5.064625343084585,116.47347822985647,0.9541296801342338,5.818791720798032,139.76558177609945
27.040000000001427,0.01,125.0,1.2464194297790527,5.077100386619819,116.52412448328732,0.9518803818447301,5.828333017599376,139.82376969330744
27.05000000000143,0.01,125.0,1.2453244924545288,5.089564580917612,116.57489548715353,0.9496215901841857,5.837851821417825,139.88205302348345
27.06000000000143,0.01,125.0,1.2442184686660767,5.102017825842159,116.6257911329627,0.9473533274459598,5.8473480373196685,139.94043154169765
27.070000000001432,0.01,125.0,1.2431026697158813,5.114460010528822,116.67681131122113,0.9450756160168924,5.856821570594129,139.99890502207086
27.080000000001434,0.01,125.0,1.241976261138916,5.126891037225982,116.72795591132643,0.9427884783770746,5.8662723267542995,140.0574732377768
27.090000000001435,0.01,125.0,1.240840196609497,5.139310799837373,116.7792248216987,0.9404919370996301,5.875700211538072,140.11613596104436
27.100000000001437,0.01,125.0,1.2396929264068604,5.15171920180347,116.83061792969708,0.938186014850497,5.88510513090907,140.17489296315975
27.11000000000144,0.01,125.0,1.2385362386703491,5.164116131067541,116.88213512171512,0.935870734388194,5.894486991057576,140.23374401446884
27.12000000000144,0.01,125.0,1.2373690605163574,5.176501493454246,116.93377628302581,0.9335461185636075,5.90384569840146,140.29268888437943
27.13000000000144,0.01,125.0,1.236191749572754,5.188875184059412,116.98554129796035,0.9312121903197557,5.913181159587097,140.35172734136344
27.140000000001443,0.01,125.0,1.2350038290023804,5.201237101555141,117.03743004980096,0.9288689726915668,5.922493281490296,140.41085915295932
27.150000000001445,0.01,125.0,1.233805775642395,5.213587139845167,117.08944242081652,0.9265164888056556,5.931781971217213,140.47008408577423
27.160000000001446,0.01,125.0,1.2325973510742188,5.225925197601593,117.14157829221499,0.9241547618800854,5.941047136105271,140.52940190548642
27.170000000001448,0.01,125.0,1.231379747390747,5.238251171112337,117.19383754419101,0.9217838152241505,5.950288683724073,140.5888123768475
27.18000000000145,0.01,125.0,1.2301510572433472,5.2505649685862466,117.24622005590214,0.9194036722381356,5.959506521876317,140.64831526368474
27.19000000000145,0.01,125.0,1.2289129495620728,5.262866479158682,117.29872570558801,0.9170143564130897,5.968700558598699,140.70791032890352
27.200000000001452,0.01,125.0,1.2276644706726074,5.2751556086543046,117.35135437037961,0.9146158913305984,5.977870702162831,140.76759733448952
27.210000000001454,0.01,125.0,1.2264056205749512,5.2874322533610325,117.40410592646616,0.912208300662542,5.987016861076139,140.82737604151117
27.220000000001455,0.01,125.0,1.2251372337341309,5.299696309566784,117.45698024899978,0.9097916081708673,5.996138944082766,140.88724621012193
27.230000000001457,0.01,125.0,1.2238587141036987,5.311947681904127,117.50997721209546,0.9073658377073563,6.005236860164476,140.94720759956277
27.24000000000146,0.01,125.0,1.2225695848464966,5.324186269045166,117.56309668891451,0.9049310132133813,6.014310518541551,141.00725996816442
27.25000000000146,0.01,125.0,1.2212711572647095,5.336411964893633,117.61633855160497,0.9024871587196798,6.023359828673686,141.06740307334985
27.26000000000146,0.01,125.0,1.219962239265442,5.348624676466281,117.66970267125392,0.9000342983461077,6.032384700260884,141.1276366716366
27.270000000001463,0.01,125.0,1.2186440229415894,5.360824298858938,117.7231889180186,0.8975724563014054,6.041385043244347,141.18796051863922
27.280000000001465,0.01,125.0,1.2173151969909668,5.373010739088356,117.7767971610072,0.8951016568829624,6.050360767807362,141.24837436907166
27.290000000001466,0.01,125.0,1.215976357460022,5.385183891058268,117.83052726839809,0.892621924476569,6.059311784376193,141.30887797674973
27.300000000001468,0.01,125.0,1.2146284580230713,5.39734365463287,117.88437910730867,0.8901332835561856,6.06823800362096,141.3694710945935
27.31000000000147,0.01,125.0,1.2132700681686401,5.409489939213103,117.93835254385502,0.887635758683692,6.077139336456524,141.43015347462972
27.32000000000147,0.01,125.0,1.2119019031524658,5.421622639894791,117.99244744324716,0.885129374508649,6.086015694043362,141.4909248679943
27.330000000001473,0.01,125.0,1.2105233669281006,5.433741658926317,118.04666366964611,0.8826141557680593,6.09486698778845,141.55178502493473
27.340000000001474,0.01,125.0,1.2091357707977295,5.4458468925956005,118.10100108623539,0.8800901272861151,6.103693129346132,141.61273369481262
27.350000000001476,0.01,125.0,1.2077378034591675,5.45793825030358,118.15545955516134,0.8775573139739572,6.112494030618994,141.6737706261061
27.360000000001477,0.01,125.0,1.2063302993774414,5.470015628338174,118.2100389376644,0.8750157408294331,6.121269603758735,141.7348955664123
27.37000000000148,0.01,125.0,1.2049132585525513,5.48207893133195,118.26473909394778,0.872465432936841,6.130019761167031,141.79610826244988
27.38000000000148,0.01,125.0,1.2034862041473389,5.494128063917477,118.3195598832611,0.8699064154666928,6.138744415496401,141.85740846006155
27.390000000001482,0.01,125.0,1.2020491361618042,5.506162925958953,118.37450116390029,0.8673387136754566,6.147443479651069,141.91879590421652
27.400000000001484,0.01,125.0,1.2006025314331055,5.518183417320572,118.42956279315989,0.8647623529053109,6.156116866787825,141.98027033901303
27.410000000001485,0.01,125.0,1.1991467475891113,5.530189442634906,118.4847446273331,0.8621773585838993,6.16476449031688,142.0418315076809
27.420000000001487,0.01,125.0,1.1976803541183472,5.542180910110798,118.54004652175946,0.8595837562240694,6.173386263902721,142.1034791525841
27.43000000000149,0.01,125.0,1.1962051391601562,5.554157713651984,118.59546833086058,0.8569815714236321,6.181982101464963,142.16521301522315
27.44000000000149,0.01,125.0,1.1947195529937744,5.566119765043587,118.6510099079971,0.8543708298650994,6.190551917179201,142.2270328362378
27.45000000000149,0.01,125.0,1.1932251453399658,5.578066960573527,118.70667110564756,0.8517515573154352,6.199095625477853,142.2889383554096
27.460000000001493,0.01,125.0,1.191720724105835,5.589999212026929,118.7624517752533,0.8491237796258048,6.207613141051009,142.3509293116644
27.470000000001495,0.01,125.0,1.19020676612854,5.601916419267989,118.81835176737357,0.846487522731312,6.216104378847269,142.41300544307492
27.480000000001496,0.01,125.0,1.1886831521987915,5.613818486929277,118.87437093156626,0.8438428126507461,6.224569254074583,142.4751664868634
27.490000000001498,0.01,125.0,1.1871501207351685,5.625705318451266,118.93050911643556,0.8411896754863314,6.233007682201092,142.53741217940416
27.5000000000015,0.01,125.0,1.1856073141098022,5.637576819658619,118.98676616962008,0.8385281374234571,6.241419578955957,142.59974225622616
27.5100000000015,0.01,125.0,1.1840550899505615,5.6494328927997195,119.04314193781667,0.8358582247304327,6.249804860330192,142.66215645201572
27.520000000001502,0.01,125.0,1.1824934482574463,5.661273443699227,119.09963626674468,0.8331799637582169,6.258163442577498,142.72465450061904
27.530000000001504,0.01,125.0,1.180922269821167,5.673098378181804,119.15624900118168,0.830493380940163,6.266495242215082,142.78723613504482
27.540000000001505,0.01,125.0,1.1793413162231445,5.684907600880017,119.21297998496351,0.8277985027917615,6.274800176024485,142.84990108746698
27.550000000001507,0.01,125.0,1.1777516603469849,5.69670101404225,119.26982906097231,0.8250953559103688,6.283078161052404,142.91264908922722
27.56000000000151,0.01,125.0,1.176151990890503,5.7084785306457215,119.32679607111274,0.8223839669749565,6.291329114611509,142.97547987083775
27.57000000000151,0.01,125.0,1.1745432615280151,5.7202400505546285,119.38388085641921,0.8196643627458371,6.29955295428126,143.03839316198386
27.58000000000151,0.01,125.0,1.1729251146316528,5.73198548316991,119.44108325692477,0.816936570064405,6.307749597908719,143.1013886915267
27.590000000001513,0.01,125.0,1.1712979078292847,5.743714734316229,119.49840311175647,0.8142006158528757,6.315918963609365,143.16446618750578
27.600000000001515,0.01,125.0,1.1696606874465942,5.755427713394524,119.55584025909964,0.8114565271140096,6.324060969767895,143.2276253771419
27.610000000001516,0.01,125.0,1.1680148839950562,5.767124320268992,119.6133945362336,0.8087043309308578,6.332175535039036,143.29086598683958
27.620000000001518,0.01,125.0,1.1663594245910645,5.778804469108944,119.6710657794363,0.8059440544664842,6.340262578348345,143.35418774218996
27.63000000000152,0.01,125.0,1.1646947860717773,5.790468063354856,119.7288538241274,0.8031757249637013,6.348322018893011,143.41759036797345
27.64000000000152,0.01,125.0,1.1630207300186157,5.802115011215576,119.78675850476095,0.8003993697448067,6.356353776142649,143.4810735881624
27.650000000001523,0.01,125.0,1.161337971687317,5.813745218515764,119.84477965487312,0.7976150162113044,6.364357769840098,143.54463712592383
27.660000000001524,0.01,125.0,1.159645438194275,5.825358598232639,119.90291710705829,0.7948226918436377,6.372333920002212,143.60828070362223
27.670000000001526,0.01,125.0,1.1579439640045166,5.8369550526145835,119.96117069304063,0.7920224242009244,6.38028214692065,143.67200404282227
27.680000000001527,0.01,125.0,1.1562330722808838,5.848534492254631,120.01954024356678,0.789214240920672,6.38820237116266,143.73580686429148
27.69000000000153,0.01,125.0,1.1545137166976929,5.860096822977441,120.07802558848934,0.7863981697185193,6.396094513571868,143.79968888800312
27.70000000000153,0.01,125.0,1.1527844667434692,5.87164196014442,120.13662655671912,0.7835742383879504,6.4039584952690545,143.86364983313885
27.710000000001532,0.01,125.0,1.1510465145111084,5.883169804811857,120.19534297632057,0.7807424748000257,6.411794237652935,143.92768941809155
27.720000000001534,0.01,125.0,1.1492998600006104,5.89468026995697,120.2541746743687,0.7779029069031121,6.419601662400937,143.99180736046807
27.730000000001535,0.01,125.0,1.1475435495376587,5.906173268556977,120.31312147706828,0.7750555627225951,6.42738069146997,144.05600337709208
27.740000000001537,0.01,125.0,1.1457785367965698,5.917648704052356,120.37218320975386,0.7722004703606152,6.435131247097197,144.1202771840068
27.75000000000154,0.01,125.0,1.144004225730896,5.929106489420323,120.43135969679439,0.7693376579957801,6.442853251800805,144.18462849647779
27.76000000000154,0.01,125.0,1.1422215700149536,5.940546531677634,120.4906507616886,0.7664671538828903,6.4505466283807635,144.2490570289958
27.77000000000154,0.01,125.0,1.1404293775558472,5.951968747377785,120.55005622700538,0.7635889863526658,6.4582112999195935,144.3135624952796
27.780000000001543,0.01,125.0,1.1386287212371826,5.963373041153345,120.60957591447917,0.7607031838114564,6.465847189783122,144.3781446082788
27.790000000001545,0.01,125.0,1.136818528175354,5.974759328365719,120.66920964489071,0.7578097747409667,6.473454221621237,144.44280308017665
27.800000000001546,0.01,125.0,1.1350001096725464,5.9861275136474745,120.72895723817437,0.7549087876979792,6.481032319368648,144.50753762239287
27.810000000001548,0.01,125.0,1.1331722736358643,5.997477514744202,120.78881851331086,0.7520002513140617,6.488581407245629,144.57234794558656
27.82000000000155,0.01,125.0,1.1313354969024658,6.008809237480563,120.84879328845831,0.7490841942952973,6.496101409758771,144.637233759659
27.83000000000155,0.01,125.0,1.129490613937378,6.020122592449589,120.90888138083312,0.7461606454219899,6.5035922517017255,144.70219477375662
27.840000000001552,0.01,125.0,1.127636194229126,6.031417498588964,120.96908260675762,0.7432296335483849,6.511053858155947,144.76723069627366
27.850000000001554,0.01,125.0,1.1257734298706055,6.042693860531257,121.02939678174353,0.7402911876023897,6.518486154491431,144.83234123485522
27.860000000001556,0.01,125.0,1.1239013671875,6.0539515948299645,121.08982372034885,0.7373453365852758,6.525889066367457,144.89752609640016
27.870000000001557,0.01,125.0,1.1220210790634155,6.065190608501841,121.15036323629715,0.734392109571407,6.53326251973331,144.96278498706383
27.88000000000156,0.01,125.0,1.1201322078704834,6.0764108192924775,121.21101514238218,0.7314315357079401,6.540606440829025,145.02811761226118
27.89000000000156,0.01,125.0,1.1182347536087036,6.087612141371184,121.27177925057511,0.728463644214542,6.547920756186106,145.0935236766695
27.90000000000156,0.01,125.0,1.1163280010223389,6.098794488907273,121.33265537198884,0.7254884643831071,6.5552053926282525,145.15900288423137
27.910000000001563,0.01,125.0,1.1144126653671265,6.109957768917498,121.39364331687791,0.7225060255774572,6.562460277272085,145.22455493815767
27.920000000001565,0.01,125.0,1.112489104270935,6.121101895571171,121.4547428945671,0.7195163572330582,6.5696853375278605,145.2901795409304
27.930000000001566,0.01,125.0,1.1105568408966064,6.132226786613883,121.51595391352282,0.7165194888567324,6.5768805011001925,145.3558763943057
27.940000000001568,0.01,125.0,1.1086161136627197,6.14333235502285,121.57727618138897,0.7135154500263577,6.5840456959887605,145.4216451993167
27.95000000000157,0.01,125.0,1.1066666841506958,6.154418516159479,121.6387095049392,0.710504270390588,6.5911808504890255,145.48748565627662
27.96000000000157,0.01,125.0,1.1047087907791138,6.165485183000988,121.70025369010081,0.707485979668549,6.598285893192933,145.5533974647815
27.970000000001573,0.01,125.0,1.1027417182922363,6.176532270908781,121.76190854193082,0.7044606076495495,6.605360752989619,145.61938032371344
27.980000000001574,0.01,125.0,1.1007674932479858,6.187559688091705,121.82367386463991,0.7014281841927938,6.612405359066116,145.68543393124335
27.990000000001576,0.01,125.0,1.09878408908844,6.198567363024186,121.88554946152084,0.6983887392270735,6.6194196409080455,145.75155798483402
28.000000000001577,0.01,125.0,1.0967919826507568,6.209555203915072,121.94753513515109,0.6953423027504869,6.626403528300317,145.81775218124312
28.01000000000158,0.01,125.0,1.0947915315628052,6.2205231237415815,122.00963068719025,0.6922889048301304,6.633356951327823,145.88401621652613
28.02000000000158,0.01,125.0,1.0927830934524536,6.231471039057211,122.07183591842768,0.689228575601807,6.640279840376125,145.95034978603942
28.030000000001582,0.01,125.0,1.0907660722732544,6.242398869991737,122.13415062881826,0.6861613452697339,6.647172126132144,146.0167525844432
28.040000000001584,0.01,125.0,1.0887408256530762,6.253306530714471,122.1965746175182,0.6830872441062332,6.654033739584842,146.08322430570453
28.050000000001585,0.01,125.0,1.0867069959640503,6.264193938971004,122.25910768282534,0.6800063024514454,6.660864612025906,146.14976464310038
28.060000000001587,0.01,125.0,1.084665298461914,6.275061008930646,122.32174962221507,0.6769185507130194,6.667664675050421,146.21637328922066
28.07000000000159,0.01,125.0,1.082614779472351,6.2859076619152665,122.38450023230438,0.6738240193658163,6.674433860557553,146.28304993597118
28.08000000000159,0.01,125.0,1.0805563926696777,6.296733809709992,122.44735930892354,0.6707227389516146,6.681172100751212,146.34979427457677
28.09000000000159,0.01,125.0,1.0784896612167358,6.307539373636691,122.51032664702065,0.6676147400787984,6.687879328140729,146.4166059955843
28.100000000001593,0.01,125.0,1.0764153003692627,6.318324270248859,122.57340204075703,0.66450005342206,6.694555475541518,146.4834847888657
28.110000000001595,0.01,125.0,1.0743322372436523,6.3290884232525535,122.63658528345952,0.6613787097221028,6.70120047607574,146.55043034362112
28.120000000001596,0.01,125.0,1.0722408294677734,6.339831745624991,122.69987616769205,0.6582507397853253,6.707814263172962,146.61744234838187
28.130000000001598,0.01,125.0,1.0701415538787842,6.350554153919671,122.76327448514832,0.6551161744835319,6.714396770570816,146.68452049101361
28.1400000000016,0.01,125.0,1.0680344104766846,6.36125556945846,122.82678002668752,0.6519750447536145,6.720947932315652,146.75166445871935
28.1500000000016,0.01,125.0,1.0659184455871582,6.371935913563228,122.8903925823821,0.6488273815972536,6.727467682763189,146.81887393804251
28.160000000001602,0.01,125.0,1.0637952089309692,6.3825950980191015,122.95411194151775,0.6456732160806176,6.7339559565791625,146.88614861487017
28.170000000001604,0.01,125.0,1.0616637468338013,6.393233050108413,123.01793789249795,0.642512579334043,6.74041268873997,146.95348817443596
28.180000000001606,0.01,125.0,1.0595241785049438,6.403849687576753,123.08187022299904,0.6393455025517423,6.746837814533311,147.02089230132336
28.190000000001607,0.01,125.0,1.0573762655258179,6.414444929361804,123.14590871987483,0.6361720169914826,6.75323126955883,147.0883606794687
28.20000000000161,0.01,125.0,1.0552210807800293,6.425018692017064,123.21005316916845,0.6329921539742837,6.759592989728746,147.1558929921643
28.21000000000161,0.01,125.0,1.0530577898025513,6.435570902824866,123.27430335608862,0.6298059448841132,6.76592291126849,147.2234889220616
28.220000000001612,0.01,125.0,1.050886631011963,6.446101480722893,123.33865906511689,0.626613421167567,6.772220970717332,147.2911481511743
28.230000000001613,0.01,125.0,1.048707365989685,6.456610347033014,123.40312007992412,0.6234146143335632,6.778487104929009,147.35887036088147
28.240000000001615,0.01,125.0,1.0465203523635864,6.467097420692912,123.46768618339446,0.6202095559530375,6.784721251072345,147.42665523193077
28.250000000001616,0.01,125.0,1.0443252325057983,6.47756262421655,123.5323571576014,0.6169982776586187,6.790923346631876,147.4945024444415
28.260000000001618,0.01,125.0,1.0421228408813477,6.48800587654161,123.59713278384358,0.6137808111443307,6.7970933294084634,147.56241167790785
28.27000000000162,0.01,125.0,1.0399119853973389,6.498427104950426,123.662012842609,0.610557188165267,6.803231137519908,147.63038261120195
28.28000000000162,0.01,125.0,1.0376944541931152,6.508826224804401,123.72699711365851,0.6073274405372836,6.8093367094015615,147.69841492257717
28.290000000001623,0.01,125.0,1.0354681015014648,6.5192031693463335,123.79208537590657,0.6040916001366889,6.815409983806935,147.7665082896712
28.300000000001624,0.01,125.0,1.0332348346710205,6.52955785036135,123.85727740760004,0.600849698899918,6.821450899808303,147.83466238950928
28.310000000001626,0.01,125.0,1.0309932231903076,6.539890198708061,123.92257298610366,0.5976017688232308,6.827459396797303,147.90287689850737
28.320000000001627,0.01,125.0,1.0287444591522217,6.550200130939966,123.98797188809075,0.5943478419623839,6.833435414485536,147.97115149247534
28.33000000000163,0.01,125.0,1.0264878273010254,6.560487575531489,124.05347388940017,0.5910879504323202,6.839378892905161,148.0394858466202
28.34000000000163,0.01,125.0,1.024224042892456,6.570752453804501,124.11907876515549,0.5878221264068565,6.845289772409486,148.10787963554927
28.350000000001632,0.01,125.0,1.0219522714614868,6.580994694233428,124.18478628969355,0.5845504021183558,6.851167993673555,148.17633253327338
28.360000000001634,0.01,125.0,1.0196731090545654,6.591214216948044,124.25059623663589,0.581272809857414,6.85701349769474,148.24484421321011
28.370000000001635,0.01,125.0,1.0173863172531128,6.601410948038591,124.31650837880538,0.5779893819725473,6.862826225793315,148.31341434818708
28.380000000001637,0.01,125.0,1.015092134475708,6.611584811211124,124.38252248828577,0.5747001508698596,6.868606119613041,148.382042610445
28.39000000000164,0.01,125.0,1.0127906799316406,6.621735732555883,124.44863833639789,0.5714051490127376,6.87435312112174,148.45072867164114
28.40000000000164,0.01,125.0,1.010481357574463,6.631863639355201,124.51485569372346,0.5681044089215177,6.880067172611868,148.51947220285237
28.41000000000164,0.01,125.0,1.008164644241333,6.641968452930947,124.58117433011702,0.56479796317317,6.885748216701084,148.5882728745785
28.420000000001643,0.01,125.0,1.0058408975601196,6.652050099373362,124.64759401464634,0.561485844400983,6.891396196332817,148.65713035674554
28.430000000001645,0.01,125.0,1.0035096406936646,6.662108508348965,124.71411451564009,0.558168085294228,6.8970110547768275,148.7260443187089
28.440000000001646,0.01,125.0,1.0011711120605469,6.672143604755902,124.78073560072359,0.5548447185978518,6.902592735629771,148.79501442925667
28.450000000001648,0.01,125.0,0.9988250136375427,6.68215531587651,124.84745703677116,0.5515157771121401,6.90814118281575,148.86404035661297
28.46000000000165,0.01,125.0,0.9964720010757446,6.692143566012887,124.91427858992994,0.5481812936923994,6.913656340586872,148.93312176844114
28.47000000000165,0.01,125.0,0.9941112995147705,6.702108286023646,124.98120002559007,0.5448413012486389,6.919138153523797,149.00225833184703
28.480000000001652,0.01,125.0,0.9917434453964233,6.712049399018795,125.04822110845032,0.5414958327452316,6.924586566536284,149.0714497133823
28.490000000001654,0.01,125.0,0.9893690347671509,6.721966833472761,125.11534160244052,0.5381449212006049,6.930001524863737,149.14069557904767
28.500000000001656,0.01,125.0,0.9869869947433472,6.731860523820434,125.18256127077527,0.534788599686901,6.935382974075744,149.20999559429632
28.510000000001657,0.01,125.0,0.9845972061157227,6.741730393767869,125.24987987601348,0.5314269013296562,6.940730860072614,149.2793494240371
28.52000000000166,0.01,125.0,0.9822009801864624,6.751576365829028,125.31729717995117,0.5280598593074802,6.9460451290859115,149.34875673263784
28.53000000000166,0.01,125.0,0.9797974824905396,6.761398375630894,125.38481294360948,0.5246875068517164,6.951325727678987,149.4182171839287
28.540000000001662,0.01,125.0,0.9773871302604675,6.771196350455801,125.45242692736579,0.5213098772461201,6.956572602747505,149.4877304412055
28.550000000001663,0.01,125.0,0.9749696254730225,6.780970221758407,125.52013889087036,0.5179270038265359,6.9617857015199665,149.557296167233
28.560000000001665,0.01,125.0,0.9725451469421387,6.790719918013139,125.58794859308794,0.5145389199805546,6.966964971558233,149.6269140242482
28.570000000001667,0.01,125.0,0.9701132774353027,6.800445369482562,125.65585579226808,0.5111456591471999,6.972110360758039,149.6965836739638
28.580000000001668,0.01,125.0,0.967674732208252,6.8101465022569165,125.72386024596292,0.5077472548165846,6.977221817349512,149.76630477757138
28.59000000000167,0.01,125.0,0.9652299880981445,6.8198232495790005,125.7919617109855,0.5043437405295852,6.982299289897679,149.8360769957449
28.60000000000167,0.01,125.0,0.9627772569656372,6.829475549459984,125.8601599434813,0.5009351498775177,6.987342727302975,149.90589998864388
28.610000000001673,0.01,125.0,0.9603181481361389,6.839103322029642,125.92845469897591,0.497521516501792,6.992352078801751,149.97577341591693
28.620000000001674,0.01,125.0,0.9578518271446228,6.848706503511004,125.99684573219622,0.4941028740935949,6.99732729396677,150.04569693670496
28.630000000001676,0.01,125.0,0.9553791284561157,6.858285021782452,126.06533279723133,0.49067925639354515,7.002268322707707,150.11567020964463
28.640000000001677,0.01,125.0,0.952899694442749,6.8678388130670145,126.13391564744917,0.4872506971913652,7.007175115271643,150.1856928928717
28.65000000000168,0.01,125.0,0.9504131078720093,6.877367810011443,126.20259403557985,0.4838172303255541,7.012047622243557,150.25576464402445
28.66000000000168,0.01,125.0,0.9479199051856995,6.886871941090165,126.27136771367998,0.4803788896830419,7.0168857945468135,150.3258851202469
28.670000000001682,0.01,125.0,0.9454197883605957,6.896351140142023,126.3402364330909,0.4769357091988605,7.021689583443645,150.39605397819238
28.680000000001684,0.01,125.0,0.942913293838501,6.905805338025631,126.40919994449233,0.47348772285581514,7.026458940535634,150.46627087402683
28.690000000001685,0.01,125.0,0.9404003620147705,6.915234470964017,126.47825799787259,0.4700349646841351,7.031193817764193,150.5365354634322
28.700000000001687,0.01,125.0,0.9378798604011536,6.9246384745841665,126.54741034258224,0.4665774687611535,7.035894167411035,150.60684740160983
28.71000000000169,0.01,125.0,0.9353536367416382,6.9340172731881795,126.61665672732809,0.46311526921095736,7.040559942098647,150.67720634328396
28.72000000000169,0.01,125.0,0.9328203201293945,6.9433708095555975,126.68599690005999,0.4596484002040566,7.0451910947907574,150.74761194270496
28.73000000000169,0.01,125.0,0.9302808046340942,6.952699012756893,126.75543060815556,0.45617689595705246,7.049787578792799,150.8180638536529
28.740000000001693,0.01,125.0,0.9277350306510925,6.962001820803236,126.82495759828315,0.4527007907322864,7.05434934775237,150.88856172944082
28.750000000001695,0.01,125.0,0.9251824617385864,6.971279171109749,126.89457761649119,0.4492201188375178,7.058876355659693,150.95910522291837
28.760000000001696,0.01,125.0,0.9226233959197998,6.980530995727136,126.9642904082023,0.44573491462557085,7.0633685568480695,151.02969398647497
28.770000000001698,0.01,125.0,0.9200575351715088,6.989757229686336,127.03409571815959,0.44224521249400217,7.067825905994326,151.10032767204345
28.7800000000017,0.01,125.0,0.9174858331680298,6.998957805038052,127.10399329045647,0.438751046884767,7.072248358119267,151.1710059311034
28.7900000000017,0.01,125.0,0.9149076342582703,7.008132663369734,127.17398286850687,0.43525245228386517,7.076635868588115,151.2417284146846
28.800000000001702,0.01,125.0,0.912322998046875,7.017281739712319,127.24406419514058,0.431749463221017,7.080988393110954,151.31249477337047
28.810000000001704,0.01,125.0,0.9097322225570679,7.026404969692789,127.31423701253772,0.42824211426930825,7.085305887743165,151.3833046573016
28.820000000001706,0.01,125.0,0.9071345329284668,7.035502291918361,127.38450106223466,0.4247304400448552,7.089588308885859,151.45415771617905
28.830000000001707,0.01,125.0,0.9045313000679016,7.044573637247646,127.45485608515385,0.4212144752064687,7.093835613286308,151.52505359926792
28.84000000000171,0.01,125.0,0.9019215106964111,7.053618950248326,127.52530182152634,0.41769425445530023,7.098047758038374,151.5959919554008
28.85000000000171,0.01,125.0,0.899305522441864,7.062638165355292,127.59583801102883,0.4141698125345054,7.102224700582927,151.6669724329812
28.860000000001712,0.01,125.0,0.8966835141181946,7.071631220579712,127.6664643926824,0.4106411842289072,7.106366398708273,151.73799467998703
28.870000000001713,0.01,125.0,0.8940549492835999,7.080598055720895,127.7371807048882,0.40710840436463835,7.110472810550562,151.80905834397413
28.880000000001715,0.01,125.0,0.8914204239845276,7.089538605213732,127.80798668544543,0.40357150780881385,7.11454389459421,151.88016307207965
28.890000000001717,0.01,125.0,0.8887799978256226,7.098452809453578,127.87888207149757,0.40003052946917295,7.118579609672299,151.95130851102562
28.900000000001718,0.01,125.0,0.8861334323883057,7.107340609431835,127.94986659959211,0.39648550429374013,7.122579914966991,152.02249430712234
28.91000000000172,0.01,125.0,0.8834809064865112,7.11620194375572,128.02094000568644,0.39293646727048676,7.126544770009929,152.09372010627203
28.92000000000172,0.01,125.0,0.8808225393295288,7.125036752820587,128.092102025124,0.3893834534269715,7.130474134682634,152.16498555397214
28.930000000001723,0.01,125.0,0.8781575560569763,7.133844978213884,128.16335239265223,0.38582649783001055,7.134367969216905,152.23629029531898
28.940000000001724,0.01,125.0,0.8754876852035522,7.1426265537744555,128.2346908424344,0.3822656355853176,7.138226234195206,152.30763397501116
28.950000000001726,0.01,125.0,0.8728107213973999,7.1513814306264925,128.30611710797214,0.3787009018371635,7.1420488905510595,152.3790162373531
28.960000000001727,0.01,125.0,0.8701283931732178,7.1601095378404676,128.37763092227843,0.3751323317680351,7.145835899569431,152.45043672625863
28.97000000000173,0.01,125.0,0.8674404621124268,7.168810821772201,128.44923201765684,0.37155996059827645,7.149587222887113,152.52189508525433
28.98000000000173,0.01,125.0,0.8647463321685791,7.177485226393327,128.52092012587457,0.3679838235857466,7.153302822493096,152.59339095748322
28.990000000001732,0.01,125.0,0.8620462417602539,7.186132689715015,128.59269497813852,0.36440395602547826,7.1569826607289535,152.66492398570816
29.000000000001734,0.01,125.0,0.8593406677246094,7.194753152132619,128.6645563050357,0.36082039324931486,7.160626700289209,152.73649381231544
29.010000000001735,0.01,125.0,0.8566297292709351,7.203346558809867,128.73650383655703,0.35723317062557847,7.164234904221702,152.80810007931834
29.020000000001737,0.01,125.0,0.8539128303527832,7.211912856102577,128.80853730214514,0.35364232355870595,7.167807235927959,152.87974242836057
29.03000000000174,0.01,125.0,0.851189911365509,7.220451984406107,128.88065643070618,0.35004788748890625,7.171343659163546,152.95142050071988
29.04000000000174,0.01,125.0,0.848461389541626,7.228963883519763,128.95286095055025,0.34644989789181624,7.174844138038436,153.0231339373115
29.05000000000174,0.01,125.0,0.8457274436950684,7.237448497415181,129.02515058938545,0.3428483902781367,7.178308637017355,153.09488237869192
29.060000000001743,0.01,125.0,0.8429874777793884,7.245905771852133,129.09752507435962,0.3392434001932978,7.181737120920137,153.1666654650621
29.070000000001745,0.01,125.0,0.8402427434921265,7.2543356466299285,129.16998413207816,0.3356349632170942,7.185129554922071,153.23848283627132
29.080000000001746,0.01,125.0,0.8374916911125183,7.262738074064851,129.24252748854445,0.33202311496334014,7.188485904554242,153.31033413182055
29.090000000001748,0.01,125.0,0.834735631942749,7.271112990975977,129.31515486928512,0.3284078910795238,7.191806135703876,153.3822189908661
29.10000000000175,0.01,125.0,0.8319740295410156,7.279460347295406,129.3878659991949,0.32478932724644316,7.195090214614672,153.45413705222316
29.11000000000175,0.01,125.0,0.8292065858840942,7.287780087590818,129.46066060266787,0.3211674591778606,7.198338107887137,153.52608795436933
29.120000000001752,0.01,125.0,0.8264343738555908,7.29607215344966,129.5335384035438,0.31754232262015564,7.201549782478916,153.59807133544822
29.130000000001754,0.01,125.0,0.8236563205718994,7.304336497188217,129.6064991250783,0.31391395335195854,7.2047252057051185,153.67008683327302
29.140000000001756,0.01,125.0,0.8208730816841125,7.312573060393937,129.67954249005018,0.3102823871838133,7.207864345238638,153.7421340853301
29.150000000001757,0.01,125.0,0.8180840015411377,7.32078179121078,129.75266822065413,0.3066476599578098,7.210967169110477,153.81421272878248
29.16000000000176,0.01,125.0,0.8152902126312256,7.328962631226193,129.82587603856624,0.3030098075472362,7.214033645710056,153.8863224004736
29.17000000000176,0.01,125.0,0.8124910593032837,7.337115533352506,129.8991656648785,0.29936886585623146,7.217063743785529,153.95846273693073
29.180000000001762,0.01,125.0,0.8096867799758911,7.34524044394554,129.97253682021204,0.29572487081941584,7.220057432444092,154.0306333743686
29.190000000001763,0.01,125.0,0.8068772554397583,7.3533373117453005,130.04598922465152,0.2920778584015534,7.223014681152287,154.10283394869305
29.200000000001765,0.01,125.0,0.8040620684623718,7.361406084299699,130.119522597769,0.2884278645971824,7.225935459736303,154.17506409550458
29.210000000001767,0.01,125.0,0.8012422919273376,7.369446704984324,130.193136658612,0.2847749254302659,7.228819738382275,154.24732345010196
29.220000000001768,0.01,125.0,0.7984173893928528,7.377459127903599,130.26683112566184,0.2811190769538429,7.231667487636578,154.3196116474858
29.23000000000177,0.01,125.0,0.7955869436264038,7.385443301797529,130.3406057169409,0.27746035524965784,7.234478678406117,154.3919283223622
29.24000000000177,0.01,125.0,0.7927513718605042,7.393399171233794,130.4144601499589,0.273798796427821,7.237253281958615,154.46427310914626
29.250000000001773,0.01,125.0,0.7899115681648254,7.4013266849524,130.48839414167125,0.2701344366264376,7.239991269922894,154.53664564196586
29.260000000001774,0.01,125.0,0.7870663404464722,7.409225800634049,130.56240740852078,0.2664673120112575,7.242692614289158,154.6090455546651
29.270000000001776,0.01,125.0,0.78421550989151,7.417096464038515,130.63649966652713,0.26279745877532423,7.245357287409271,154.681472480808
29.280000000001777,0.01,125.0,0.7813607454299927,7.424938619137431,130.71067063116752,0.2591249131386057,7.247985261997025,154.7539260536821
29.29000000000178,0.01,125.0,0.778500497341156,7.432752226591732,130.7849200173589,0.2554497113476425,7.250576511128411,154.82640590630209
29.30000000000178,0.01,125.0,0.7756355404853821,7.440537231565145,130.85924753962482,0.25177188967519676,7.253131008241888,154.89891167141337
29.310000000001782,0.01,125.0,0.7727657556533813,7.44829358697,130.93365291194047,0.2480914844198795,7.25564872713864,154.9714429814958
29.320000000001784,0.01,125.0,0.7698909044265747,7.456021244526535,131.0081358478102,0.24440853190580875,7.258129641982839,155.0439994687672
29.330000000001785,0.01,125.0,0.7670121192932129,7.463720153570802,131.08269606025547,0.24072306848223707,7.260573727301897,155.11658076518702
29.340000000001787,0.01,125.0,0.7641276121139526,7.471390274763735,131.1573332617912,0.23703513052319827,7.26298095798672,155.18918650246005
29.35000000000179,0.01,125.0,0.7612391710281372,7.4790315508848755,131.23204716453884,0.23334475442715547,7.265351309291952,155.2618163120399
29.36000000000179,0.01,125.0,0.7583450675010681,7.486643942595158,131.3068374800477,0.22965197661662665,7.267684756836224,155.33446982513286
29.37000000000179,0.01,125.0,0.7554473876953125,7.49422739327017,131.38170391947367,0.2259568335378421,7.26998127660239,155.40714667270123
29.380000000001793,0.01,125.0,0.7525444626808167,7.501781867147124,131.45664619340639,0.22225936166037016,7.27224084493777,155.47984648546728
29.390000000001795,0.01,125.0,0.7496366500854492,7.5093073117739335,131.53166401207787,0.2185595974767634,7.274463438554374,155.55256889391666
29.400000000001796,0.01,125.0,0.7467247843742371,7.51680367827479,131.60675708519562,0.21485757750220494,7.276649034529142,155.6253135283022
29.410000000001798,0.01,125.0,0.7438085675239563,7.524270926118533,131.6819251219784,0.2111533382741352,7.2787976103041645,155.69808001864752
29.4200000000018,0.01,125.0,0.7408869862556458,7.531709011793774,131.7571678312396,0.20744691635189783,7.280909143686906,155.77086799475057
29.4300000000018,0.01,125.0,0.7379618883132935,7.539117881656332,131.83248492135755,0.203738348316385,7.282983612850425,155.84367708618745
29.440000000001803,0.01,125.0,0.7350317239761353,7.546497500539466,131.90787610017412,0.20002767076966183,7.285020996333589,155.91650692231596
29.450000000001804,0.01,125.0,0.7320972681045532,7.5538478177792285,131.98334107517954,0.1963149203346219,7.287021273041286,155.9893571322793
29.460000000001806,0.01,125.0,0.729158878326416,7.561168790460275,132.05887955335734,0.19260013365461096,7.288984422244632,156.06222734500975
29.470000000001807,0.01,125.0,0.7262154817581177,7.5684603792435405,132.13449124126197,0.18888334739307172,7.290910423581178,156.1351171892322
29.48000000000181,0.01,125.0,0.7232679724693298,7.575722534061123,132.2101758450544,0.1851645982331883,7.292799257055109,156.20802629346804
29.49000000000181,0.01,125.0,0.7203162908554077,7.582955213785818,132.28593307039503,0.18144392287750932,7.294650903037441,156.2809542860386
29.500000000001812,0.01,125.0,0.7173606157302856,7.590158376694373,132.3617626225329,0.17772135804760267,7.296465342266217,156.35390079506897
29.510000000001813,0.01,125.0,0.714400053024292,7.597331982851677,132.43766420629984,0.1739969404836783,7.298242555846693,156.42686544849164
29.520000000001815,0.01,125.0,0.7114357948303223,7.604475983381921,132.51363752612838,0.1702707069442318,7.29998252525153,156.49984787405012
29.530000000001817,0.01,125.0,0.7084673047065735,7.611590341330225,132.5896822859622,0.1665426942056881,7.301685232320973,156.57284769930266
29.540000000001818,0.01,125.0,0.7054945230484009,7.618675014377292,132.66579818937552,0.16281293906202576,7.30335065926303,156.6458645516259
29.55000000000182,0.01,125.0,0.7025174498558044,7.625729959607777,132.7419849395193,0.15908147832442016,7.30497878865365,156.71889805821854
29.56000000000182,0.01,125.0,0.6995370984077454,7.632755134106336,132.8182422391154,0.15534834882088658,7.306569603436895,156.7919478461051
29.570000000001823,0.01,125.0,0.6965519189834595,7.639750505090415,132.89456979045647,0.1516135873959019,7.308123086925104,156.86501354213948
29.580000000001824,0.01,125.0,0.6935635209083557,7.646716024280251,132.9709672955074,0.1478772309100577,7.3096392227990625,156.93809477300874
29.590000000001826,0.01,125.0,0.6905704140663147,7.653651659489336,133.04743445575022,0.14413931623968207,7.311117995108163,157.01119116523674
29.600000000001828,0.01,125.0,0.6875733137130737,7.660557363630001,133.12397097234512,0.14039988027648156,7.31255938827056,157.08430234518784
29.61000000000183,0.01,125.0,0.6845730543136597,7.667433096767132,133.20057654598142,0.13665895992718377,7.313963387073325,157.15742793907054
29.62000000000183,0.01,125.0,0.6815680861473083,7.674278827310269,133.2772508769491,0.13291659211315798,7.315329976672597,157.23056757294128
29.630000000001832,0.01,125.0,0.6785595417022705,7.681094508171744,133.35399366522222,0.12917281377006792,7.316659142593729,157.30372087270803
29.640000000001834,0.01,125.0,0.6755476593971252,7.687880103588768,133.43080461030394,0.1254276618474923,7.31795087073143,157.37688746413397
29.650000000001835,0.01,125.0,0.6725316643714905,7.69463558018274,133.50768341133983,0.12168117330856647,7.319205147349905,157.45006697284128
29.660000000001837,0.01,125.0,0.669512152671814,7.701360896826456,133.58462976714168,0.11793338512962405,7.32042195908299,157.5232590243148
29.67000000000184,0.01,125.0,0.6664882302284241,7.708056018353175,133.66164337610996,0.11418433429981707,7.321601292934287,157.59646324390565
29.68000000000184,0.01,125.0,0.6634611487388611,7.71472090065546,133.7387239362935,0.11043405782076791,7.3227431362772855,157.669679256835
29.69000000000184,0.01,125.0,0.6604300737380981,7.72135551214285,133.81587114530006,0.10668259270618927,7.3238474768554935,157.7429066881978
29.700000000001843,0.01,125.0,0.657395601272583,7.727959812880232,133.8930847004215,0.10292997598152516,7.324914302782555,157.81614516296636
29.710000000001845,0.01,125.0,0.6543578505516052,7.734533768892959,133.97036429855032,0.0991762446835919,7.32594360254237,157.8893943059942
29.720000000001846,0.01,125.0,0.6513157486915588,7.741077347398476,134.04770963623926,0.09542143586019985,7.326935364989207,157.96265374201963
29.730000000001848,0.01,125.0,0.6482704877853394,7.747590504885393,134.12512040971325,0.0916655865697941,7.327889579347809,158.03592309566952
29.74000000000185,0.01,125.0,0.6452219486236572,7.754073209763248,134.2025963147621,0.08790873388109507,7.328806235213507,158.109201991463
29.75000000000185,0.01,125.0,0.6421703696250916,7.760525429249485,134.28013704685975,0.08415091487271789,7.329685322552318,158.18249005381514
29.760000000001853,0.01,125.0,0.6391147375106812,7.766947132945737,134.35774230115226,0.08039216663282328,7.330526831701045,158.2557869070407
29.770000000001854,0.01,125.0,0.6360554099082947,7.773338280320845,134.43541177248173,0.0766325262587368,7.331330753367373,158.32909217535772
29.780000000001856,0.01,125.0,0.6329929828643799,7.7796988344199285,134.51314515528495,0.072872030856589,7.33209707862996,158.4024054828914
29.790000000001857,0.01,125.0,0.6299275755882263,7.786028764248574,134.59094214362915,0.06911071754095555,7.332825798938527,158.4757264536777
29.80000000000186,0.01,125.0,0.6268584132194519,7.792328040004457,134.66880243127164,0.06534862343447614,7.333516906113936,158.5490547116671
29.81000000000186,0.01,125.0,0.6237866282463074,7.7985966241366524,134.7467257116717,0.06158578566750502,7.334170392348281,158.62238988072826
29.820000000001862,0.01,125.0,0.6207108497619629,7.8048344904191165,134.8247116779131,0.057822241377729726,7.334786250204957,158.69573158465175
29.830000000001863,0.01,125.0,0.6176320314407349,7.811041598916737,134.9027600228173,0.05405802770981084,7.335364472618734,158.7690794471538
29.840000000001865,0.01,125.0,0.614549994468689,7.817217919231146,134.98087043880648,0.05029318181502187,7.335905052895832,158.84243309188003
29.850000000001867,0.01,125.0,0.6114656329154968,7.823363419175833,135.0590426179988,0.04652774085086971,7.336407984713983,158.915792142409
29.860000000001868,0.01,125.0,0.6083771586418152,7.829478075504989,135.1372762521906,0.042761741980734416,7.3368732621224915,158.98915622225616
29.87000000000187,0.01,125.0,0.6052857041358948,7.835561847091408,135.21557103294566,0.038995222373508664,7.3373008795422985,159.0625249548774
29.88000000000187,0.01,125.0,0.6021921038627625,7.841614704132768,135.2939266514166,0.035228219203216136,7.337690831766033,159.13589796367285
29.890000000001873,0.01,125.0,0.5990945100784302,7.847636625171397,135.37234279845794,0.03146076964866156,7.338043113958065,159.20927487199052
29.900000000001874,0.01,125.0,0.5959944128990173,7.853627570272182,135.45081916470966,0.027692910893048955,7.3383577216545515,159.2826553031301
29.910000000001876,0.01,125.0,0.5928912162780762,7.859587514401173,135.5293554404124,0.023924680123620944,7.338634650763482,159.35603888034666
29.920000000001878,0.01,125.0,0.5897848010063171,7.865516426563954,135.60795131555642,0.020156114531298196,7.338873897564718,159.4294252268543
29.93000000000188,0.01,125.0,0.5866761207580566,7.871414274574018,135.68660647982207,0.016387251310297404,7.339075458710031,159.50281396582997
29.94000000000188,0.01,125.0,0.5835641622543335,7.8772810357816,135.76532062256783,0.012618127657781269,7.339239331223134,159.57620472041708
29.950000000001882,0.01,125.0,0.5804494619369507,7.883116677404145,135.84409343292566,0.008848780773476462,7.339365512499712,159.64959711372933
29.960000000001884,0.01,125.0,0.5773321986198425,7.888921172023515,135.9229245996997,0.005079247859312854,7.339454000307446,159.72299076885434
29.970000000001885,0.01,125.0,0.5742121934890747,7.894694494009714,136.00181381141996,0.001309566119062744,7.339504792786039,159.79638530885742
29.980000000001887,0.01,125.0,0.5710892081260681,7.900436615944606,136.08076075636006,-0.0024602272420391064,7.33951788844723,159.8697803567853
29.99000000000189,0.01,125.0,0.5679637789726257,7.906147508025867,136.15976512251953,-0.006230095017656278,7.33949328617481,159.94317553566978
30.00000000000189,0.01,125.0,0.5648353099822998,7.911827145815595,136.2388265975998,-0.010000000000711523,7.3394309852246336,160.01657046853154
30.01000000000189,0.01,125.0,0.5617043375968933,7.917475498915419,136.31794486905795,-0.013769904983768892,7.339330985224627,160.0899647783838
30.020000000001893,0.01,125.0,0.5585709810256958,7.923092542291388,136.39711962404712,-0.017539772759383912,7.339193286174789,160.16335808823607
30.030000000001895,0.01,125.0,0.555435061454773,7.928678252101646,136.47635054947006,-0.021309566120485728,7.339017888447195,160.23675002109783
30.040000000001896,0.01,125.0,0.5522966384887695,7.934232602716195,136.55563733199108,-0.02507924786073792,7.33880479278599,160.31014019998233
30.050000000001898,0.01,125.0,0.5491549968719482,7.9397555691010835,136.63497965801827,-0.028848780774899337,7.338554000307383,160.3835282479102
30.0600000000019,0.01,125.0,0.5460118055343628,7.945247119069804,136.7143772137093,-0.03261812765920619,7.338265512499634,160.45691378791327
30.0700000000019,0.01,125.0,0.5428655743598938,7.950707237125148,136.7938296849,-0.036387251311722234,7.337939331223041,160.53029644303828
30.080000000001903,0.01,125.0,0.5397176742553711,7.9561358928687484,136.87333675727126,-0.04015611453272079,7.3375754587099244,160.60367583635053
30.090000000001904,0.01,125.0,0.5365665555000305,7.961533069611303,136.95289811619995,-0.04392468012504555,7.337173897564597,160.67705159093765
30.100000000001906,0.01,125.0,0.5334136486053467,7.966898735166303,137.03251344689608,-0.0476929108944713,7.336734650763346,160.7504233299133
30.110000000001907,0.01,125.0,0.5302585363388062,7.972232871652357,137.11218243424776,-0.05146076965008589,7.336257721654402,160.82379067642094
30.12000000000191,0.01,125.0,0.5271009802818298,7.977535457015747,137.1919047629643,-0.0552282192046403,7.335743113957901,160.8971532536375
30.13000000000191,0.01,125.0,0.523941159248352,7.982806466818566,137.27168011753446,-0.05899522237493053,7.335190831765854,160.97051068477708
30.140000000001912,0.01,125.0,0.5207786560058594,7.98804587841105,137.35150818220265,-0.06276174198215821,7.334600879542105,161.04386259309476
30.150000000001913,0.01,125.0,0.5176151394844055,7.9932536649711095,137.43138864098677,-0.06652774085229118,7.333973262122283,161.11720860189018
30.160000000001915,0.01,125.0,0.5144482851028442,7.998429816365954,137.5113211776365,-0.07029318181644312,7.33330798471376,161.19054833451142
30.170000000001917,0.01,125.0,0.5112802982330322,8.003574299216984,137.59130547580017,-0.07405802771123399,7.3326050528955955,161.26388141435856
30.180000000001918,0.01,125.0,0.5081096291542053,8.008687102199316,137.67134121879235,-0.07782224137915049,7.331864472618483,161.33720746488754
30.19000000000192,0.01,125.0,0.5049368739128113,8.013768198490858,137.75142808981437,-0.08158578566892766,7.331086250204692,161.41052610961373
30.20000000000192,0.01,125.0,0.501762330532074,8.018817567229988,137.8315657717993,-0.0853486234358985,7.330270392348003,161.4838369721158
30.210000000001923,0.01,125.0,0.4985860586166382,8.023835190535308,137.9117539474716,-0.08911071754237548,7.329416906113644,161.5571396760393
30.220000000001924,0.01,125.0,0.49540776014328003,8.028821051121476,137.99199229937696,-0.09287203085801077,7.3285257989382195,161.63043384510044
30.230000000001926,0.01,125.0,0.4922272861003876,8.03377512872291,138.07228050988817,-0.09663252626015613,7.32759707862964,161.70371910308984
30.240000000001928,0.01,125.0,0.48904505372047424,8.038697401583915,138.1526182611754,-0.1003921666342444,7.326630753367038,161.77699507387615
30.25000000000193,0.01,125.0,0.4858609735965729,8.04358785212112,138.23300523519126,-0.10415091487413866,7.325626831700696,161.85026138140984
30.26000000000193,0.01,125.0,0.4826754331588745,8.048446461857088,138.31344111371249,-0.10790873388251336,7.324585322551954,161.92351764972685
30.270000000001932,0.01,125.0,0.47948774695396423,8.053273216188677,138.39392557833108,-0.11166558657121414,7.323506235213129,161.99676350295238
30.280000000001934,0.01,125.0,0.47629833221435547,8.058068093658218,138.474458310493,-0.11542143586161739,7.3223895793474165,162.06999856530453
30.290000000001935,0.01,125.0,0.47310683131217957,8.062831076980363,138.5550389914296,-0.11917624468500904,7.3212353649888,162.14322246109802
30.300000000001937,0.01,125.0,0.4699142575263977,8.067562145293484,138.6356673021994,-0.122929975982944,7.32004360254195,162.2164348147479
30.31000000000194,0.01,125.0,0.4667198657989502,8.072261287868749,138.71634292365235,-0.12668259270760557,7.31881430278212,162.28963525077336
30.32000000000194,0.01,125.0,0.46352455019950867,8.07692848652674,138.79706553653105,-0.1304340578221859,7.317547476855044,162.3628233938012
30.33000000000194,0.01,125.0,0.4603266417980194,8.081563732028735,138.87783482139633,-0.1341843343012346,7.316243136276822,162.43599886856975
30.340000000001943,0.01,125.0,0.4571276307106018,8.086166998446716,138.95865045871665,-0.13793338513103898,7.3149012929338095,162.50916129993254
30.350000000001945,0.01,125.0,0.4539264738559723,8.090738274753823,139.03951212870112,-0.14168117330998303,7.313521959082499,162.5823103128619
30.360000000001946,0.01,125.0,0.4507245421409607,8.095277539492384,139.12041951144866,-0.14542766184890626,7.312105147349399,162.65544553245272
30.370000000001948,0.01,125.0,0.44752100110054016,8.099784784913794,139.2013722868436,-0.1491728137714835,7.31065087073091,162.7285665839262
30.38000000000195,0.01,125.0,0.4443160891532898,8.1042599949248,139.28237013469274,-0.15291659211457304,7.309159142593195,162.80167309263354
30.39000000000195,0.01,125.0,0.44110962748527527,8.108703155816332,139.363412734642,-0.15665895992859616,7.307629976672049,162.87476468405947
30.400000000001953,0.01,125.0,0.4379025101661682,8.113114252091187,139.44449976620018,-0.16039988027789553,7.306063387072763,162.9478409838262
30.410000000001954,0.01,125.0,0.43469351530075073,8.11749327719285,139.5256309087211,-0.16413931624109332,7.304459388269984,163.02090161769695
30.420000000001956,0.01,125.0,0.43148332834243774,8.121840212345857,139.60680584149304,-0.1678772309114684,7.3028179951075725,163.09394621157966
30.430000000001957,0.01,125.0,0.42827165126800537,8.126155045629282,139.68802424361652,-0.17161358739731405,7.301139222798458,163.16697439153074
30.44000000000196,0.01,125.0,0.42505931854248047,8.130437762141963,139.76928579407283,-0.17534834882229608,7.2994230869244845,163.23998578375873
30.45000000000196,0.01,125.0,0.4218454957008362,8.134688355327388,139.85059017169425,-0.17908147832583116,7.297669603436261,163.31298001462798
30.460000000001962,0.01,125.0,0.41862988471984863,8.138906810284396,139.93193705524754,-0.182812939063434,7.2958787886530025,163.38595671066236
30.470000000001964,0.01,125.0,0.4154142737388611,8.143093109131595,140.0133261233504,-0.1865426942070957,7.294050659262368,163.4589154985489
30.480000000001965,0.01,125.0,0.4121967554092407,8.147247251868984,140.09475705444171,-0.19027070694564083,7.292185232320296,163.53185600514152
30.490000000001967,0.01,125.0,0.4089789390563965,8.151369219423078,140.1762295269604,-0.19399694048508453,7.29028252525084,163.60477785746474
30.500000000001968,0.01,125.0,0.4057598114013672,8.155459008813642,140.25774321915466,-0.19772135804901034,7.288342555845989,163.67768068271727
30.51000000000197,0.01,125.0,0.40253889560699463,8.159516606927657,140.33929780924282,-0.20144392287891624,7.286365342265499,163.75056410827574
30.52000000000197,0.01,125.0,0.3993183970451355,8.163541995883728,140.4208929753121,-0.2051645982345924,7.284350903036709,163.8234277616984
30.530000000001973,0.01,125.0,0.39609605073928833,8.16753517985418,140.50252839527096,-0.20888334739447723,7.282299257054363,163.8962712707288
30.540000000001974,0.01,125.0,0.39287322759628296,8.171496140361574,140.58420374706952,-0.2126001336560136,7.280210423580417,163.96909426329935
30.550000000001976,0.01,125.0,0.38964956998825073,8.175424872637537,140.66591870847316,-0.21631492033602587,7.2780844222438565,164.04189636753517
30.560000000001978,0.01,125.0,0.38642507791519165,8.17932136833742,140.74767295719954,-0.22002767077106503,7.275921273040496,164.11467721175762
30.57000000000198,0.01,125.0,0.38319915533065796,8.183185619116573,140.82946617088294,-0.22373834831778527,7.273720996332785,164.18743642448803
30.58000000000198,0.01,125.0,0.3799735903739929,8.18701761066988,140.9112980270741,-0.22744691635329942,7.2714836128496065,164.26017363445138
30.590000000001982,0.01,125.0,0.37674665451049805,8.19081734657362,140.99316820318083,-0.2311533382755339,7.269209143686073,164.3328884705799
30.600000000001984,0.01,125.0,0.3735189437866211,8.194584813118727,141.0750763766466,-0.2348575775036028,7.266897610303317,164.40558056201675
30.610000000001985,0.01,125.0,0.37029075622558594,8.198320002556594,141.1570222247778,-0.23855959747816255,7.264549034528281,164.4782495381198
30.620000000001987,0.01,125.0,0.3670622706413269,8.20202291011885,141.23900542480337,-0.2422593616617663,7.262163438553499,164.55089502846508
30.63000000000199,0.01,125.0,0.36383259296417236,8.205693532825265,141.32102565390457,-0.24595683353923947,7.259740844936881,164.62351666285062
30.64000000000199,0.01,125.0,0.3606030344963074,8.209331858754908,141.40308258923284,-0.2496519766180231,7.257281276601488,164.6961140713
30.65000000000199,0.01,125.0,0.35737287998199463,8.212937889099871,141.4851759078204,-0.253344754428549,7.254784756835307,164.76868688406603
30.660000000001993,0.01,125.0,0.3541414737701416,8.216511617899691,141.56730528671142,-0.2570351305245929,7.2522513092910215,164.8412347316344
30.670000000001995,0.01,125.0,0.3509100079536438,8.220053032637393,141.64947040289042,-0.2607230684836287,7.249680957985775,164.91375724472732
30.680000000001996,0.01,125.0,0.34767860174179077,8.22356213271693,141.7316709332168,-0.26440853190720154,7.247073727300938,164.98625405430718
30.690000000001998,0.01,125.0,0.34444618225097656,8.22703891873435,141.813906554544,-0.26809148442127134,7.244429641981865,165.0587247915802
30.700000000002,0.01,125.0,0.34121382236480713,8.23048338055686,141.89617694373135,-0.2717718896765856,7.241748727137652,165.13116908800004
30.710000000002,0.01,125.0,0.33798104524612427,8.233895518780509,141.97848177753693,-0.2754497113490324,7.239031008240885,165.20358657527143
30.720000000002003,0.01,125.0,0.33474791049957275,8.23727532923297,142.06082073272475,-0.2791249131399925,7.236276511127394,165.27597688535386
30.730000000002004,0.01,125.0,0.33151453733444214,8.240622808337966,142.14319348601708,-0.2827974587767101,7.233485261995994,165.34833965046514
30.740000000002006,0.01,125.0,0.3282814025878906,8.24393795371131,142.22559971410047,-0.28646731201264436,7.230657287408226,165.4206745030851
30.750000000002007,0.01,125.0,0.3250473737716675,8.24722076773719,142.3080390936376,-0.29013443662782135,7.2277926142880995,165.4929810759592
30.76000000000201,0.01,125.0,0.3218136429786682,8.250471241474907,142.390511301315,-0.29379879642920576,7.22489126992182,165.5652590021021
30.77000000000201,0.01,125.0,0.3185797333717346,8.253689377904694,142.47301601372976,-0.2974603552510416,7.221953281957528,165.63750791480132
30.780000000002012,0.01,125.0,0.3153456449508667,8.256875175238411,142.55555290750883,-0.30111907695522344,7.2189786784050165,165.7097274476209
30.790000000002014,0.01,125.0,0.3121117949485779,8.26002863168792,142.63812165926123,-0.3047749254316474,7.215967487635464,165.78191723440497
30.800000000002015,0.01,125.0,0.30887752771377563,8.263149749637407,142.72072194557813,-0.30842786459856075,7.212919738381147,165.85407690928133
30.810000000002017,0.01,125.0,0.3056432008743286,8.266238524914545,142.8033534430745,-0.31207785840293273,7.209835459735161,165.92620610666515
30.82000000000202,0.01,125.0,0.3024095296859741,8.26929495692329,142.88601582832368,-0.315724870820794,7.206714681151131,165.9983044612625
30.83000000000202,0.01,125.0,0.2991753816604614,8.27231905222015,142.9687087778929,-0.3193688658576064,7.203557432442922,166.07037160807403
30.84000000000202,0.01,125.0,0.2959415912628174,8.275310806036755,143.05143196841513,-0.3230098075486121,7.2003637437843455,166.14240718239847
30.850000000002023,0.01,125.0,0.2927079200744629,8.278270221949384,143.13418507647552,-0.3266476599591824,7.197133645708859,166.21441081983633
30.860000000002024,0.01,125.0,0.2894744873046875,8.28119730115013,143.21696777869502,-0.33028238718518677,7.193867169109266,166.28638215629343
30.870000000002026,0.01,125.0,0.2862405776977539,8.284092046023178,143.29977975170652,-0.33391395335333085,7.190564345237414,166.35832082798453
30.880000000002028,0.01,125.0,0.2830079197883606,8.286954451800156,143.38262067216678,-0.33754232262152467,7.18722520570388,166.43022647143692
30.89000000000203,0.01,125.0,0.2797747850418091,8.28978453099804,143.4654902166848,-0.34116745917923036,7.183849782477664,166.502098723494
30.90000000000203,0.01,125.0,0.2765430212020874,8.292582278848458,143.54838806199479,-0.34478932724780975,7.1804381078858714,166.57393722131877
30.910000000002032,0.01,125.0,0.27331072092056274,8.29534770906048,143.63131388478328,-0.34840789108088904,7.176990214613393,166.64574160239764
30.920000000002034,0.01,125.0,0.27007830142974854,8.298080816269685,143.7142673618739,-0.35202311496470623,7.173506135702583,166.71751150454378
30.930000000002035,0.01,125.0,0.2668478488922119,8.300781599283983,143.79724817003662,-0.355634963218457,7.169985904552935,166.7892465659008
30.940000000002037,0.01,125.0,0.26361680030822754,8.303450077772906,143.88025598602948,-0.3592434001946613,7.16642955492075,166.86094642494635
30.95000000000204,0.01,125.0,0.26038652658462524,8.306086245775989,143.9632904868072,-0.3628483902794989,7.162837120918803,166.93261072049557
30.96000000000204,0.01,125.0,0.25715649127960205,8.308690111041836,144.046351349265,-0.3664498978931751,7.1592086370160075,167.00423909170476
30.97000000000204,0.01,125.0,0.2539273500442505,8.311261675954633,144.12943825037542,-0.3700478874902658,7.155544138037075,167.07583117807494
30.980000000002043,0.01,125.0,0.2506985068321228,8.313800949455075,144.21255086713498,-0.37364232356006216,7.1518436591621715,167.14738661945532
30.990000000002045,0.01,125.0,0.2474702000617981,8.316307934523397,144.29568887662955,-0.37723317062693523,7.14810723592657,167.21890505604696
31.000000000002046,0.01,125.0,0.24424266815185547,8.318782636524016,144.3788519559748,-0.38082039325067035,7.1443349042203,167.29038612840625
31.010000000002048,0.01,125.0,0.24101608991622925,8.321225063205535,144.46203978234004,-0.3844039560268303,7.140526700287793,167.36182947744848
31.02000000000205,0.01,125.0,0.237790048122406,8.323635224104697,144.54525203297212,-0.38798382358709926,7.136682660727524,167.43323474445137
31.03000000000205,0.01,125.0,0.23456430435180664,8.326013124585922,144.6284883852132,-0.39155996059962567,7.132802822491652,167.50460157105866
31.040000000002053,0.01,125.0,0.231340229511261,8.32835876762944,144.71174851645907,-0.39513233176938295,7.1288872228856555,167.5759295992836
31.050000000002054,0.01,125.0,0.22811633348464966,8.330672169924554,144.79503210413537,-0.3987009018385118,7.124935899567961,167.64721847151247
31.060000000002056,0.01,125.0,0.22489333152770996,8.3329533332594,144.87833882583462,-0.4022656355866625,7.120948890549576,167.71846783050816
31.070000000002057,0.01,125.0,0.22167164087295532,8.335202266574678,144.96166835916722,-0.40582649783135594,7.116926234193708,167.78967731941367
31.08000000000206,0.01,125.0,0.218450129032135,8.337418982983408,145.04502038183298,-0.40938345342831545,7.112867969215394,167.86084658175562
31.09000000000206,0.01,125.0,0.21522992849349976,8.339603484273729,145.12839457166282,-0.41293646727182726,7.10877413468111,167.93197526144777
31.100000000002062,0.01,125.0,0.21201097965240479,8.341755783558664,145.2117906065056,-0.4164855042950811,7.104644770008392,168.0030630027946
31.110000000002064,0.01,125.0,0.2087928056716919,8.343875893355188,145.29520816434118,-0.4200305294705104,7.10047991496544,168.0741094504947
31.120000000002065,0.01,125.0,0.20557564496994019,8.345963821411905,145.37864692327474,-0.42357150781015174,7.096279609670734,168.14511424964437
31.130000000002067,0.01,125.0,0.20235943794250488,8.348019577861605,145.46210656148887,-0.4271084043659747,7.092043894592632,168.2160770457411
31.14000000000207,0.01,125.0,0.19914454221725464,8.35004317224103,145.5455867572675,-0.43064118423023995,7.087772810548972,168.28699748468702
31.15000000000207,0.01,125.0,0.1959308385848999,8.352034617663202,145.62908718898993,-0.43416981253583864,7.083466398706669,168.35787521279252
31.16000000000207,0.01,125.0,0.19271820783615112,8.353993926049052,145.71260753516657,-0.43769425445662985,7.07912470058131,168.4287098767796
31.170000000002073,0.01,125.0,0.1895064115524292,8.355921108127413,145.79614747442707,-0.4412144752077967,7.074747758036743,168.49950112378542
31.180000000002075,0.01,125.0,0.18629616498947144,8.357816172242938,145.87970668550835,-0.44473044004618356,7.070335613284664,168.5702486013658
31.190000000002076,0.01,125.0,0.18308746814727783,8.359679133892833,145.9632848472308,-0.448242114270633,7.065888308884201,168.64095195749866
31.200000000002078,0.01,125.0,0.17987936735153198,8.361510008574307,146.04688163856974,-0.45174946322234205,7.061405887741494,168.7116108405875
31.21000000000208,0.01,125.0,0.1766730546951294,8.363308802247822,146.1304967386555,-0.4552524522851886,7.05688839310927,168.78222489946492
31.22000000000208,0.01,125.0,0.1734684705734253,8.365075532794773,146.21412982667798,-0.4587510468860868,7.052335868586417,168.85279378339604
31.230000000002082,0.01,125.0,0.17026513814926147,8.366810217500507,146.29778058200594,-0.4622452124953223,7.0477483581175555,168.9233171420819
31.240000000002084,0.01,125.0,0.16706329584121704,8.368512868882,146.38144868418095,-0.46573491462688726,7.043125905992602,168.9937946256631
31.250000000002085,0.01,125.0,0.16386187076568604,8.370183501840412,146.4651338128698,-0.46922011883883447,7.038468556846332,169.06422588472304
31.260000000002087,0.01,125.0,0.16066265106201172,8.37182212054807,146.5488356478882,-0.47270079073360144,7.033776355657943,169.13461057029153
31.27000000000209,0.01,125.0,0.15746545791625977,8.37342874705869,146.6325538690937,-0.47617689595836377,7.029049347750606,169.2049483338481
31.28000000000209,0.01,125.0,0.15426921844482422,8.375003401637851,146.7162881565643,-0.47964840020536814,7.0242875787910215,169.27523882732564
31.29000000000209,0.01,125.0,0.15107476711273193,8.3765460938223,146.8000381905807,-0.4831152692122652,7.019491094788967,169.34548170311356
31.300000000002093,0.01,125.0,0.1478818655014038,8.378056841493429,146.88380365151892,-0.4865774687624615,7.014659942096844,169.41567661406145
31.310000000002095,0.01,125.0,0.1446911096572876,8.379535660148443,146.96758421993385,-0.4900349646854413,7.009794167409218,169.48582321348243
31.320000000002096,0.01,125.0,0.1415015459060669,8.380982571245017,147.05137957653534,-0.49348772285711756,7.004893817762363,169.55592115515654
31.330000000002098,0.01,125.0,0.138313889503479,8.382397586704078,147.1351894022478,-0.49693570920016306,6.999958940533791,169.62597009333416
31.3400000000021,0.01,125.0,0.13512790203094482,8.383780725599113,147.21901337811485,-0.5003788896843407,6.994989583441789,169.6959696827395
31.3500000000021,0.01,125.0,0.1319434642791748,8.385132004619424,147.30285118537086,-0.5038172303268511,6.989985794544944,169.76591957857394
31.360000000002103,0.01,125.0,0.12876105308532715,8.386451439262215,147.38670250541705,-0.5072506971926622,6.984947622241675,169.83581943651942
31.370000000002104,0.01,125.0,0.1255803108215332,8.387739049793069,147.4705670198097,-0.5106792563948385,6.979875115269747,169.90566891274185
31.380000000002106,0.01,125.0,0.12240195274353027,8.388994852901284,147.55444441030764,-0.5141028740948882,6.974768322705798,169.97546766389456
31.390000000002107,0.01,125.0,0.1192249059677124,8.39021887242872,147.63833435883666,-0.5175215165030834,6.969627293964848,170.04521534712163
31.40000000000211,0.01,125.0,0.1160506010055542,8.391411121488398,147.72223654756095,-0.5209351498788054,6.964452078799816,170.1149116200613
31.41000000000211,0.01,125.0,0.11287796497344971,8.392571627498453,147.80615065877586,-0.5243437405308728,6.959242727301027,170.1845561408493
31.420000000002112,0.01,125.0,0.10970711708068848,8.393700407148188,147.89007637505085,-0.5277472548178683,6.953999289895718,170.25414856812233
31.430000000002114,0.01,125.0,0.10653841495513916,8.394797478318996,147.97401337912234,-0.5311456591484837,6.948721817347538,170.3236885610213
31.440000000002115,0.01,125.0,0.10337162017822266,8.395862862468547,148.05796135390554,-0.5345389199818364,6.943410360756053,170.3931757791948
31.450000000002117,0.01,125.0,0.10020720958709717,8.39689657867033,148.14191998253023,-0.5379270038278138,6.9380649715562335,170.46260988280235
31.46000000000212,0.01,125.0,0.0970451831817627,8.3978986507662,148.22588894831694,-0.541309877247398,6.932685701517954,170.53199053251794
31.47000000000212,0.01,125.0,0.09388494491577148,8.398869102598017,148.3098679348246,-0.5446875068529904,6.92727260274548,170.60131738953314
31.48000000000212,0.01,125.0,0.09072661399841309,8.399807952047174,148.3938566258506,-0.5480598593087522,6.921825727676949,170.6705901155606
31.490000000002123,0.01,125.0,0.0875711441040039,8.400715218187159,148.47785470537107,-0.5514269013309282,6.916345129083861,170.7398083728374
31.500000000002125,0.01,125.0,0.08441746234893799,8.401590929628199,148.56186185755297,-0.554788599688169,6.910830860070551,170.80897182412824
31.510000000002126,0.01,125.0,0.08126640319824219,8.402435104251689,148.64587776684925,-0.5581449212018728,6.905282974073668,170.87808013272894
31.520000000002128,0.01,125.0,0.07811760902404785,8.403247768283672,148.72990211789178,-0.5614958327464974,6.899701524861648,170.94713296246968
31.53000000000213,0.01,125.0,0.07497084140777588,8.404028944373913,148.81393459557464,-0.5648413012499007,6.894086566534182,171.01612997771832
31.54000000000213,0.01,125.0,0.07182669639587402,8.404778652787991,148.89797488501839,-0.5681812936936611,6.888438153521682,171.08507084338368
31.550000000002132,0.01,125.0,0.06868553161621094,8.40549691975195,148.98202267154628,-0.5715157771133977,6.882756340584745,171.15395522491892
31.560000000002134,0.01,125.0,0.06554651260375977,8.406183775068113,149.0660776407438,-0.5748447185991092,6.87704118281361,171.22278278832476
31.570000000002135,0.01,125.0,0.062409400939941406,8.40683924019415,149.15013947849448,-0.5781680852954834,6.871292735627618,171.29155320015292
31.580000000002137,0.01,125.0,0.059275269508361816,8.40746333420355,149.23420787089643,-0.5814858444022343,6.865511054774662,171.3602661275092
31.59000000000214,0.01,125.0,0.056143760681152344,8.408056086898634,149.31828250423848,-0.5847979631744211,6.859696196330638,171.42892123805694
31.60000000000214,0.01,125.0,0.05301523208618164,8.408617524505447,149.4023630651075,-0.5881044089227647,6.853848216698894,171.49751820002027
31.61000000000214,0.01,125.0,0.04988813400268555,8.409147676826308,149.48644924035256,-0.5914051490139826,6.847967172609665,171.56605668218725
31.620000000002143,0.01,125.0,0.04676508903503418,8.409646558166335,149.57054071712082,-0.5947001508711042,6.842053121119524,171.63453635391335
31.630000000002145,0.01,125.0,0.043643832206726074,8.410114209056685,149.6546371827025,-0.5979893819737879,6.836106119610812,171.70295688512456
31.640000000002146,0.01,125.0,0.04052567481994629,8.410550647378752,149.73873832479308,-0.6012728098586543,6.830126225791073,171.7713179463207
31.650000000002148,0.01,125.0,0.03741014003753662,8.410955904126952,149.82284383126688,-0.604550402119592,6.824113497692485,171.83961920857863
31.66000000000215,0.01,125.0,0.03429734706878662,8.411330005527327,149.90695339030816,-0.6078221264080904,6.8180679936712885,171.90786034355557
31.67000000000215,0.01,125.0,0.031187772750854492,8.411672978998016,149.99106669036345,-0.6110879504335537,6.811989772407206,171.9760410234923
31.680000000002153,0.01,125.0,0.02808082103729248,8.411984856725525,150.07518342015345,-0.6143478419636134,6.80587889290287,172.04416092121636
31.690000000002154,0.01,125.0,0.024976372718811035,8.412265664935898,150.15930326872072,-0.6176017688244598,6.799735414483233,172.1122197101454
31.700000000002156,0.01,125.0,0.02187478542327881,8.412515428663086,150.2434259253701,-0.6208496989011447,6.793559396794987,172.18021706429025
31.710000000002157,0.01,125.0,0.018776655197143555,8.412734176517318,150.32755107965676,-0.6240916001379117,6.787350899805975,172.24815265825822
31.72000000000216,0.01,125.0,0.01568150520324707,8.41292194306929,150.41167842142195,-0.6273274405385058,6.781109983804595,172.3160261672563
31.73000000000216,0.01,125.0,0.012588739395141602,8.41307875812132,150.49580764085266,-0.6305571881664852,6.774836709399209,172.38383726709435
31.740000000002162,0.01,125.0,0.009499549865722656,8.413204645515272,150.57993842843388,-0.6337808111455481,6.768531137517543,172.45158563418835
31.750000000002164,0.01,125.0,0.0064133405685424805,8.413299641013928,150.66407047488903,-0.6369982776598339,6.762193329406087,172.51927094556353
31.760000000002165,0.01,125.0,0.003330230712890625,8.413363774419613,150.74820347129918,-0.6402095559542486,6.755823346629488,172.5868928788576
31.770000000002167,0.01,125.0,2.503395080566406E-4,8.413397076726742,150.83233710904338,-0.6434146143347735,6.749421251069944,172.65445111232393
31.78000000000217,0.01,125.0,-0.0028268098831176758,8.413399580121823,150.91647107981066,-0.6466134211687732,6.742987104926596,172.72194532483465
31.79000000000217,0.01,125.0,-0.005900859832763672,8.413371312022992,151.0006050756119,-0.6498059448853172,6.736520970714907,172.78937519588393
31.80000000000217,0.01,125.0,-0.008971333503723145,8.413312303424664,151.08473878873215,-0.652992153975487,6.730022911266053,172.8567404055911
31.810000000002173,0.01,125.0,-0.012038230895996094,8.413222590089628,151.16887191176642,-0.6561720169926817,6.723492989726297,172.92404063470377
31.820000000002175,0.01,125.0,-0.015102028846740723,8.413102207780668,151.25300413766732,-0.6593455025529408,6.716931269556369,172.99127556460104
31.830000000002176,0.01,125.0,-0.018162846565246582,8.412951187492201,151.33713515974515,-0.6625125793352391,6.710337814530838,173.0584448772966
31.840000000002178,0.01,125.0,-0.02122032642364502,8.412769559026549,151.4212646716201,-0.6656732160818094,6.703712688737485,173.1255482554419
31.85000000000218,0.01,125.0,-0.02427387237548828,8.412557355762312,151.50539236721036,-0.6688273815984448,6.697055956576666,173.1925853823293
31.86000000000218,0.01,125.0,-0.027324676513671875,8.412314617038557,151.589517940768,-0.6719750447548014,6.69036768276068,173.2595559418951
31.870000000002182,0.01,125.0,-0.030371546745300293,8.412041370273421,151.6736410869384,-0.6751161744847182,6.683647932313131,173.3264596187227
31.880000000002184,0.01,125.0,-0.03341507911682129,8.411737654805968,151.75776150064115,-0.6782507397865093,6.676896770568283,173.39329609804585
31.890000000002185,0.01,125.0,-0.03645527362823486,8.4114035040148,151.84187887718923,-0.6813787097232823,6.670114263170417,173.46006506575154
31.900000000002187,0.01,125.0,-0.039491891860961914,8.411038951278517,151.9259929122294,-0.6845000534232388,6.663300476073183,173.52676620838326
31.91000000000219,0.01,125.0,-0.04252505302429199,8.410644032359906,152.0101033017422,-0.6876147400799728,6.65645547553895,173.593399213144
31.92000000000219,0.01,125.0,-0.04555404186248779,8.410218781829663,152.0942097420658,-0.6907227389527866,6.649579328138149,173.6599637678994
31.93000000000219,0.01,125.0,-0.04858040809631348,8.409763241411039,152.1783119298841,-0.6938240193669873,6.64267210074862,173.7264595611808
31.940000000002193,0.01,125.0,-0.05160224437713623,8.409277437330076,152.26240956229822,-0.6969185507141863,6.635733860554949,173.7928862821883
31.950000000002195,0.01,125.0,-0.05462002754211426,8.408761414886305,152.34650233667153,-0.7000063024526114,6.628764675047806,173.85924362079388
31.960000000002196,0.01,125.0,-0.05763518810272217,8.408215214610884,152.4305899508204,-0.7030872441073966,6.621764612023279,173.92553126754436
31.970000000002198,0.01,125.0,-0.06064605712890625,8.407638862729856,152.51467210296653,-0.7061613452708931,6.614733739582204,173.9917489136646
31.9800000000022,0.01,125.0,-0.06365346908569336,8.407032402158567,152.59874849159385,-0.7092285756029652,6.6076721261294935,174.0578962510604
31.9900000000022,0.01,125.0,-0.06665670871734619,8.40639586746771,152.68281881561546,-0.7122889048312843,6.600579840373463,174.12397297232172
32.0000000000022,0.01,125.0,-0.0696561336517334,8.405729300380536,152.76688277429014,-0.7153423027516399,6.593456951325149,174.18997877072547
32.0100000000022,0.01,125.0,-0.07265233993530273,8.40503273904402,152.85094006729392,-0.7183887392282222,6.586303528297634,174.25591334023872
32.0200000000022,0.01,125.0,-0.07564365863800049,8.404306215644667,152.93499039468435,-0.7214281841939382,6.579119640905353,174.3217763755217
32.0300000000022,0.01,125.0,-0.07863175868988037,8.403549779058286,153.0190334568408,-0.7244606076506911,6.5719053590634156,174.38756757193073
32.040000000002195,0.01,125.0,-0.08161556720733643,8.402763461471388,153.10306895463134,-0.7274859796696862,6.56466075298691,174.45328662552134
32.05000000000219,0.01,125.0,-0.0845952033996582,8.401947305799315,153.18709658924604,-0.730504270391721,6.557385893190214,174.5189332330512
32.06000000000219,0.01,125.0,-0.0875711441040039,8.401101353765318,153.271116062304,-0.733515450027488,6.550080850486299,174.58450709198308
32.07000000000219,0.01,125.0,-0.09054338932037354,8.400225642324278,153.35512707584164,-0.7365194888578582,6.542745695986025,174.65000790048794
32.08000000000219,0.01,125.0,-0.09351110458374023,8.399320208431075,153.43912933226486,-0.7395163572341813,6.535380501097448,174.71543535744777
32.090000000002185,0.01,125.0,-0.09647476673126221,8.398385097385237,153.52312253434914,-0.7425060255785744,6.527985337525108,174.78078916245875
32.10000000000218,0.01,125.0,-0.0994340181350708,8.397420349717924,153.60710638532296,-0.7454884643842213,6.520560277269324,174.846069015834
32.11000000000218,0.01,125.0,-0.10238945484161377,8.396426009536574,153.6910805888201,-0.7484636442156536,6.513105392625483,174.91127461860668
32.12000000000218,0.01,125.0,-0.10534107685089111,8.395402114988158,153.77504484891546,-0.7514315357090472,6.505620756183328,174.97640567253293
32.13000000000218,0.01,125.0,-0.10828733444213867,8.39434870421965,153.85899887006534,-0.7543921095725098,6.498106440826239,175.04146188009474
32.140000000002175,0.01,125.0,-0.11123073101043701,8.39326583087523,153.9429423571075,-0.7573453365863757,6.490562519730515,175.106442944503
32.15000000000217,0.01,125.0,-0.11416876316070557,8.392153523565126,154.02687501541624,-0.7602911876034851,6.482989066364653,175.17134856970029
32.16000000000217,0.01,125.0,-0.1171034574508667,8.391011835933519,154.11079655065188,-0.7632296335494778,6.4753861544886195,175.23617846036393
32.17000000000217,0.01,125.0,-0.12003302574157715,8.38984080135901,154.1947066690112,-0.7661606454230767,6.467753858153126,175.30093232190882
32.18000000000217,0.01,125.0,-0.12295806407928467,8.388640471101596,154.27860507702476,-0.7690841942963813,6.460092251698897,175.36560986049034
32.190000000002165,0.01,125.0,-0.1258789300918579,8.387410890460803,154.36249148173576,-0.7720002513151429,6.452401409755934,175.4302107830073
32.20000000000216,0.01,125.0,-0.12879574298858643,8.386152101159885,154.44636559064034,-0.774908787699056,6.4446814072427845,175.49473479710485
32.21000000000216,0.01,125.0,-0.1317075490951538,8.384864143729999,154.53022711165193,-0.777809774742039,6.436932319365796,175.55918161117728
32.22000000000216,0.01,125.0,-0.13461482524871826,8.383547068239048,154.6140757530892,-0.7807031838125243,6.429154221618377,175.6235509343709
32.23000000000216,0.01,125.0,-0.137518048286438,8.38220091998656,154.69791122377157,-0.783588986353731,6.421347189780253,175.6878424765871
32.240000000002155,0.01,125.0,-0.140417218208313,8.380825739503697,154.78173323297142,-0.7864671538839526,6.413511299916717,175.7520559484849
32.25000000000215,0.01,125.0,-0.143310546875,8.379421567321614,154.86554149036644,-0.789337657996838,6.4056466283778795,175.81619106148406
32.26000000000215,0.01,125.0,-0.14619958400726318,8.377988461852865,154.94933570603965,-0.7922004703616687,6.397753251797913,175.88024752776784
32.27000000000215,0.01,125.0,-0.14908456802368164,8.376526466012793,155.03311559065816,-0.7950555627236456,6.389831247094298,175.9442250602858
32.28000000000215,0.01,125.0,-0.15196466445922852,8.375035620332556,155.11688085531827,-0.7979029069041581,6.381880691467063,176.00812337275673
32.290000000002145,0.01,125.0,-0.1548398733139038,8.373515973687963,155.20063121152157,-0.8007424748010689,6.373901662398023,176.0719421796714
32.30000000000214,0.01,125.0,-0.15771019458770752,8.371967574954825,155.28436637125844,-0.8035742383889874,6.365894237650013,176.13568119629537
32.31000000000214,0.01,125.0,-0.1605762243270874,8.370390473008948,155.36808604700798,-0.8063981697195536,6.357858495266125,176.19934013867186
32.32000000000214,0.01,125.0,-0.1634373664855957,8.368784710765677,155.45178995173805,-0.8092142409217034,6.3497945135689315,176.2629187236245
32.33000000000214,0.01,125.0,-0.16629338264465332,8.367150337100822,155.53547779884568,-0.8120224242019513,6.341702371159716,176.32641666876017
32.340000000002135,0.01,125.0,-0.169144868850708,8.365487403274376,155.61914930221667,-0.8148226918446602,6.333582146917698,176.38983369247177
32.35000000000213,0.01,125.0,-0.1719914674758911,8.36379595458587,155.7028041762494,-0.8176150162123222,6.325433919999253,176.45316951394094
32.36000000000213,0.01,125.0,-0.17483317852020264,8.362076039911111,155.78644213579526,-0.8203993697458217,6.3172577698371315,176.5164238531409
32.37000000000213,0.01,125.0,-0.17766976356506348,8.36032770812591,155.87006289619436,-0.8231757249647133,6.309053776139675,176.57959643083927
32.38000000000213,0.01,125.0,-0.18050158023834229,8.35855101049026,155.9536661732756,-0.8259440544674901,6.300822018890029,176.64268696860066
32.390000000002125,0.01,125.0,-0.18332815170288086,8.356745994687877,156.03725168338048,-0.8287043309318609,6.292562578345356,176.70569518878955
32.40000000000212,0.01,125.0,-0.18615007400512695,8.35491271317085,156.12081914332734,-0.8314565271150097,6.284275535036039,176.76862081457298
32.41000000000212,0.01,125.0,-0.18896663188934326,8.353051212430799,156.20436827045904,-0.8342006158538713,6.27596096976489,176.83146356992333
32.42000000000212,0.01,125.0,-0.1917780637741089,8.351161546111905,156.28789878258334,-0.8369365700653961,6.2676189636063535,176.89422317962098
32.43000000000212,0.01,125.0,-0.19458448886871338,8.349243765474165,156.37141039804445,-0.8396643627468237,6.2592495979057015,176.95689936925703
32.440000000002115,0.01,125.0,-0.19738614559173584,8.34729792058548,156.45490283569916,-0.8423839669759401,6.250852954278235,177.01949186523606
32.45000000000211,0.01,125.0,-0.20018231868743896,8.345324059129561,156.538375814905,-0.8450953559113493,6.242429114608478,177.08200039477885
32.46000000000211,0.01,125.0,-0.20297324657440186,8.343322235942688,156.62182905549628,-0.847798502792736,6.233978161049366,177.14442468592492
32.47000000000211,0.01,125.0,-0.20575881004333496,8.341292503476945,156.7052622778557,-0.8504933809411345,6.22550017602144,177.2067644675354
32.48000000000211,0.01,125.0,-0.20853936672210693,8.339234915376512,156.78867520289046,-0.853179963759184,6.216995242212031,177.2690194692956
32.490000000002105,0.01,125.0,-0.21131539344787598,8.337149521709291,156.8720675520442,-0.8558582247313967,6.20846344257444,177.3311894217177
32.5000000000021,0.01,125.0,-0.21408486366271973,8.335036367774812,156.95543904726128,-0.8585281374244166,6.199904860327128,177.39327405614344
32.5100000000021,0.01,125.0,-0.21684932708740234,8.332895519138185,157.03878941093902,-0.8611896754872863,6.191319578952886,177.4552731047467
32.5200000000021,0.01,125.0,-0.21960878372192383,8.330727025867311,157.1221183661304,-0.8638428126516983,6.182707682198014,177.51718630053622
32.5300000000021,0.01,125.0,-0.22236299514770508,8.328530938030093,157.20542563638904,-0.8664875227322594,6.174069254071499,177.5790133773582
32.540000000002095,0.01,125.0,-0.22511184215545654,8.326307308078617,157.2887109457693,-0.8691237796267478,6.165404378844178,177.6407540698989
32.55000000000209,0.01,125.0,-0.22785496711730957,8.324056189657062,157.37197401885007,-0.8717515573163751,6.156713141047912,177.7024081136873
32.56000000000209,0.01,125.0,-0.23059260845184326,8.32177763998589,157.45521458074663,-0.8743708298660348,6.14799562547475,177.76397524509778
32.57000000000209,0.01,125.0,-0.23332440853118896,8.319471713901372,157.53843235714646,-0.8769815714245643,6.139251917176091,177.82545520135253
32.58000000000209,0.01,125.0,-0.23605120182037354,8.31713846981606,157.62162707428547,-0.8795837562249986,6.130482101461848,177.8868477205243
32.590000000002085,0.01,125.0,-0.23877263069152832,8.314777957797856,157.70479845898362,-0.8821773585848226,6.1216862638995995,177.9481525415389
32.60000000000208,0.01,125.0,-0.24148797988891602,8.31239023149094,157.78794623856157,-0.8847623529062311,6.112864490313753,178.00936940417787
32.61000000000208,0.01,125.0,-0.24419772624969482,8.309975351692053,157.87107014087647,-0.8873387136763722,6.104016866784693,178.070498049081
32.62000000000208,0.01,125.0,-0.24690234661102295,8.307533374429557,157.95416989439337,-0.8899064154676054,6.0951434796479305,178.13153821774884
32.63000000000208,0.01,125.0,-0.24960112571716309,8.305064350963447,158.03724522813766,-0.8924654329377489,6.0862444154932565,178.1924896525453
32.640000000002075,0.01,125.0,-0.25229358673095703,8.302568339706275,158.12029587164727,-0.8950157408303365,6.0773197611638805,178.2533520967002
32.65000000000207,0.01,125.0,-0.25498080253601074,8.300045403838965,158.2033215550443,-0.8975573139748576,6.0683696037555785,178.31412529431185
32.66000000000207,0.01,125.0,-0.2576620578765869,8.297495595813606,158.28632200908268,-0.900090127287011,6.059394030615832,178.3748089903494
32.67000000000207,0.01,125.0,-0.2603386640548706,8.294918975234841,158.3692969650408,-0.9026141557689507,6.050393129342964,178.43540293065556
32.68000000000207,0.01,125.0,-0.26300811767578125,8.292315588594294,158.45224615479313,-0.9051293745095371,6.041366987785276,178.49590686194898
32.690000000002065,0.01,125.0,-0.2656722068786621,8.289685507417536,158.53516931067907,-0.9076357586845757,6.032315694040182,178.55632053182683
32.70000000000206,0.01,125.0,-0.2683306932449341,8.287028785348749,158.61806616575322,-0.910133283557066,6.023239336453338,178.61664368876723
32.71000000000206,0.01,125.0,-0.27098333835601807,8.2843454784163,158.7009364536067,-0.912621924477445,6.014138003617769,178.67687608213174
32.72000000000206,0.01,125.0,-0.27362966537475586,8.281635645032742,158.78377990839084,-0.9151016568838338,6.005011784372996,178.7370174621679
32.73000000000206,0.01,125.0,-0.27627038955688477,8.278899348378994,158.86659626484115,-0.9175724563022736,5.99586076780416,178.79706758001163
32.740000000002055,0.01,125.0,-0.2789047956466675,8.276136644483426,158.94938525832492,-0.9200342983469714,5.986685043241139,178.85702618768966
32.75000000000205,0.01,125.0,-0.28153371810913086,8.27334759652696,159.03214662476975,-0.922487158720539,5.977484700257671,178.91689303812205
32.76000000000205,0.01,125.0,-0.28415632247924805,8.27053225934587,159.114880100735,-0.9249310132142373,5.968259828670467,178.9766678851246
32.77000000000205,0.01,125.0,-0.2867732048034668,8.267690696121079,159.19758542332846,-0.9273658377082078,5.959010518538326,179.0363504834113
32.78000000000205,0.01,125.0,-0.2893838882446289,8.264822964073044,159.28026233028964,-0.9297916081717157,5.949736860161246,179.09594058859668
32.790000000002046,0.01,125.0,-0.2919880151748657,8.261929125190598,159.36291055993036,-0.9322083006633844,5.94043894407953,179.15543795719827
32.80000000000204,0.01,125.0,-0.2945868968963623,8.25900924503885,159.44552985118224,-0.9346158913314375,5.931116861072899,179.21484234663905
32.81000000000204,0.01,125.0,-0.29717910289764404,8.256063376069887,159.52811994363262,-0.9370143564139257,5.921770702159586,179.27415351524976
32.82000000000204,0.01,125.0,-0.2997652292251587,8.253091585040911,159.6106805773933,-0.9394036722389669,5.912400558595449,179.33337122227135
32.83000000000204,0.01,125.0,-0.30234503746032715,8.25009393274866,159.6932114932437,-0.9417838152249773,5.903006521873061,179.3924952278573
32.840000000002036,0.01,125.0,-0.30491840839385986,8.247070482374058,159.77571243257117,-0.9441547618809092,5.893588683720813,179.451525293076
32.850000000002034,0.01,125.0,-0.30748653411865234,8.24402129829012,159.8581831373949,-0.9465164888064747,5.884147136102006,179.5104611799132
32.86000000000203,0.01,125.0,-0.3100473880767822,8.240946432948935,159.94062335037776,-0.9488689726923828,5.874681971213943,179.5693026512742
32.87000000000203,0.01,125.0,-0.31260251998901367,8.237845959068167,160.02303281470725,-0.951212190320567,5.865193281487021,179.62804947098633
32.88000000000203,0.01,125.0,-0.3151512145996094,8.234719933868277,160.10541127429792,-0.9535461185644143,5.855681159583817,179.68670140380118
32.890000000002026,0.01,125.0,-0.31769347190856934,8.231568421722281,160.1877584736366,-0.9558707343889976,5.846145698398175,179.745258215397
32.900000000002024,0.01,125.0,-0.3202296495437622,8.228391487003197,160.2700741578538,-0.958186014851296,5.836586991054287,179.80371967238096
32.91000000000202,0.01,125.0,-0.3227587938308716,8.225189190507761,160.3523580727238,-0.9604919371004259,5.827005130905776,179.86208554229148
32.92000000000202,0.01,125.0,-0.3252819776535034,8.221961602569452,160.43460996462886,-0.9627884783778646,5.817400211534774,179.92035559360053
32.93000000000202,0.01,125.0,-0.32779932022094727,8.218708782792918,160.51682958065453,-0.9650756160176791,5.807772326750997,179.97852959571586
32.940000000002016,0.01,125.0,-0.3303089141845703,8.215430789590709,160.59901666848245,-0.9673533274467433,5.798121570590822,180.03660731898336
32.950000000002014,0.01,125.0,-0.3328129053115845,8.212127700448864,160.68117097637833,-0.9696215901849647,5.788448037316356,180.09458853468925
32.96000000000201,0.01,125.0,-0.33530986309051514,8.20879957139575,160.7632922533828,-0.9718803818455046,5.778751821414509,180.1524730150624
32.97000000000201,0.01,125.0,-0.33780062198638916,8.205446472764844,160.84538024909673,-0.9741296801350038,5.769033017596056,180.21026053327654
32.98000000000201,0.01,125.0,-0.3402843475341797,8.202068466544981,160.92743471382437,-0.9763694628537949,5.759291720794708,180.26795086345248
32.990000000002006,0.01,125.0,-0.3427623510360718,8.19866562306964,161.0094553984898,-0.9785997078961269,5.749528026166171,180.3255437806604
33.000000000002004,0.01,125.0,-0.34523284435272217,8.19523799955928,161.09144205472046,-0.9808203932503802,5.739742029087212,180.38303906092207
33.010000000002,0.01,125.0,-0.34769725799560547,8.191785671115754,161.17339443471604,-0.9830314969992893,5.729933825154711,180.44043648121294
33.020000000002,0.01,125.0,-0.3501551151275635,8.1883086985358,161.25531229142717,-0.9852329973201518,5.72010351018472,180.49773581946448
33.030000000002,0.01,125.0,-0.3526052236557007,8.184807147384523,161.3371953784125,-0.9874248724850483,5.710251180211521,180.5549368545663
33.040000000001996,0.01,125.0,-0.355049729347229,8.181281095147968,161.41904344988635,-0.9896071008610545,5.700376931486672,180.6120393663684
33.050000000001994,0.01,125.0,-0.3574868440628052,8.177730597854497,161.50085626083782,-0.9917796609104599,5.690480860478064,180.66904313568327
33.06000000000199,0.01,125.0,-0.3599179983139038,8.17415572941387,161.58263356681636,-0.9939425311909724,5.680563063868961,180.72594794428804
33.07000000000199,0.01,125.0,-0.3623417615890503,8.170556549430732,161.66437512411048,-0.9960956903559358,5.670623638557053,180.78275357492672
33.08000000000199,0.01,125.0,-0.36475837230682373,8.166933131814842,161.74608068960478,-0.9982391171545373,5.660662681653496,180.83945981131228
33.090000000001986,0.01,125.0,-0.3671685457229614,8.163285548091775,161.8277500209229,-1.0003727904320217,5.650680290481953,180.8960664381288
33.100000000001984,0.01,125.0,-0.3695719242095947,8.159613862634545,161.9093828764038,-1.0024966891298943,5.640676562577634,180.9525732410336
33.11000000000198,0.01,125.0,-0.3719683885574341,8.15591814339245,161.99097901503015,-1.0046107922861323,5.630651595686337,181.00898000665936
33.12000000000198,0.01,125.0,-0.3743579387664795,8.152198459506875,162.07253819646405,-1.0067150790353898,5.620605487763478,181.06528652261622
33.13000000000198,0.01,125.0,-0.37674057483673096,8.148454880119212,162.1540601810591,-1.008809528609209,5.610538336973126,181.12149257749385
33.140000000001976,0.01,125.0,-0.3791162967681885,8.144687474370846,162.23554472986027,-1.010894120336216,5.600450241687036,181.17759796086358
33.150000000001974,0.01,125.0,-0.3814852237701416,8.140896311403164,162.31699160460397,-1.0129688336423328,5.590341300483676,181.23360246328045
33.16000000000197,0.01,125.0,-0.3838467597961426,8.137081459165463,162.398400567718,-1.0150336480509765,5.580211612147254,181.28950587628526
33.17000000000197,0.01,125.0,-0.3862011432647705,8.133242991567503,162.47977138230965,-1.0170885431832613,5.570061275666746,181.34530799240673
33.18000000000197,0.01,125.0,-0.3885486125946045,8.129380980134856,162.5611038122253,-1.0191334987582041,5.559890390234916,181.40100860516338
33.190000000001966,0.01,125.0,-0.39088964462280273,8.125495494008911,162.64239762202664,-1.0211684945929178,5.549699055247336,181.45660750906572
33.200000000001964,0.01,125.0,-0.3932231664657593,8.121586597562684,162.7236525769667,-1.0231935106028152,5.5394873703014085,181.51210449961818
33.21000000000196,0.01,125.0,-0.39554929733276367,8.117654365898028,162.80486844294234,-1.0252085268018043,5.529255435195382,181.56749937332117
33.22000000000196,0.01,125.0,-0.3978677988052368,8.1136988729247,162.8860449866013,-1.0272135233024915,5.519003349927366,181.62279192767312
33.23000000000196,0.01,125.0,-0.40018022060394287,8.10972019493665,162.96718197533053,-1.0292084803163695,5.508731214694343,181.67798196117238
33.240000000001956,0.01,125.0,-0.402484655380249,8.10571839273061,163.04827917727988,-1.0311933781540177,5.498439129891182,181.7330692733193
33.250000000001954,0.01,125.0,-0.40478241443634033,8.101693546176808,163.12933636120718,-1.0331681972252948,5.488127196109644,181.7880536646182
33.26000000000195,0.01,125.0,-0.4070723056793213,8.097645722032444,163.21035329666893,-1.0351329180395363,5.477795514137393,181.84293493657927
33.27000000000195,0.01,125.0,-0.40935516357421875,8.093574998975653,163.29132975388924,-1.0370875212057395,5.4674441849569995,181.89771289172063
33.28000000000195,0.01,125.0,-0.4116307497024536,8.089481447339912,163.372265503879,-1.0390319874327607,5.457073309744944,181.9523873335702
33.290000000001946,0.01,125.0,-0.41389942169189453,8.085365139842889,163.4531603183524,-1.0409662975295018,5.446682989870618,182.00695806666764
33.300000000001944,0.01,125.0,-0.4161609411239624,8.08122614562597,163.5340139697508,-1.042890432405105,5.436273326895326,182.06142489656634
33.31000000000194,0.01,125.0,-0.4184143543243408,8.077064536214731,163.61482623120702,-1.0448043730691352,5.425844422571277,182.11578762983527
33.32000000000194,0.01,125.0,-0.4206608533859253,8.07288039267149,163.69559687656914,-1.0467081006317709,5.415396378840588,182.17004607406096
33.33000000000194,0.01,125.0,-0.4228999614715576,8.068673784137632,163.77632568049583,-1.048601596303988,5.404929297834272,182.22420003784936
33.340000000001936,0.01,125.0,-0.4251316785812378,8.064444784522918,163.85701241833718,-1.0504848413977512,5.394443281871234,182.2782493308277
33.350000000001934,0.01,125.0,-0.4273555278778076,8.060193467737106,163.93765686618238,-1.0523578173261905,5.383938433457258,182.3321937636464
33.36000000000193,0.01,125.0,-0.42957162857055664,8.055919912458329,164.01825880085974,-1.0542205056037897,5.373414855283999,182.38603314798095
33.37000000000193,0.01,125.0,-0.43178117275238037,8.051624196172623,164.0988179999843,-1.0560728878465664,5.3628726502279624,182.43976729653377
33.38000000000193,0.01,125.0,-0.43398237228393555,8.0473063844451,164.179334241946,-1.0579149457722579,5.352311921349499,182.49339602303604
33.390000000001926,0.01,125.0,-0.4361765384674072,8.042966560722261,164.25980730579045,-1.0597466612004949,5.341732771891778,182.54691914224952
33.400000000001924,0.01,125.0,-0.4383631944656372,8.038604795337589,164.34023697139764,-1.061568016052986,5.331135305279775,182.60033646996843
33.41000000000192,0.01,125.0,-0.44054198265075684,8.034221163392933,164.420623019351,-1.0633789923536925,5.320519625119248,182.6536478230212
33.42000000000192,0.01,125.0,-0.44271373748779297,8.029815743566427,164.50096523098492,-1.0651795722290116,5.309885835195713,182.7068530192724
33.43000000000192,0.01,125.0,-0.4448775053024292,8.02538860619155,164.58126338842055,-1.0669697379079464,5.299234039473425,182.75995187762433
33.440000000001916,0.01,125.0,-0.44703352451324463,8.020939831138527,164.66151727448246,-1.068749471722284,5.288564342094348,182.81294421801906
33.450000000001914,0.01,125.0,-0.4491816759109497,8.016469495893396,164.74172667279385,-1.070518756106769,5.277876847377127,182.86582986143998
33.46000000000191,0.01,125.0,-0.45132267475128174,8.011977679134288,164.82189136775276,-1.072277573599281,5.267171659816061,182.91860862991373
33.47000000000191,0.01,125.0,-0.4534555673599243,8.007464452386776,164.90201114454408,-1.0740259068410005,5.25644888408007,182.9712803465119
33.48000000000191,0.01,125.0,-0.45558083057403564,8.002929896713177,164.98208578906792,-1.075763738576584,5.2457086250116625,183.0238448353527
33.490000000001906,0.01,125.0,-0.4576979875564575,7.998374088407437,165.06211508803503,-1.077491051654334,5.234950987625899,183.0763019216028
33.500000000001904,0.01,125.0,-0.4598078727722168,7.993797108531873,165.14209882891907,-1.0792078290263667,5.224176077109358,183.12865143147906
33.5100000000019,0.01,125.0,-0.4619102478027344,7.989199029804152,165.2220368000044,-1.0809140537487847,5.213383998819096,183.18089319225015
33.5200000000019,0.01,125.0,-0.4640042781829834,7.984579927326126,165.3019287903024,-1.0826097089818376,5.2025748582816105,183.23302703223834
33.5300000000019,0.01,125.0,-0.4660905599594116,7.979939884544297,165.38177458957566,-1.084294777990093,5.1917487611917945,183.28505278082113
33.540000000001896,0.01,125.0,-0.4681692123413086,7.975278978944704,165.4615739884211,-1.085969244142599,5.180905813411896,183.33697026843305
33.550000000001894,0.01,125.0,-0.4702392816543579,7.970597286821292,165.54132677821053,-1.0876330909130527,5.170046120970472,183.38877932656715
33.56000000000189,0.01,125.0,-0.47230231761932373,7.965894894004749,165.62103275107873,-1.089286301879957,5.159169790061344,183.44047978777684
33.57000000000189,0.01,125.0,-0.47435712814331055,7.961171870828557,165.70069170001875,-1.0909288607267873,5.148276927042547,183.49207148567743
33.58000000000189,0.01,125.0,-0.4764043092727661,7.956428299547125,165.78030341872702,-1.09256075124215,5.137367638435281,183.54355425494785
33.590000000001886,0.01,125.0,-0.4784430265426636,7.951664256454398,165.85986770172246,-1.0941819573199463,5.1264420309228615,183.5949279313322
33.600000000001884,0.01,125.0,-0.48047399520874023,7.946879826188972,165.939384344287,-1.0957924629595257,5.115500211349664,183.64619235164142
33.61000000000188,0.01,125.0,-0.4824965000152588,7.942075086236886,166.01885314254886,-1.097392252265848,5.104542286720071,183.6973473537549
33.62000000000188,0.01,125.0,-0.4845116138458252,7.937250121236734,166.0982738934112,-1.0989813094496377,5.093568364197415,183.7483927766221
33.63000000000188,0.01,125.0,-0.4865180253982544,7.932405005098277,166.17764639462357,-1.1005596188275433,5.0825785511029204,183.79932846026406
33.640000000001876,0.01,125.0,-0.48851680755615234,7.927539824844295,166.25697044467452,-1.102127164822288,5.0715729549146475,183.8501542457751
33.650000000001874,0.01,125.0,-0.49050748348236084,7.922654656768735,166.33624584292295,-1.103683931962825,5.060551683266427,183.9008699753242
33.66000000000187,0.01,125.0,-0.4924905300140381,7.917749581933912,166.41547238949062,-1.1052299048844911,5.049514843946801,183.95147549215687
33.67000000000187,0.01,125.0,-0.4944643974304199,7.912824676633773,166.49464988530994,-1.1067650683291592,5.038462544897958,184.00197064059634
33.68000000000187,0.01,125.0,-0.4964308738708496,7.907880032659469,166.57377813207626,-1.1082894071453846,5.027394894214669,184.0523552660453
33.69000000000187,0.01,125.0,-0.49838924407958984,7.902915723920762,166.65285693240284,-1.109802906288559,5.016312000143217,184.10262921498745
33.700000000001864,0.01,125.0,-0.5003390312194824,7.8979318314799665,166.73188608964205,-1.1113055508210559,5.005213971080334,184.15279233498887
33.71000000000186,0.01,125.0,-0.5022814273834229,7.892928441167773,166.81086540795684,-1.112797325912382,4.994100915572125,184.20284447469967
33.72000000000186,0.01,125.0,-0.5042142868041992,7.887905626893939,166.8897946923685,-1.1142782168393188,4.982972942313004,184.25278548385538
33.73000000000186,0.01,125.0,-0.5061395168304443,7.882863484025898,166.96867374863743,-1.1157482089860704,4.971830160144613,184.3026152132785
33.74000000000186,0.01,125.0,-0.5080567598342896,7.877802088857594,167.04750238347768,-1.117207287844407,4.960672678054754,184.35233351487994
33.750000000001855,0.01,125.0,-0.5099653005599976,7.872721521259252,167.12628040436624,-1.1186554390138113,4.949500605176312,184.40194024166047
33.76000000000185,0.01,125.0,-0.5118658542633057,7.867621868253653,167.20500761957882,-1.1200926482016147,4.938314050786176,184.45143524771223
33.77000000000185,0.01,125.0,-0.5137584209442139,7.86250320971102,167.28368383826134,-1.1215189012231428,4.927113124304162,184.50081838822007
33.78000000000185,0.01,125.0,-0.5156416893005371,7.857365625501579,167.36230887035845,-1.1229341840018543,4.915897935291933,184.5500895194631
33.79000000000185,0.01,125.0,-0.5175175666809082,7.852209208608575,167.44088252661345,-1.1243384825694787,4.904668593451917,184.59924849881602
33.800000000001845,0.01,125.0,-0.5193848609924316,7.847034032941767,167.51940461869953,-1.1257317830661573,4.893425208626224,184.64829518475054
33.81000000000184,0.01,125.0,-0.5212432146072388,7.841840184331844,167.59787495902893,-1.1271140717405765,4.882167890795565,184.69722943683678
33.82000000000184,0.01,125.0,-0.5230937004089355,7.836627752185773,167.67629336087222,-1.1284853349501047,4.8708967500781615,184.74605111574473
33.83000000000184,0.01,125.0,-0.5249358415603638,7.831396815181685,167.75465963839406,-1.1298455591609269,4.859611896728663,184.7947600832455
33.84000000000184,0.01,125.0,-0.5267691612243652,7.826147456766082,167.83297360654586,-1.131194730948181,4.848313441137056,184.8433562022128
33.850000000001835,0.01,125.0,-0.5285940170288086,7.820879765153839,167.91123508111352,-1.1325328369960852,4.837001493827576,184.89183933662414
33.86000000000183,0.01,125.0,-0.5304101705551147,7.8155938249835515,167.98944387876503,-1.133859864098073,4.825676165457617,184.9402093515624
33.87000000000183,0.01,125.0,-0.5322180986404419,7.810289723278001,168.06759981701484,-1.1351757991569222,4.814337566816638,184.98846611321696
33.88000000000183,0.01,125.0,-0.5340179204940796,7.804967542291598,168.1457027142476,-1.1364806291848863,4.802985808825071,185.03660948888512
33.89000000000183,0.01,125.0,-0.535808801651001,7.799627363086658,168.2237523896705,-1.1377743413038188,4.791621002533224,185.08463934697335
33.900000000001825,0.01,125.0,-0.5375909805297852,7.794269275070149,168.30174866330134,-1.1390569227453036,4.780243259120189,185.13255555699868
33.91000000000182,0.01,125.0,-0.5393649339675903,7.788893365264852,168.37969135605204,-1.140328360850779,4.768852689892738,185.18035798958988
33.92000000000182,0.01,125.0,-0.5411300659179688,7.783499715925177,168.45758028970468,-1.1415886430716655,4.757449406284233,185.2280465164888
33.93000000000182,0.01,125.0,-0.5428867340087891,7.778088415265998,168.53541528686392,-1.1428377569694859,4.746033519853519,185.27562101055165
33.94000000000182,0.01,125.0,-0.5446348190307617,7.772659547925911,168.61319617101657,-1.1440756902159896,4.734605142283827,185.32308134575018
33.950000000001815,0.01,125.0,-0.5463742017745972,7.767213199735604,168.69092276649582,-1.1453024305932755,4.723164385381669,185.37042739717302
33.96000000000181,0.01,125.0,-0.5481048822402954,7.761749457717859,168.76859489849315,-1.1465179659939122,4.711711361075739,185.41765904102684
33.97000000000181,0.01,125.0,-0.5498266220092773,7.756268408895457,168.84621239307032,-1.1477222844210553,4.700246181415802,185.46477615463758
33.98000000000181,0.01,125.0,-0.5515397787094116,7.750770142675366,168.92377507715926,-1.1489153739885685,4.688768958571594,185.51177861645172
33.99000000000181,0.01,125.0,-0.5532445907592773,7.745254744888273,169.001282778586,-1.1500972229211381,4.677279804831711,185.55866630603742
34.000000000001805,0.01,125.0,-0.5549402236938477,7.7397222989806815,169.07873532603486,-1.1512678195543942,4.665778832602502,185.60543910408572
34.0100000000018,0.01,125.0,-0.5566273927688599,7.734172896743744,169.15613254902465,-1.1524271523350198,4.654266154406961,185.65209689241172
34.0200000000018,0.01,125.0,-0.5583055019378662,7.728606622816057,169.23347427799206,-1.1535752098208683,4.6427418828836124,185.6986395539558
34.0300000000018,0.01,125.0,-0.5599756240844727,7.723023567796679,169.3107603442202,-1.1547119806810753,4.631206130785406,185.7450669727846
34.0400000000018,0.01,125.0,-0.5616359710693359,7.717423811555836,169.38799057989814,-1.1558374536961724,4.619659010978598,185.79137903409244
34.050000000001795,0.01,125.0,-0.5632880926132202,7.711807451845144,169.46516481801368,-1.1569516177581949,4.608100636441638,185.83757562420223
34.06000000000179,0.01,125.0,-0.5649315118789673,7.706174570919012,169.5422828925321,-1.1580544618707933,4.596531120264059,185.88365663056663
34.07000000000179,0.01,125.0,-0.566565752029419,7.7005252558002235,169.6193446382413,-1.1591459751493407,4.584950575645353,185.92962194176926
34.08000000000179,0.01,125.0,-0.5681908130645752,7.694859598279931,169.6963498907993,-1.1602261468210429,4.573359115893862,185.9754714475257
34.09000000000179,0.01,125.0,-0.5698076486587524,7.689177690149286,169.77329848678207,-1.1612949662250411,4.561756854425654,186.02120503868463
34.100000000001785,0.01,125.0,-0.571414589881897,7.6834796136626995,169.85019026368354,-1.1623524228125193,4.550143904763406,186.0668226072289
34.11000000000178,0.01,125.0,-0.5730140209197998,7.677765467763882,169.92702505982015,-1.163398506146808,4.5385203805352825,186.1123240462765
34.12000000000178,0.01,125.0,-0.574603796005249,7.672035327554685,170.00380271449777,-1.164433205903486,4.5268863954738165,186.15770925008187
34.13000000000178,0.01,125.0,-0.5761840343475342,7.6662892895946335,170.0805230677733,-1.1654565118704858,4.515242063414784,186.2029781140366
34.14000000000178,0.01,125.0,-0.577756404876709,7.660527449251159,170.15718596066924,-1.1664684139481905,4.503587498296082,186.24813053467074
34.150000000001775,0.01,125.0,-0.5793190002441406,7.654749885202393,170.23379123516173,-1.1674689021495344,4.491922814156602,186.29316640965368
34.16000000000177,0.01,125.0,-0.5808730125427246,7.648956695199953,170.31033873401375,-1.1684579666001027,4.480248125135109,186.33808563779525
34.17000000000177,0.01,125.0,-0.5824177265167236,7.643147965074527,170.38682830096573,-1.1694355975382296,4.46856354546911,186.38288811904658
34.18000000000177,0.01,125.0,-0.5839536190032959,7.637323787809361,170.46325978061645,-1.1704017853150919,4.45686918949373,186.42757375450125
34.19000000000177,0.01,125.0,-0.585480809211731,7.631484251619329,170.53963301849453,-1.1713565203948062,4.445165171640582,186.4721424463962
34.200000000001765,0.01,125.0,-0.5869985818862915,7.625629443527213,170.6159478610107,-1.1722997933545225,4.433451606436636,186.5165940981126
34.21000000000176,0.01,125.0,-0.5885065793991089,7.619759457708351,170.69220415544598,-1.1732315948845182,4.421728608503093,186.56092861417696
34.22000000000176,0.01,125.0,-0.5900065898895264,7.613874391914361,170.76840175002306,-1.174151915788288,4.409996292554251,186.605145900262
34.23000000000176,0.01,125.0,-0.5914971828460693,7.6079743260154675,170.8445404939422,-1.1750607469826362,4.39825477339637,186.64924586318753
34.24000000000176,0.01,125.0,-0.5929785966873169,7.602059354187008,170.92062023720234,-1.175958079497765,4.386504165926546,186.69322841092148
34.250000000001755,0.01,125.0,-0.5944510698318481,7.596129568220136,170.99664083074418,-1.1768439044773662,4.3747445851315705,186.73709345258072
34.26000000000175,0.01,125.0,-0.5959142446517944,7.590185057521819,171.07260212642637,-1.177718213178704,4.362976146086799,186.78084089843202
34.27000000000175,0.01,125.0,-0.5973682403564453,7.584225915075303,171.14850397700158,-1.1785809969727048,4.351198963955015,186.82447065989288
34.28000000000175,0.01,125.0,-0.598812460899353,7.57825223267174,171.22434623615231,-1.1794322473440402,4.33941315398529,186.86798264953242
34.29000000000175,0.01,125.0,-0.6002485752105713,7.572264108062748,171.30012875847902,-1.1802719558912136,4.327618831511852,186.91137678107228
34.300000000001745,0.01,125.0,-0.6016751527786255,7.566261622310643,171.37585139955962,-1.1811001143266402,4.315816111952942,186.95465296938738
34.31000000000174,0.01,125.0,-0.6030921936035156,7.560244870782858,171.45151401578272,-1.1819167144767309,4.304005110809678,186.9978111305069
34.32000000000174,0.01,125.0,-0.6044998168945312,7.554213948846824,171.52711646449055,-1.182721748281971,4.292185943664913,187.04085118161498
34.33000000000174,0.01,125.0,-0.6058990955352783,7.54816895067788,171.602658603979,-1.183515207797003,4.2803587261820955,187.08377304105161
34.34000000000174,0.01,125.0,-0.6072884798049927,7.542109959722528,171.67814029348577,-1.1842970851907013,4.268523574104128,187.12657662831342
34.350000000001735,0.01,125.0,-0.6086686849594116,7.536037074924479,171.75356139308298,-1.1850673727462515,4.2566806032522235,187.16926186405445
34.36000000000173,0.01,125.0,-0.610039234161377,7.529950388074886,171.8289217638322,-1.1858260628612263,4.244829929524763,187.21182867008696
34.37000000000173,0.01,125.0,-0.6114010810852051,7.523849995733274,171.90422126771293,-1.1865731480476613,4.232971668896154,187.2542769693822
34.38000000000173,0.01,125.0,-0.6127533912658691,7.517735984922423,171.97945976767025,-1.1873086209321269,4.221105937415679,187.29660668607116
34.39000000000173,0.01,125.0,-0.6140965223312378,7.511608451009765,172.05463712751947,-1.1880324742558026,4.20923285120636,187.3388177454453
34.400000000001725,0.01,125.0,-0.6154298782348633,7.505467485786454,172.12975321202956,-1.1887447008745484,4.197352526463804,187.38091007395738
34.41000000000172,0.01,125.0,-0.616754412651062,7.499313187004106,172.2048078868874,-1.1894452937589746,4.18546507945506,187.42288359922202
34.42000000000172,0.01,125.0,-0.6180694103240967,7.493145642877597,172.27980101875744,-1.190134245994513,4.173570626517472,187.46473825001655
34.43000000000172,0.01,125.0,-0.6193747520446777,7.486964948774357,172.3547324751862,-1.1908115507814832,4.161669284057529,187.50647395628172
34.44000000000172,0.01,125.0,-0.6206709146499634,7.480771201253912,172.42960212467395,-1.1914772014351598,4.149761168549717,187.5480906491223
34.450000000001715,0.01,125.0,-0.6219571828842163,7.4745644921074135,172.50440983668648,-1.1921311913858397,4.137846396535368,187.58958826080777
34.46000000000171,0.01,125.0,-0.6232349872589111,7.4683449202785726,172.57915548160753,-1.1927735141789066,4.125925084621512,187.63096672477312
34.47000000000171,0.01,125.0,-0.6245025396347046,7.462112570405985,172.6538389308103,-1.1934041634748935,4.1139973494797255,187.6722259756193
34.48000000000171,0.01,125.0,-0.6257610321044922,7.455867545009639,172.72846005651436,-1.1940231330495465,4.102063307844979,187.7133659491141
34.49000000000171,0.01,125.0,-0.6270104646682739,7.449609934688595,172.80301873196444,-1.1946304167938855,4.090123076514486,187.75438658219252
34.500000000001705,0.01,125.0,-0.6282498836517334,7.443339830041913,172.87751483131132,-1.1952260087142657,4.078176772346549,187.79528781295767
34.5100000000017,0.01,125.0,-0.6294795274734497,7.437057331205398,172.95194822961173,-1.195809902932435,4.066224512259409,187.8360695806811
34.5200000000017,0.01,125.0,-0.6307001113891602,7.430762535930664,173.02631880292378,-1.1963820936855931,4.054266413230088,187.8767318258037
34.5300000000017,0.01,125.0,-0.6319115161895752,7.424455534816774,173.10062642828308,-1.1969425753264482,4.042302592293234,187.91727448993598
34.5400000000017,0.01,125.0,-0.6331123113632202,7.418136419654879,173.17487098363122,-1.1974913423232731,4.030333166539972,187.9576975158589
34.550000000001695,0.01,125.0,-0.6343045234680176,7.411805296541249,173.24905234782776,-1.198028389259959,4.018358253116741,187.9980008475243
34.56000000000169,0.01,125.0,-0.6354870796203613,7.405462251306569,173.32317040079315,-1.1985537108360695,4.006377969224144,188.03818443005548
34.57000000000169,0.01,125.0,-0.6366599798202515,7.399107380510367,173.3972250233062,-1.199067301866892,3.9943924321157858,188.07824820974773
34.58000000000169,0.01,125.0,-0.6378233432769775,7.392740780712166,173.47121609711127,-1.1995691572834914,3.9824017590971192,188.11819213406886
34.59000000000169,0.01,125.0,-0.6389768123626709,7.386362547279397,173.54514350491837,-1.2000592721327572,3.9704060675242867,188.15801615165984
34.600000000001685,0.01,125.0,-0.6401211023330688,7.379972779155771,173.61900713039114,-1.2005376415774531,3.9584054748029613,188.19772021233507
34.61000000000168,0.01,125.0,-0.6412554979324341,7.373571568132442,173.69280685818268,-1.2010042608962659,3.946400098387189,188.2373042670831
34.62000000000168,0.01,125.0,-0.6423803567886353,7.367159013153119,173.766542573864,-1.2014591254838518,3.9343900557782288,188.27676826806695
34.63000000000168,0.01,125.0,-0.6434961557388306,7.360735209585234,173.8402141639955,-1.2019022308508807,3.922375464523393,188.31611216862473
34.64000000000168,0.01,125.0,-0.644601583480835,7.3543002480278465,173.91382151609136,-1.2023335726240814,3.910356442214886,188.35533592326996
34.650000000001675,0.01,125.0,-0.6456975936889648,7.34785423219304,173.9873645185716,-1.2027531465462848,3.8983331064886477,188.3944394876921
34.66000000000167,0.01,125.0,-0.646783709526062,7.341397256256151,174.06084306089352,-1.2031609484764658,3.8863055750231874,188.43342281875698
34.67000000000167,0.01,125.0,-0.6478602886199951,7.334929419160892,174.13425703345607,-1.2035569743897838,3.8742739655384253,188.4722858745072
34.68000000000167,0.01,125.0,-0.6489273309707642,7.328450816274693,174.20760632764765,-1.2039412203776234,3.8622383957945297,188.5110286141626
34.69000000000167,0.01,125.0,-0.6499848365783691,7.321961542964987,174.2808908358104,-1.204313682647631,3.8501989835907557,188.54965099812054
34.700000000001666,0.01,125.0,-0.651032567024231,7.315461694599204,174.35411045124002,-1.204674357523755,3.838155846764282,188.58815298795645
34.71000000000166,0.01,125.0,-0.6520706415176392,7.3089513689289625,174.427265068186,-1.2050232414462798,3.826109103189047,188.6265345464241
34.72000000000166,0.01,125.0,-0.653098464012146,7.302430662513787,174.50035458187526,-1.205360330971862,3.8140588707745864,188.66479563745597
34.73000000000166,0.01,125.0,-0.654117226600647,7.295899677873667,174.57337888850037,-1.205685622773564,3.80200526746487,188.7029362261637
34.74000000000166,0.01,125.0,-0.6551257371902466,7.2893585056076615,174.64633788527908,-1.2059991136408867,3.7899484112371367,188.74095627883835
34.750000000001656,0.01,125.0,-0.6561249494552612,7.28280724823576,174.71923147033513,-1.2063008004798024,3.77788842010073,188.7788557629507
34.760000000001654,0.01,125.0,-0.6571139097213745,7.276245998741208,174.79205954281747,-1.2065906803127835,3.7658254120959347,188.81663464715172
34.77000000000165,0.01,125.0,-0.6580934524536133,7.269674859643996,174.86482200280486,-1.2068687502788333,3.7537595052928094,188.85429290127266
34.78000000000165,0.01,125.0,-0.6590631008148193,7.2630939251194615,174.93751875140129,-1.2071350076335132,3.7416908177900234,188.89183049632558
34.79000000000165,0.01,125.0,-0.6600230932235718,7.256503294111314,175.01014969065247,-1.2073894497489706,3.729619467713691,188.92924740450349
34.800000000001646,0.01,125.0,-0.6609731912612915,7.2499030631790795,175.08271472359357,-1.2076320741139648,3.7175455732162037,188.96654359918062
34.810000000001644,0.01,125.0,-0.6619135141372681,7.243293331266468,175.15521375422534,-1.207862878333891,3.7054692524750665,189.00371905491278
34.82000000000164,0.01,125.0,-0.6628434658050537,7.236674196125096,175.227646687538,-1.208081860130805,3.69339062369173,189.04077374743753
34.83000000000164,0.01,125.0,-0.6637645959854126,7.230045761467047,175.30001342949924,-1.2082890173434446,3.6813098050904247,189.07770765367442
34.84000000000164,0.01,125.0,-0.6646748781204224,7.223408115507194,175.3723138871139,-1.208484347927252,3.6692269149169925,189.1145207517253
34.850000000001636,0.01,125.0,-0.6655762195587158,7.216761366725991,175.44454796826895,-1.208667849954393,3.6571420714377223,189.15121302087448
34.860000000001634,0.01,125.0,-0.6664669513702393,7.210105604530405,175.51671558193618,-1.2088395216137766,3.645055392938181,189.18778444158886
34.87000000000163,0.01,125.0,-0.66734778881073,7.203440935016704,175.58881663798147,-1.2089993612110732,3.6329669977220456,189.22423499551823
34.88000000000163,0.01,125.0,-0.6682199239730835,7.196767457128598,175.66085104733162,-1.2091473671687303,3.6208770041099374,189.26056466549545
34.89000000000163,0.01,125.0,-0.6690809726715088,7.190085257888868,175.7328187219029,-1.2092835380259885,3.6087855304382526,189.29677343553655
34.900000000001626,0.01,125.0,-0.6699326038360596,7.183394448162154,175.80471957448177,-1.209407872438897,3.596692695057995,189.33286129084092
34.910000000001624,0.01,125.0,-0.6707743406295776,7.176695122123795,175.87655351896336,-1.2095203691803251,3.5845986163336088,189.3688282177915
34.92000000000162,0.01,125.0,-0.6716057062149048,7.169987378717501,175.9483204701846,-1.2096210271399754,3.572503412641808,189.40467420395484
34.93000000000162,0.01,125.0,-0.6724274158477783,7.163271321655353,176.02002034397177,-1.2097098453243942,3.5604072023704108,189.44039923808126
34.94000000000162,0.01,125.0,-0.6732397079467773,7.156547047496876,176.0916530571883,-1.2097868228569821,3.5483101039171694,189.47600331010494
34.950000000001616,0.01,125.0,-0.6740413904190063,7.14981465041741,176.16321852766325,-1.2098519589780024,3.536212235688602,189.51148641114412
34.960000000001614,0.01,125.0,-0.6748335361480713,7.143074236513221,176.2347166741674,-1.2099052530445868,3.524113716098824,189.546848533501
34.97000000000161,0.01,125.0,-0.6756154298782349,7.136325901151742,176.30614741653253,-1.2099467045307455,3.5120146635683804,189.582089670662
34.98000000000161,0.01,125.0,-0.6763874292373657,7.129569746852961,176.37751067554402,-1.2099763130273684,3.4999151965230753,189.61720981729766
34.99000000000161,0.01,125.0,-0.677149772644043,7.122805872560589,176.44880637301253,-1.2099940782422316,3.487815433392804,189.6522089692629
35.000000000001606,0.01,125.0,-0.677902102470398,7.1160343748341495,176.5200344317381,-1.21,3.475715492610384,189.6870871235968
35.010000000001604,0.01,125.0,-0.678644061088562,7.109255353809447,176.59119477548643,-1.2099940782422278,3.4636154926103866,189.7218442785229
35.0200000000016,0.01,125.0,-0.6793760061264038,7.102468913198562,176.6622873290245,-1.2099763130273609,3.4515155518279665,189.75648043344898
35.0300000000016,0.01,125.0,-0.6800984144210815,7.095675153137299,176.73331201815648,-1.209946704530734,3.4394157886976955,189.79099558896726
35.0400000000016,0.01,125.0,-0.6808103322982788,7.088874168993089,176.80426876968784,-1.2099052530445717,3.4273163216523908,189.82538974685423
35.050000000001596,0.01,125.0,-0.681512713432312,7.082066065670108,176.87515751137775,-1.2098519589779833,3.4152172691219476,189.85966291007074
35.060000000001594,0.01,125.0,-0.6822048425674438,7.075250938535786,176.94597817203444,-1.2097868228569595,3.40311874953217,189.89381508276196
35.07000000000159,0.01,125.0,-0.6828871965408325,7.068428890110113,177.0167306814198,-1.2097098453243675,3.391020881303603,189.92784627025728
35.08000000000159,0.01,125.0,-0.6835595369338989,7.061600018144706,177.08741497032088,-1.2096210271399448,3.3789237828503618,189.96175647907032
35.09000000000159,0.01,125.0,-0.6842210292816162,7.054764422775368,177.15803097050232,-1.209520369180291,3.366827572578965,189.99554571689882
35.100000000001586,0.01,125.0,-0.684873104095459,7.047922212482553,177.22857861473005,-1.209407872438859,3.3547323688871646,190.0292139926246
35.110000000001584,0.01,125.0,-0.6855149269104004,7.0410734814416,177.29905783685487,-1.2092835380259468,3.3426382901627782,190.06276131631347
35.12000000000158,0.01,125.0,-0.6861472129821777,7.034218332172498,177.36946857166927,-1.2091473671686845,3.3305454547825213,190.09618769921508
35.13000000000158,0.01,125.0,-0.6867685317993164,7.027356860042677,177.439810754991,-1.208999361211024,3.318453981110837,190.1294931537629
35.14000000000158,0.01,125.0,-0.6873805522918701,7.020489174724686,177.5100843235914,-1.2088395216137235,3.306363987498729,190.16267769357398
35.150000000001576,0.01,125.0,-0.6879825592041016,7.013615369201768,177.58028921533864,-1.208667849954336,3.2942755922825944,190.19574133344895
35.160000000001574,0.01,125.0,-0.6885740756988525,7.006735543609729,177.65042536903064,-1.2084843479271912,3.2821889137830533,190.22868408937177
35.17000000000157,0.01,125.0,-0.6891553401947021,6.999849802852742,177.72049272446674,-1.20828901734338,3.270104070303784,190.2615059785096
35.18000000000157,0.01,125.0,-0.6897270679473877,6.992958249450796,177.79049122249526,-1.2080818601307366,3.2580211801303527,190.29420701921262
35.19000000000157,0.01,125.0,-0.6902883052825928,6.986060978771324,177.86042080498976,-1.207862878333819,3.2459403615290476,190.32678723101392
35.200000000001566,0.01,125.0,-0.6908395290374756,6.979158095718499,177.93028141477745,-1.2076320741138888,3.2338617327457118,190.35924663462922
35.210000000001564,0.01,125.0,-0.691380500793457,6.972249700428126,178.00007299573463,-1.2073894497488908,3.2217854120045755,190.39158525195666
35.22000000000156,0.01,125.0,-0.6919116973876953,6.965335895420193,178.0697954927389,-1.2071350076334295,3.209711517507089,190.4238031060767
35.23000000000156,0.01,125.0,-0.6924326419830322,6.958416778446317,178.1394488516931,-1.206868750278746,3.197640167430757,190.45590022125177
35.24000000000156,0.01,125.0,-0.6929433345794678,6.951492452026488,178.20903301947754,-1.2065906803126925,3.185571479927972,190.48787662292608
35.250000000001556,0.01,125.0,-0.6934444904327393,6.944563018680695,178.2785479439978,-1.2063008004797076,3.1735055731248476,190.51973233772534
35.260000000001554,0.01,125.0,-0.693934440612793,6.937628573776369,178.3479935741846,-1.205999113640788,3.161442565120053,190.5514673934566
35.27000000000155,0.01,125.0,-0.6944146156311035,6.930689229370242,178.41736985992236,-1.2056856227734614,3.1493825739836474,190.58308181910778
35.28000000000155,0.01,125.0,-0.6948847770690918,6.923745083213932,178.48667675221606,-1.2053603309717558,3.1373257177559153,190.6145756448476
35.29000000000155,0.01,125.0,-0.6953446865081787,6.916796235443242,178.5559142030482,-1.2050232414461697,3.1252721144462003,190.64594890202517
35.300000000001546,0.01,125.0,-0.6957948207855225,6.909842788578162,178.6250821654026,-1.2046743575236412,3.113221882031741,190.67720162316962
35.310000000001544,0.01,125.0,-0.6962347030639648,6.902884840370309,178.69418059328837,-1.2043136826475134,3.101175138456507,190.70833384198994
35.32000000000154,0.01,125.0,-0.696664571762085,6.89592249333967,178.76320944169206,-1.203941220377502,3.0891320016300345,190.7393455933745
35.33000000000154,0.01,125.0,-0.6970834732055664,6.888955847622051,178.83216866662545,-1.2035569743896588,3.077092589426262,190.7702369133908
35.34000000000154,0.01,125.0,-0.6974928379058838,6.881985012889997,178.90105822510165,-1.2031609484763368,3.0650570196823677,190.80100783928503
35.350000000001536,0.01,125.0,-0.6978917121887207,6.875010084510939,178.96987807523053,-1.2027531465461518,3.053025410197607,190.83165840948186
35.360000000001534,0.01,125.0,-0.6982800960540771,6.868031167389053,179.03862817607563,-1.2023335726239448,3.040997878732148,190.86218866358382
35.37000000000153,0.01,125.0,-0.6986591815948486,6.861048366428514,179.10730848774952,-1.2019022308507403,3.0289745430059107,190.89259864237113
35.38000000000153,0.01,125.0,-0.6990277767181396,6.854061774612567,179.17591897141378,-1.2014591254837077,3.016955520697406,190.92288838780118
35.39000000000153,0.01,125.0,-0.6993861198425293,6.847071496845387,179.2444595891599,-1.201004260896118,3.0049409294425713,190.95305794300816
35.400000000001526,0.01,125.0,-0.6997337341308594,6.840077635646963,179.31293030412834,-1.2005376415773013,2.9929308868336126,190.98310735230257
35.410000000001524,0.01,125.0,-0.7000718116760254,6.8330802983056556,179.3813310804848,-1.2000592721326016,2.980925510417842,191.0130366611709
35.42000000000152,0.01,125.0,-0.7003998756408691,6.826079580188897,179.44966188346785,-1.1995691572833322,2.9689249176965182,191.04284591627507
35.43000000000152,0.01,125.0,-0.7007169723510742,6.8190755814324895,179.51792267926973,-1.1990673018667293,2.9569292261236875,191.07253516545202
35.44000000000152,0.01,125.0,-0.7010242938995361,6.81206841170898,179.58611343508403,-1.1985537108359028,2.9449385531050227,191.10210445771327
35.450000000001516,0.01,125.0,-0.7013211250305176,6.805058168769986,179.6542341192011,-1.1980283892597887,2.932953015996666,191.13155384324432
35.460000000001514,0.01,125.0,-0.7016079425811768,6.798044957519682,179.7222847008888,-1.197491342323099,2.9209727321040706,191.1608833734043
35.47000000000151,0.01,125.0,-0.7018845081329346,6.791028878093872,179.79026515046397,-1.1969425753262701,2.908997818680842,191.19009310072533
35.48000000000151,0.01,125.0,-0.7021512985229492,6.784010033012544,179.8581754392449,-1.1963820936854115,2.8970283929275817,191.21918307891212
35.49000000000151,0.01,125.0,-0.7024073600769043,6.776988520027316,179.926015539575,-1.1958099029322495,2.88506457199073,191.2481533628414
35.500000000001506,0.01,125.0,-0.702653169631958,6.769964446426548,179.99378542477524,-1.1952260087140765,2.87310647296141,191.2770040085613
35.510000000001504,0.01,125.0,-0.7028887271881104,6.76293791473023,180.0614850692395,-1.1946304167936925,2.8611542128742715,191.30573507329092
35.5200000000015,0.01,125.0,-0.7031145095825195,6.75590902745835,180.1291144483868,-1.1940231330493498,2.849207908706337,191.33434661541966
35.5300000000015,0.01,125.0,-0.7033295631408691,6.748877882362526,180.19667353866134,-1.193404163474693,2.837267677375846,191.3628386945067
35.5400000000015,0.01,125.0,-0.7035346031188965,6.741844586731119,180.26416231748496,-1.1927735141787021,2.825333635741101,191.39121137128046
35.550000000001496,0.01,125.0,-0.7037296295166016,6.734809240699931,180.33158076335226,-1.1921311913856316,2.8134059005993164,191.41946470763787
35.560000000001494,0.01,125.0,-0.7039139270782471,6.727771944404767,180.39892885575924,-1.191477201434948,2.8014845886854625,191.44759876664386
35.57000000000149,0.01,125.0,-0.7040877342224121,6.720732805133985,180.46620657520327,-1.1908115507812678,2.7895698166711154,191.4756136125307
35.58000000000149,0.01,125.0,-0.7042520046234131,6.713691927791762,180.5334139032546,-1.1901342459942938,2.777661701163305,191.5035093106974
35.59000000000149,0.01,125.0,-0.7044057846069336,6.706649407745529,180.6005508225325,-1.1894452937587516,2.765760358703364,191.53128592770904
35.60000000000149,0.01,125.0,-0.7045495510101318,6.699605349899461,180.66761731660995,-1.1887447008743217,2.753865905765779,191.55894353129605
35.610000000001484,0.01,125.0,-0.7046825885772705,6.692559854389361,180.73461337010892,-1.1880324742555721,2.741978458757038,191.5864821903537
35.62000000000148,0.01,125.0,-0.7048056125640869,6.68551302850359,180.8015389686528,-1.1873086209318928,2.7300981340144848,191.61390197494129
35.63000000000148,0.01,125.0,-0.704918384552002,6.678464972377951,180.86839409893784,-1.1865731480474235,2.718225047805168,191.64120295628143
35.64000000000148,0.01,125.0,-0.7050209045410156,6.671415788532432,180.9351787486616,-1.185826062860985,2.706359316324696,191.66838520675947
35.65000000000148,0.01,125.0,-0.705113410949707,6.664365579487023,181.0018929065469,-1.1850673727460064,2.694501055696089,191.6954487999227
35.660000000001475,0.01,125.0,-0.7051951885223389,6.657314445377527,181.06853656234176,-1.1842970851904522,2.682650381968631,191.72239381047964
35.67000000000147,0.01,125.0,-0.7052667140960693,6.650262493492305,181.13510970679553,-1.1835152077967501,2.670807411116729,191.74922031429932
35.68000000000147,0.01,125.0,-0.7053282260894775,6.643209826351346,181.20161233173044,-1.1827217482817145,2.658972259038764,191.77592838841048
35.69000000000147,0.01,125.0,-0.7053797245025635,6.636156544090452,181.26804442999395,-1.1819167144764706,2.6471450415559494,191.80251811100086
35.70000000000147,0.01,125.0,-0.7054204940795898,6.629102746845428,181.33440599543485,-1.1811001143263764,2.635325874411187,191.82898956141642
35.710000000001465,0.01,125.0,-0.7054510116577148,6.6220485419046335,181.4006970229033,-1.180271955890946,2.6235148732679257,191.85534282016053
35.72000000000146,0.01,125.0,-0.7054715156555176,6.614994031788058,181.46691750832233,-1.1794322473437688,2.6117121537090187,191.8815779688932
35.73000000000146,0.01,125.0,-0.705481767654419,6.607939316631504,181.5330674486402,-1.1785809969724297,2.5999178312355835,191.90769509043028
35.74000000000146,0.01,125.0,-0.7054815292358398,6.6008844989549615,181.5991468418065,-1.1777182131784254,2.5881320212658614,191.93369426874264
35.75000000000146,0.01,125.0,-0.7054710388183594,6.593829683662604,181.66515568679603,-1.1768439044770838,2.5763548391340794,191.9595755889553
35.760000000001455,0.01,125.0,-0.7054507732391357,6.586774973274422,181.73109398363263,-1.1759580794974789,2.564586400089311,191.9853391373466
35.77000000000145,0.01,125.0,-0.7054197788238525,6.5797204655420325,181.79696173336535,-1.1750607469823464,2.552826819294338,192.0109850013475
35.78000000000145,0.01,125.0,-0.7053787708282471,6.572666267753795,181.86275893802076,-1.1741519157879945,2.541076211824517,192.03651326954045
35.79000000000145,0.01,125.0,-0.705327033996582,6.565612480045514,181.92848560069828,-1.1732315948842211,2.529334692666639,192.0619240316587
35.80000000000145,0.01,125.0,-0.705265998840332,6.55855920970555,181.99414172549874,-1.1722997933542216,2.5176023767177993,192.08721737858536
35.810000000001445,0.01,125.0,-0.7051935195922852,6.551506549717148,182.0597273175958,-1.1713565203945018,2.5058793787842593,192.11239340235252
35.82000000000144,0.01,125.0,-0.7051112651824951,6.544454614521227,182.12524238309294,-1.1704017853147837,2.4941658135803166,192.13745219614037
35.83000000000144,0.01,125.0,-0.7050192356109619,6.537403501869403,182.19068692923813,-1.1694355975379176,2.482461795727171,192.16239385427616
35.84000000000144,0.01,125.0,-0.70491623878479,6.530353309513295,182.25606096425682,-1.1684579665997872,2.470767439751794,192.18721847223344
35.85000000000144,0.01,125.0,-0.704803466796875,6.523304147125448,182.32136449735194,-1.167468902149215,2.4590828600857986,192.21192614663096
35.860000000001435,0.01,125.0,-0.7046802043914795,6.516256112457481,182.38659753882317,-1.1664684139478674,2.4474081710643087,192.2365169752318
35.87000000000143,0.01,125.0,-0.7045471668243408,6.509209310413567,182.45176009994773,-1.1654565118701594,2.4357434869248324,192.26099105694246
35.88000000000143,0.01,125.0,-0.7044031620025635,6.502163838745325,182.51685219305185,-1.1644332059031557,2.424088921806133,192.2853484918117
35.89000000000143,0.01,125.0,-0.7042489051818848,6.495119807125301,182.58187383143928,-1.163398506146474,2.412444589747104,192.30958938102975
35.90000000000143,0.01,125.0,-0.7040848731994629,6.488077318073484,182.64682502951052,-1.162352422812182,2.4008106046856414,192.3337138269272
35.910000000001425,0.01,125.0,-0.7039105892181396,6.481036469341491,182.71170580269126,-1.1612949662247,2.389187080457522,192.35772193297407
35.92000000000142,0.01,125.0,-0.7037253379821777,6.47399736344931,182.77651616738467,-1.1602261468206982,2.3775741307952774,192.38161380377863
35.93000000000142,0.01,125.0,-0.7035307884216309,6.46696011006949,182.84125614101916,-1.1591459751489923,2.3659718693270726,192.4053895450866
35.94000000000142,0.01,125.0,-0.7033252716064453,6.459924802185275,182.90592574211985,-1.1580544618704411,2.354380409575585,192.42904926377986
35.95000000000142,0.01,125.0,-0.7031099796295166,6.452891549469212,182.97052499014168,-1.1569516177578392,2.342799864956883,192.4525930678756
35.960000000001415,0.01,125.0,-0.7028844356536865,6.445860449672918,183.03505390563637,-1.1558374536958131,2.331230348779307,192.47602106652516
35.97000000000141,0.01,125.0,-0.7026481628417969,6.438831605316382,183.09951251013308,-1.1547119806807122,2.3196719742423513,192.49933337001295
35.98000000000141,0.01,125.0,-0.7024028301239014,6.431805123687965,183.16390082618622,-1.1535752098205017,2.3081248544355466,192.52253008975538
35.99000000000141,0.01,125.0,-0.7021458148956299,6.424781095386728,183.22821887742307,-1.1524271523346494,2.296589102337344,192.54561133829972
36.00000000000141,0.01,125.0,-0.7018795013427734,6.417759637237773,183.29246668837692,-1.1512678195540202,2.2850648308139996,192.5685772293231
36.010000000001405,0.01,125.0,-0.7016024589538574,6.410740842224347,183.35664428474928,-1.1500972229207607,2.273552152618462,192.59142787763122
36.0200000000014,0.01,125.0,-0.7013154029846191,6.40372481763481,183.4207516931715,-1.1489153739881872,2.2620511803892565,192.6141633991574
36.0300000000014,0.01,125.0,-0.7010180950164795,6.3967116636049655,183.48478894134783,-1.1477222844206707,2.250562026649377,192.6367839109613
36.0400000000014,0.01,125.0,-0.7007107734680176,6.389701482654802,183.54875605798387,-1.1465179659935238,2.2390848038051723,192.65928953122778
36.0500000000014,0.01,125.0,-0.7003931999206543,6.382694374920123,183.6126530728104,-1.1453024305928836,2.2276196241452393,192.68168037926583
36.060000000001395,0.01,125.0,-0.7000646591186523,6.375690442920918,183.67648001655957,-1.1440756902155942,2.2161665998393127,192.70395657550728
36.07000000000139,0.01,125.0,-0.6997272968292236,6.3686897963297335,183.74023692098876,-1.1428377569690866,2.204725842937159,192.72611824150567
36.08000000000139,0.01,125.0,-0.699378490447998,6.361692523361443,183.80392381895206,-1.141588643071263,2.1932974653674706,192.74816549993503
36.09000000000139,0.01,125.0,-0.6990199089050293,6.354698738456964,183.86754074418565,-1.1403283608503727,2.18188157893676,192.7700984745887
36.10000000000139,0.01,125.0,-0.6986513137817383,6.347708539367915,183.93108773157022,-1.139056922744894,2.1704782953282584,192.79191729037808
36.110000000001385,0.01,125.0,-0.6982724666595459,6.3407220262300985,183.99456481696387,-1.1377743413034054,2.159087726100812,192.81362207333135
36.12000000000138,0.01,125.0,-0.697883129119873,6.333739301563504,184.05797203722616,-1.1364806291844693,2.14770998268778,192.83521295059234
36.13000000000138,0.01,125.0,-0.6974833011627197,6.3267604702723075,184.12130943024178,-1.1351757991565017,2.1363451763959374,192.85669005041922
36.14000000000138,0.01,125.0,-0.6970744132995605,6.319785637260682,184.18457703494448,-1.133859864097649,2.1249934184043746,192.87805350218318
36.15000000000138,0.01,125.0,-0.6966545581817627,6.312814893127688,184.24777489131708,-1.1325328369956575,2.1136548197634,192.8993034363672
36.160000000001375,0.01,125.0,-0.6962242126464844,6.305848347545871,184.31090304024835,-1.13119473094775,2.102329491393446,192.92043998456484
36.17000000000137,0.01,125.0,-0.6957848072052002,6.298886105419408,184.3739615237238,-1.1298455591604921,2.0910175440839707,192.94146327947877
36.18000000000137,0.01,125.0,-0.6953341960906982,6.291928257347357,184.436950384778,-1.1284853349496664,2.079719088492368,192.9623734549196
36.19000000000137,0.01,125.0,-0.6948740482330322,6.284974915386451,184.49986966735145,-1.1271140717401347,2.0684342351428735,192.9831706458045
36.20000000000137,0.01,125.0,-0.6944036483764648,6.278026174904122,184.5627194165053,-1.125731783065712,2.057163094425474,193.00385498815592
36.210000000001365,0.01,125.0,-0.6939225196838379,6.2710821384203586,184.62549967825433,-1.1243384825690297,2.0459057765948194,193.02442661910018
36.22000000000136,0.01,125.0,-0.6934316158294678,6.264142913223521,184.68821049963853,-1.122934184001402,2.0346623917691313,193.04488567686613
36.23000000000136,0.01,125.0,-0.6929306983947754,6.257208597065228,184.75085192877074,-1.121518901222687,2.0234330499291193,193.0652323007838
36.24000000000136,0.01,125.0,-0.6924197673797607,6.250279290081282,184.81342401474137,-1.1200926482011553,2.012217860916895,193.08546663128308
36.25000000000136,0.01,125.0,-0.6918985843658447,6.243355092407485,184.87592680764217,-1.1186554390133483,2.0010169344348854,193.10558880989225
36.260000000001355,0.01,125.0,-0.6913671493530273,6.236436106563828,184.93836035856623,-1.1172072878439407,1.989830380044754,193.1255989792366
36.27000000000135,0.01,125.0,-0.6908257007598877,6.229522435070299,185.00072471963185,-1.1157482089856003,1.9786583071663169,193.14549728303703
36.28000000000135,0.01,125.0,-0.6902740001678467,6.222614178062702,185.06301994398254,-1.1142782168388452,1.9675008250764632,193.1652838661087
36.29000000000135,0.01,125.0,-0.6897122859954834,6.2157114380610246,185.12524608576317,-1.112797325911905,1.956358042908077,193.18495887435947
36.30000000000135,0.01,125.0,-0.6891405582427979,6.208814315201071,185.18740320014376,-1.1113055508205756,1.9452300696489602,193.20452245478853
36.310000000001345,0.01,125.0,-0.6885581016540527,6.201922909618644,185.24949134329577,-1.109802906288075,1.9341170141407567,193.22397475548502
36.32000000000134,0.01,125.0,-0.6879665851593018,6.195037328602105,185.31151057239194,-1.1082894071448972,1.923018985077878,193.24331592562643
36.33000000000134,0.01,125.0,-0.687363862991333,6.1881576627505135,185.37346094567795,-1.1067650683286683,1.9119360910064314,193.26254611547722
36.34000000000134,0.01,125.0,-0.6867518424987793,6.181284024120601,185.43534252230543,-1.1052299048839969,1.9008684403231468,193.28166547638727
36.35000000000134,0.01,125.0,-0.6861295700073242,6.174416505695615,185.49715536254664,-1.1036839319623273,1.889816141274309,193.3006741607905
36.360000000001335,0.01,125.0,-0.6854970455169678,6.167555209995543,185.5588995276036,-1.1021271648217865,1.878779301954688,193.31957232220324
36.37000000000133,0.01,125.0,-0.6848549842834473,6.1607002395403745,185.62057507970354,-1.1005596188270383,1.8677580303064723,193.3383601152228
36.38000000000133,0.01,125.0,-0.684201717376709,6.153851689697541,185.68218208209893,-1.0989813094491294,1.856752434118204,193.35703769552586
36.39000000000133,0.01,125.0,-0.6835391521453857,6.147009672523776,185.7437205989959,-1.0973922522653363,1.8457626210237148,193.37560521986703
36.40000000000133,0.01,125.0,-0.6828665733337402,6.140174281002324,185.80519069572114,-1.0957924629590108,1.8347886985010635,193.39406284607725
36.410000000001325,0.01,125.0,-0.6821844577789307,6.133345615268988,185.86659243853114,-1.0941819573194278,1.8238307738714756,193.41241073306225
36.42000000000132,0.01,125.0,-0.6814913749694824,6.1265237706912,185.92792589468382,-1.092560751241628,1.8128889542982836,193.43064904080094
36.43000000000132,0.01,125.0,-0.6807887554168701,6.119708856941507,185.98919113239072,-1.090928860726262,1.8019633467858696,193.44877793034394
36.44000000000132,0.01,125.0,-0.6800761222839355,6.11290096938734,186.05038822096012,-1.0892863018794283,1.7910540581786092,193.46679756381178
36.45000000000132,0.01,125.0,-0.6793529987335205,6.106100208164502,186.111517230654,-1.0876330909125205,1.780161195159817,193.48470810439358
36.460000000001315,0.01,125.0,-0.6786203384399414,6.099306678177168,186.17257823273562,-1.0859692441420634,1.769284864250694,193.50250971634517
36.47000000000131,0.01,125.0,-0.6778779029846191,6.09252047479277,186.23357129951737,-1.084294777989554,1.7584251718092756,193.52020256498767
36.48000000000131,0.01,125.0,-0.6771245002746582,6.085741695762925,186.29449650426528,-1.0826097089812952,1.7475822240293821,193.53778681670576
36.49000000000131,0.01,125.0,-0.6763620376586914,6.07897045076018,186.3553539212229,-1.080914053748239,1.7367561269395713,193.55526263894606
36.50000000000131,0.01,125.0,-0.675588846206665,6.072206830383594,186.41614362573048,-1.0792078290258176,1.725946986402091,193.57263020021546
36.510000000001305,0.01,125.0,-0.6748063564300537,6.0654509419215294,186.4768656940343,-1.0774910516537815,1.7151549081118351,193.5898896700795
36.5200000000013,0.01,125.0,-0.674013614654541,6.05870287835723,186.5375202034535,-1.0757637385760281,1.7043799975952996,193.6070412191606
36.5300000000013,0.01,125.0,-0.673210859298706,6.051962742210685,186.59810723223708,-1.0740259068404412,1.6936223602095415,193.62408501913654
36.5400000000013,0.01,125.0,-0.6723983287811279,6.0452306336177,186.65862685965917,-1.0722775735987182,1.6828821011411392,193.64102124273865
36.5500000000013,0.01,125.0,-0.6715760231018066,6.038506650329889,186.71907916599534,-1.070518756106203,1.672159325405154,193.65785006375006
36.560000000001295,0.01,125.0,-0.6707437038421631,6.031790890098873,186.77946423249864,-1.0687494717217145,1.6614541378440941,193.67457165700412
36.57000000000129,0.01,125.0,-0.6699008941650391,6.025083453060453,186.8397821413996,-1.0669697379073737,1.650766643126879,193.69118619838255
36.58000000000129,0.01,125.0,-0.6690487861633301,6.018384444118803,186.9000329759302,-1.0651795722284356,1.6400969457478074,193.70769386481382
36.59000000000129,0.01,125.0,-0.668187141418457,6.011693956257171,186.9602168203714,-1.063378992353113,1.6294451500255251,193.72409483427128
36.60000000000129,0.01,125.0,-0.6673147678375244,6.005012084842988,187.02033375993395,-1.061568016052403,1.6188113601019962,193.74038928577153
36.610000000001286,0.01,125.0,-0.6664328575134277,5.998338937164615,187.08038388078236,-1.059746661199909,1.6081956799414743,193.75657739937253
36.62000000000128,0.01,125.0,-0.6655404567718506,5.991674608589482,187.140367270154,-1.0579149457716686,1.5975982133294773,193.77265935617194
36.63000000000128,0.01,125.0,-0.6646389961242676,5.985019204021764,187.2002840162399,-1.0560728878459738,1.5870190638717627,193.78863533830523
36.64000000000128,0.01,125.0,-0.6637275218963623,5.978372814060523,187.2601342082801,-1.0542205056031937,1.576458334993305,193.80450552894393
36.65000000000128,0.01,125.0,-0.6628060340881348,5.9717355388415605,187.3199179364207,-1.0523578173255912,1.5659161299372752,193.82027011229385
36.660000000001276,0.01,125.0,-0.6618747711181641,5.965107478500681,187.3796352918091,-1.0504848413971486,1.5553925517640215,193.83592927359322
36.670000000001274,0.01,125.0,-0.6609334945678711,5.9584887307895,187.4392863665941,-1.0486015963033821,1.544887703350052,193.85148319911087
36.68000000000127,0.01,125.0,-0.6599826812744141,5.9518793958438225,187.498871253902,-1.0467081006311616,1.5344016873870203,193.86693207614437
36.69000000000127,0.01,125.0,-0.6590218544006348,5.945279569031079,187.55839004786043,-1.0448043730685228,1.5239346063807109,193.88227609301822
36.70000000000127,0.01,125.0,-0.6580507755279541,5.938689350487074,187.61784284355073,-1.0428904324044892,1.5134865626500278,193.897515439082
36.710000000001266,0.01,125.0,-0.6570708751678467,5.932108842731796,187.6772297370556,-1.0409662975288825,1.503057658325985,193.9126503047085
36.720000000001264,0.01,125.0,-0.6560811996459961,5.925538133980119,187.7365508254829,-1.0390319874321383,1.4926479953506981,193.92768088129176
36.73000000000126,0.01,125.0,-0.6550807952880859,5.91897732198366,187.7958062068227,-1.037087521205114,1.4822576754763788,193.94260736124528
36.74000000000126,0.01,125.0,-0.6540708541870117,5.912426514030781,187.85499598004253,-1.0351329180389075,1.4718868002643297,193.95742993800005
36.75000000000126,0.01,125.0,-0.6530513763427734,5.905885805488912,187.91412024518283,-1.0331681972246627,1.4615354710839428,193.97214880600268
36.760000000001256,0.01,125.0,-0.652022123336792,5.8993552917254855,187.9731791032377,-1.0311933781533824,1.4512037891116982,193.9867641607135
36.770000000001254,0.01,125.0,-0.6509828567504883,5.892835070492119,188.03217265615493,-1.0292084803157309,1.4408918553301664,194.00127619860461
36.78000000000125,0.01,125.0,-0.6499342918395996,5.886325241924615,188.09110100685984,-1.0272135233018498,1.430599770527011,194.01568511715791
36.79000000000125,0.01,125.0,-0.6488761901855469,5.87982589900622,188.14996425927907,-1.0252085268011593,1.4203276352939946,194.02999111486318
36.80000000000125,0.01,125.0,-0.647808313369751,5.8733371371043654,188.2087625182691,-1.0231935106021668,1.4100755500259852,194.0441943912161
36.810000000001246,0.01,125.0,-0.6467306613922119,5.8668590539706695,188.26749588964014,-1.0211684945922663,1.3998436149199656,194.05829514671638
36.820000000001244,0.01,125.0,-0.6456429958343506,5.860391747356749,188.32616448017984,-1.0191334987575493,1.389631929974045,194.07229358286557
36.83000000000124,0.01,125.0,-0.6445450782775879,5.853935317398407,188.3847683976534,-1.0170885431826033,1.3794405949864714,194.0861899021653
36.84000000000124,0.01,125.0,-0.6434383392333984,5.847489866615632,188.4433077508274,-1.0150336480503155,1.3692697095546473,194.09998430811515
36.85000000000124,0.01,125.0,-0.6423218250274658,5.8410554832232995,188.50178264949352,-1.0129688336416687,1.3591193730741462,194.1136770052107
36.860000000001236,0.01,125.0,-0.6411960124969482,5.834632264973026,188.56019320432574,-1.0108941203355488,1.3489896847377316,194.12726819894144
36.870000000001234,0.01,125.0,-0.6400601863861084,5.828220304848058,188.61853952697547,-1.0088095286085383,1.3388807435343781,194.1407580957888
36.88000000000123,0.01,125.0,-0.6389150619506836,5.8218197029841985,188.67682173002393,-1.0067150790347164,1.3287926482482948,194.15414690322416
36.89000000000123,0.01,125.0,-0.6377601623535156,5.815430552364693,188.73503992705375,-1.0046107922854555,1.3187254974579496,194.16743482970665
36.90000000000123,0.01,125.0,-0.6365954875946045,5.809052950741159,188.79319423257738,-1.0024966891292144,1.308679389535097,194.18062208468123
36.910000000001226,0.01,125.0,-0.6354215145111084,5.802686995865214,188.8512847620848,-1.0003727904313386,1.2986544226438068,194.1937088785766
36.920000000001224,0.01,125.0,-0.6342372894287109,5.796332780720104,188.90931163204343,-0.9982391171538509,1.2886506947394953,194.20669542280302
36.93000000000122,0.01,125.0,-0.6330440044403076,5.789990407825818,188.9672749598506,-0.9960956903552465,1.278668303567959,194.2195819297504
36.94000000000122,0.01,125.0,-0.6318409442901611,5.783659967781416,189.02517486392887,-0.99394253119028,1.2687073466644083,194.23236861278608
36.95000000000122,0.01,125.0,-0.6306283473968506,5.777341558338516,189.08301146360668,-0.9917796609097642,1.2587679213525076,194.24505568625273
36.960000000001216,0.01,125.0,-0.6294064521789551,5.771035274864548,189.14078487919005,-0.9896071008603559,1.2488501247434118,194.25764336546624
36.970000000001214,0.01,125.0,-0.6281752586364746,5.76474121034276,189.1984952319387,-0.9874248724843465,1.2389540537348103,194.27013186671365
36.98000000000121,0.01,125.0,-0.6269345283508301,5.758459457756397,189.25614264404211,-0.9852329973194469,1.2290798050099687,194.282521407251
36.99000000000121,0.01,125.0,-0.6256842613220215,5.752190112472889,189.31372723861966,-0.9830314969985814,1.2192274750367762,194.2948122053011
37.00000000000121,0.01,125.0,-0.6244237422943115,5.745933269859671,189.37124913974438,-0.9808203932496691,1.2093971600667923,194.30700448005146
37.010000000001206,0.01,125.0,-0.6231544017791748,5.739689032436729,189.42870847244296,-0.9785997078954127,1.1995889561342976,194.31909845165214
37.020000000001204,0.01,125.0,-0.6218760013580322,5.733457488418939,189.48610536276732,-0.9763694628530778,1.1898029590553454,194.3310943412135
37.0300000000012,0.01,125.0,-0.6205871105194092,5.72723872840536,189.5434399376515,-0.9741296801342835,1.1800392644268165,194.34299237080404
37.0400000000012,0.01,125.0,-0.6192898750305176,5.721032857300167,189.60071232493553,-0.9718803818447812,1.1702979676254757,194.3547927634483
37.0500000000012,0.01,125.0,-0.6179821491241455,5.714839958549863,189.6579226535085,-0.9696215901842383,1.1605791638070297,194.36649574312455
37.060000000001196,0.01,125.0,-0.6166656017303467,5.708660137058623,189.715071053094,-0.9673533274460139,1.1508829479051892,194.3781015347626
37.070000000001194,0.01,125.0,-0.6153402328491211,5.702493481041321,189.77215765446456,-0.9650756160169468,1.141209414630731,194.38961036424166
37.08000000000119,0.01,125.0,-0.614004373550415,5.696340078712831,189.82918258927498,-0.962788478377129,1.1315586584705635,194.40102245838796
37.09000000000119,0.01,125.0,-0.6126601696014404,5.6902000349773285,189.8861459900621,-0.9604919370996875,1.121930773686794,194.41233804497267
37.10000000000119,0.01,125.0,-0.6113059520721436,5.684073433281315,189.94304799041186,-0.9581860148505545,1.112325854315799,194.42355735270954
37.110000000001186,0.01,125.0,-0.6099429130554199,5.6779603737605955,189.99988872474466,-0.9558707343882532,1.1027439941672954,194.4346806112527
37.120000000001184,0.01,125.0,-0.6085700988769531,5.671860944630042,190.05666832848226,-0.9535461185636668,1.0931852868234149,194.44570805119437
37.13000000000118,0.01,125.0,-0.6071879863739014,5.665775243641274,190.11338693792854,-0.9512121903198166,1.08364982563778,194.4566399040626
37.14000000000118,0.01,125.0,-0.6057970523834229,5.6597033637775365,190.17004469036493,-0.9488689726916293,1.0741377037345838,194.46747640231897
37.15000000000118,0.01,125.0,-0.604395866394043,5.653645393253703,190.2266417240027,-0.9465164888057184,1.0646490140076694,194.4782177793563
37.160000000001176,0.01,125.0,-0.6029865741729736,5.647601434589764,190.2831781779352,-0.9441547618801498,1.0551838491196142,194.48886426949636
37.170000000001174,0.01,125.0,-0.601567268371582,5.641571568848035,190.3396541922811,-0.9417838152242151,1.0457423015008145,194.49941610798754
37.18000000000117,0.01,125.0,-0.6001384258270264,5.635555896164321,190.39606990796958,-0.9394036722382018,1.0363244633485742,194.50987353100254
37.19000000000117,0.01,125.0,-0.598701000213623,5.6295545119060515,190.4524254669312,-0.9370143564131576,1.026930426626194,194.52023677563602
37.20000000000117,0.01,125.0,-0.597254753112793,5.623567501903916,190.50872101205024,-0.9346158913306664,1.0175602830620643,194.5305060799023
37.210000000001166,0.01,125.0,-0.5957987308502197,5.617594954372789,190.56495668706927,-0.9322083006626104,1.0082141241487594,194.54068168273292
37.220000000001164,0.01,125.0,-0.5943331718444824,5.611636967064288,190.621132636613,-0.9297916081709386,0.9988920411421351,194.55076382397442
37.23000000000116,0.01,125.0,-0.5928592681884766,5.605693635345844,190.67724900628363,-0.9273658377074279,0.9895941250604277,194.56075274438584
37.24000000000116,0.01,125.0,-0.5913758277893066,5.59976504266396,190.7333059426371,-0.9249310132134545,0.9803204666833553,194.57064868563643
37.25000000000116,0.01,125.0,-0.5898826122283936,5.593851284386068,190.78930359306372,-0.9224871587197533,0.9710711565512226,194.58045189030327
37.260000000001156,0.01,125.0,-0.5883810520172119,5.587952458263786,190.84524210590757,-0.9200342983461829,0.9618462849640269,194.59016260186877
37.270000000001154,0.01,125.0,-0.5868701934814453,5.582068647743615,190.9011216304902,-0.9175724563014821,0.952645941980567,194.5997810647184
37.28000000000115,0.01,125.0,-0.585350513458252,5.576199945808802,190.95694231696763,-0.9151016568830395,0.943470217417554,194.60930752413822
37.29000000000115,0.01,125.0,-0.5838210582733154,5.5703464406742205,191.0127043164257,-0.9126219244766477,0.9343192008487254,194.61874222631238
37.30000000000115,0.01,125.0,-0.5822830200195312,5.564508230091488,191.06840778083242,-0.910133283556266,0.9251929816039608,194.62808541832086
37.310000000001146,0.01,125.0,-0.5807361602783203,5.558685399891294,191.12405286313333,-0.9076357586837728,0.9160916487684,194.6373373481369
37.320000000001144,0.01,125.0,-0.5791792869567871,5.552878038288512,191.17963971713223,-0.9051293745087314,0.9070152911815641,194.64649826462457
37.33000000000114,0.01,125.0,-0.5776143074035645,5.547086245418945,191.2351684975151,-0.9026141557681421,0.8979639974364786,194.6555684175364
37.34000000000114,0.01,125.0,-0.5760402679443359,5.5413101023449105,191.29063935996928,-0.9000901272861996,0.8889378558787989,194.66454805751076
37.35000000000114,0.01,125.0,-0.5744569301605225,5.535549699665468,191.34605246099272,-0.8975573139740435,0.8799369546059387,194.67343743606955
37.360000000001136,0.01,125.0,-0.5728652477264404,5.529805130363864,191.40140795798936,-0.8950157408295196,0.8709613814662001,194.68223680561562
37.370000000001134,0.01,125.0,-0.5712637901306152,5.524076477886601,191.456706009293,-0.8924654329369291,0.8620112240579066,194.69094641943028
37.38000000000113,0.01,125.0,-0.5696535110473633,5.518363839985296,191.51194677407184,-0.8899064154667828,0.8530865697285391,194.69956653167085
37.39000000000113,0.01,125.0,-0.5680344104766846,5.512667304874824,191.5671304124717,-0.8873387136755468,0.8441875055738731,194.70809739736814
37.40000000000113,0.01,125.0,-0.5664064884185791,5.506986960770058,191.62225708552043,-0.8847623529054028,0.8353141184371194,194.71653927242386
37.410000000001126,0.01,125.0,-0.564769983291626,5.501322895885873,191.6773269551281,-0.8821773585839917,0.8264664949080672,194.72489241360822
37.420000000001124,0.01,125.0,-0.5631237030029297,5.495675196052958,191.73234018408695,-0.879583756224165,0.8176447213222291,194.7331570785573
37.43000000000112,0.01,125.0,-0.5614697933197021,5.49004395902293,191.78729693604748,-0.876981571423728,0.8088488837599892,194.74133352577053
37.44000000000112,0.01,125.0,-0.5598063468933105,5.484429261089734,191.8421973756377,-0.8743708298651957,0.8000790680457537,194.74942201460811
37.45000000000112,0.01,125.0,-0.5581340789794922,5.478831197620802,191.8970416682486,-0.8717515573155332,0.7913353597471035,194.75742280528857
37.460000000001116,0.01,125.0,-0.5564529895782471,5.473249856831008,191.9518299802248,-0.8691237796259031,0.7826178441739499,194.76533615888604
37.470000000001114,0.01,125.0,-0.5547630786895752,5.467685326935227,192.00656247879311,-0.866487522731412,0.7739266063776925,194.7731623373278
37.48000000000111,0.01,125.0,-0.5530643463134766,5.462137696148332,192.06123933206246,-0.8638428126508481,0.7652617311503801,194.78090160339156
37.49000000000111,0.01,125.0,-0.5513572692871094,5.456607052685198,192.11586070902393,-0.8611896754864337,0.7566233030238734,194.78855422070305
37.50000000000111,0.01,125.0,-0.549640417098999,5.451093479992329,192.17042677955078,-0.8585281374235612,0.7480114062690107,194.7961204537333
37.51000000000111,0.01,125.0,-0.5479159355163574,5.44559707582134,192.2249377143507,-0.8558582247305386,0.7394261248947769,194.803600567796
37.520000000001104,0.01,125.0,-0.54618239402771,5.4401179164661775,192.2793936851089,-0.8531799637583233,0.7308675426474732,194.81099482904494
37.5300000000011,0.01,125.0,-0.544440507888794,5.434656092525901,192.33379486427353,-0.850493380940271,0.7223357430098917,194.81830350447143
37.5400000000011,0.01,125.0,-0.542689323425293,5.429211687447014,192.38814142519877,-0.8477985027918699,0.7138308092004907,194.82552686190152
37.5500000000011,0.01,125.0,-0.5409295558929443,5.423784794212763,192.44243354207322,-0.8450953559104807,0.7053528241725737,194.83266516999353
37.5600000000011,0.01,125.0,-0.539161205291748,5.418375498653834,192.49667139001534,-0.8423839669750687,0.6969018706134706,194.83971869823526
37.570000000001095,0.01,125.0,-0.5373847484588623,5.412983886600918,192.55085514500186,-0.8396643627459497,0.6884780309437216,194.8466877169414
37.58000000000109,0.01,125.0,-0.5355987548828125,5.40761003911633,192.60498498386787,-0.8369365700645195,0.6800813873162638,194.85357249725084
37.59000000000109,0.01,125.0,-0.5338046550750732,5.402254051567502,192.659061084259,-0.834200615852992,0.6717120216156203,194.860373311124
37.60000000000109,0.01,125.0,-0.5320026874542236,5.396916005016752,192.71308362477467,-0.8314565271141278,0.663370015457092,194.86709043134016
37.61000000000109,0.01,125.0,-0.5301907062530518,5.391595978142211,192.7670527848248,-0.8287043309309764,0.6550554501859523,194.87372413149473
37.620000000001085,0.01,125.0,-0.5283715724945068,5.386294071079682,192.82096874460623,-0.825944054466603,0.6467684068766443,194.8802746859966
37.63000000000108,0.01,125.0,-0.5265429019927979,5.381010355354738,192.87483168531702,-0.8231757249638235,0.6385089663319798,194.88674237006535
37.64000000000108,0.01,125.0,-0.5247063636779785,5.375744926334812,192.92864178887055,-0.8203993697449294,0.6302772090823432,194.89312745972867
37.65000000000108,0.01,125.0,-0.5228612422943115,5.370497862698032,192.9823992381339,-0.8176150162114275,0.6220732153848956,194.8994302318195
37.66000000000108,0.01,125.0,-0.521007776260376,5.36526925027509,193.03610421676086,-0.8148226918437629,0.613897065222783,194.90565096397336
37.670000000001075,0.01,125.0,-0.5191452503204346,5.3600591725124875,193.0897569092636,-0.8120224242010513,0.605748838304347,194.91178993462557
37.68000000000107,0.01,125.0,-0.5172748565673828,5.354867720009284,193.1433575009887,-0.8092142409208011,0.5976286140623381,194.91784742300862
37.69000000000107,0.01,125.0,-0.5153961181640625,5.349694971443611,193.19690617818878,-0.8063981697186485,0.5895364716531317,194.92382370914925
37.70000000000107,0.01,125.0,-0.5135083198547363,5.344541010261971,193.2504031279032,-0.8035742383880801,0.5814724899559468,194.92971907386578
37.71000000000107,0.01,125.0,-0.5116128921508789,5.339405927063425,193.3038485380058,-0.8007424748001589,0.5734367475720676,194.93553379876533
37.720000000001065,0.01,125.0,-0.5097088813781738,5.334289798141918,193.35724259727644,-0.7979029069032458,0.5654293228240677,194.94126816624106
37.73000000000106,0.01,125.0,-0.5077962875366211,5.3291927093281375,193.41058549525783,-0.7950555627227306,0.5574502937550367,194.9469224594693
37.74000000000106,0.01,125.0,-0.5058751106262207,5.324114746452772,193.46387742235112,-0.7922004703607511,0.549499738127811,194.95249696240685
37.75000000000106,0.01,125.0,-0.5039465427398682,5.319055995346511,193.51711856981564,-0.789337657995918,0.5415777334242051,194.95799195978813
37.76000000000106,0.01,125.0,-0.5020091533660889,5.314016529919113,193.5703091297691,-0.7864671538830302,0.5336843568442475,194.96340773712237
37.770000000001055,0.01,125.0,-0.500063419342041,5.308996438385453,193.62344929506827,-0.783588986352806,0.5258196853054188,194.9687445806908
37.78000000000105,0.01,125.0,-0.4981095790863037,5.303995804192033,193.6765392594521,-0.7807031838115971,0.5179837954418923,194.97400277754386
37.79000000000105,0.01,125.0,-0.49614787101745605,5.299014708401171,193.72957921749403,-0.7778097747411093,0.510176763603778,194.97918261549827
37.80000000000105,0.01,125.0,-0.49417734146118164,5.294053229690998,193.78256936457802,-0.7749087876981239,0.5023986658563684,194.9842843831343
37.81000000000105,0.01,125.0,-0.492199182510376,5.289111456276387,193.83550989687492,-0.7720002513142084,0.4946495779793887,194.98930836979287
37.820000000001045,0.01,125.0,-0.49021291732788086,5.284189464451284,193.88840101143768,-0.7690841942954444,0.48692957546624815,194.99425486557266
37.83000000000104,0.01,125.0,-0.4882185459136963,5.279287335278006,193.94124290608218,-0.7661606454221374,0.47923873352329527,194.99912416132733
37.84000000000104,0.01,125.0,-0.48621463775634766,5.27440514981887,193.99403577943494,-0.7632296335485361,0.4715771270690754,195.00391654866257
37.85000000000104,0.01,125.0,-0.4842038154602051,5.269543003441307,194.0467798309331,-0.7602911876025411,0.46394483073359155,195.00863231993327
37.86000000000104,0.01,125.0,-0.48218488693237305,5.264700965286706,194.0994752609675,-0.7573453365854294,0.45634191885756764,195.0132717682406
37.870000000001035,0.01,125.0,-0.48015761375427246,5.259879116417383,194.15212227062034,-0.7543921095715609,0.44876846549171484,195.01783518742917
37.88000000000103,0.01,125.0,-0.4781227111816406,5.255077540279841,194.2047210617845,-0.7514315357080961,0.44122454439600073,195.0223228720841
37.89000000000103,0.01,125.0,-0.47607946395874023,5.250296313168026,194.2572718371873,-0.7484636442147,0.43371022903892126,195.02673511752806
37.90000000000103,0.01,125.0,-0.4740285873413086,5.24553551852844,194.30977480031896,-0.7454884643832654,0.4262255925967757,195.03107221981844
37.91000000000103,0.01,125.0,-0.4719693660736084,5.240795232655028,194.36223015550425,-0.7425060255776162,0.4187707079529446,195.0353344757444
37.920000000001025,0.01,125.0,-0.46990227699279785,5.236075538994293,194.4146381078308,-0.7395163572332208,0.4113456476971699,195.03952218282393
37.93000000000102,0.01,125.0,-0.46782732009887695,5.231376516224366,194.46699886322074,-0.7365194888568954,0.4039504841248392,195.0436356393009
37.94000000000102,0.01,125.0,-0.4657442569732666,5.226698243023378,194.51931262838298,-0.7335154500265227,0.3965852892362717,195.04767514414215
37.95000000000102,0.01,125.0,-0.4636538028717041,5.222040800453646,194.5715796108132,-0.7305042703907536,0.3892501347360079,195.0516409970345
37.96000000000102,0.01,125.0,-0.46155500411987305,5.21740426242493,194.62380001881772,-0.7274859796687164,0.3819450920321018,195.05553349838186
37.970000000001015,0.01,125.0,-0.45944857597351074,5.212788712383732,194.67597406144196,-0.7244606076497192,0.37467023223541607,195.0593529493022
37.98000000000101,0.01,125.0,-0.4573335647583008,5.2081942266239984,194.72810194856578,-0.7214281841929638,0.3674256261589203,195.06309965162455
37.99000000000101,0.01,125.0,-0.455211877822876,5.203620890976416,194.780183890832,-0.7183887392272458,0.36021134431699214,195.06677390788613
38.00000000000101,0.01,125.0,-0.4530816078186035,5.1990687721981885,194.83222009974176,-0.7153423027506612,0.3530274569247211,195.0703760213293
38.01000000000101,0.01,125.0,-0.4509437084197998,5.194537956120003,194.88421078746373,-0.712288904830305,0.3458740338972159,195.07390629589855
38.020000000001005,0.01,125.0,-0.44879794120788574,5.190028519035806,194.93615616702493,-0.7092285756019837,0.3387511448489143,195.07736503623752
38.030000000001,0.01,125.0,-0.44664478302001953,5.185540539623728,194.9880564522153,-0.7061613452699113,0.33165885909289583,195.08075254768602
38.040000000001,0.01,125.0,-0.44448399543762207,5.181074091793529,195.03991185761151,-0.7030872441064143,0.3245972456401981,195.08406913627695
38.050000000001,0.01,125.0,-0.44231486320495605,5.176629251839153,195.09172259852943,-0.7000063024516271,0.31756637319913533,195.08731510873335
38.060000000001,0.01,125.0,-0.4401388168334961,5.172206103207104,195.1434888910478,-0.6969185507132013,0.31056631017462044,195.09049077246533
38.070000000000995,0.01,125.0,-0.4379549026489258,5.16780471503877,195.19521095207986,-0.6938240193660002,0.30359712466748984,195.09359643556706
38.08000000000099,0.01,125.0,-0.4357633590698242,5.163425166012281,195.24688899923024,-0.6907227389517991,0.2966588844738312,195.09663240681374
38.09000000000099,0.01,125.0,-0.4335637092590332,5.1590675324215844,195.29852325089036,-0.687614740078985,0.2897516570843146,195.09959899565848
38.10000000000099,0.01,125.0,-0.43135714530944824,5.154731895328995,195.35011392621456,-0.6845000534222488,0.28287550968352615,195.10249651222932
38.11000000000099,0.01,125.0,-0.42914271354675293,5.150418323875901,195.40166124516784,-0.681378709722292,0.27603050914930505,195.10532526732615
38.120000000000985,0.01,125.0,-0.42692041397094727,5.1461268967404346,195.4531654284066,-0.6782507397855169,0.26921672205208347,195.10808557241765
38.13000000000098,0.01,125.0,-0.42469143867492676,5.141857692600726,195.504626697374,-0.6751161744837254,0.26243421465422967,195.11077773963817
38.14000000000098,0.01,125.0,-0.4224543571472168,5.137610778213977,195.5560452743,-0.6719750447538083,0.25568305290939375,195.1134020817847
38.15000000000098,0.01,125.0,-0.4202098846435547,5.133386234642506,195.60742138208212,-0.6688273815974497,0.248963302461857,195.1159589123138
38.16000000000098,0.01,125.0,-0.41795825958251953,5.129184135796072,195.65875524442853,-0.6656732160808141,0.24227502864588382,195.11844854533842
38.170000000000975,0.01,125.0,-0.4156985282897949,5.125004553200247,195.71004708578647,-0.6625125793342436,0.235618296485077,195.12087129562488
38.18000000000097,0.01,125.0,-0.41343259811401367,5.12084756791735,195.76129713131846,-0.6593455025519431,0.2289931706917359,195.12322747858974
38.19000000000097,0.01,125.0,-0.41115784645080566,5.1167132419362105,195.81250560699763,-0.6561720169916839,0.22239971566621777,195.12551741029665
38.20000000000097,0.01,125.0,-0.4088764190673828,5.112601663471703,195.86367273941698,-0.6529921539744872,0.21583799549630223,195.1277414074533
38.21000000000097,0.01,125.0,-0.4065876007080078,5.10851289928103,195.91479875605168,-0.649805944884319,0.20930807395655865,195.12989978740825
38.220000000000965,0.01,125.0,-0.40429162979125977,5.104447023273951,195.9658838850445,-0.6466134211677731,0.20281001450771674,195.13199286814782
38.23000000000096,0.01,125.0,-0.4019887447357178,5.10040410697604,196.01692835527723,-0.6434146143337715,0.1963438802960403,195.1340209682929
38.24000000000096,0.01,125.0,-0.39967775344848633,5.096384219528684,196.06793239634698,-0.6402095559532462,0.18990973415270387,195.13598440709586
38.25000000000096,0.01,125.0,-0.39735960960388184,5.0923874419942,196.11889623854225,-0.6369982776588314,0.18350763859317268,195.13788350443738
38.26000000000096,0.01,125.0,-0.3950352668762207,5.088413845898162,196.16982011296219,-0.6337808111445439,0.17713765581658564,195.1397185808233
38.270000000000955,0.01,125.0,-0.3927021026611328,5.084463493229401,196.22070425142115,-0.6305571881654808,0.17079984770514145,195.14148995738148
38.28000000000095,0.01,125.0,-0.3903627395629883,5.08053647220279,196.27154888635343,-0.6273274405374994,0.16449427582348788,195.14319795585854
38.29000000000095,0.01,125.0,-0.3880162239074707,5.076632844807161,196.32235425107544,-0.6240916001369071,0.15822100141811413,195.1448428986168
38.30000000000095,0.01,125.0,-0.3856630325317383,5.072752682568087,196.3731205795235,-0.6208496989001383,0.1519800854167463,195.14642510863098
38.31000000000095,0.01,125.0,-0.3833019733428955,5.068896052242771,196.42384810634917,-0.6176017688234515,0.14577158842774615,195.14794490948515
38.320000000000945,0.01,125.0,-0.3809335231781006,5.065063032509342,196.4745370668716,-0.6143478419626051,0.13959557073951287,195.14940262536942
38.33000000000094,0.01,125.0,-0.378558874130249,5.061253697277562,196.52518769719669,-0.6110879504325454,0.13345209231988805,195.15079858107683
38.34000000000094,0.01,125.0,-0.3761763572692871,5.05746810853626,196.57580023416946,-0.6078221264070822,0.12734121281556382,195.15213310200002
38.35000000000094,0.01,125.0,-0.37378740310668945,5.053706344963568,196.62637491525481,-0.6045504021185819,0.12126299155149421,195.15340651412816
38.36000000000094,0.01,125.0,-0.37139105796813965,5.049968470932502,196.67691197870445,-0.6012728098576424,0.1152174875303096,195.1546191440437
38.370000000000935,0.01,125.0,-0.368988037109375,5.046254560352821,196.72741166341376,-0.597989381972778,0.10920475943173437,195.155771318919
38.38000000000093,0.01,125.0,-0.3665783405303955,5.042564679981728,196.77787420901728,-0.5947001508700924,0.10322486561200778,195.1568633665133
38.39000000000093,0.01,125.0,-0.36416172981262207,5.038898896576425,196.82829985581708,-0.5914051490129709,0.09727786410330803,195.15789561516942
38.40000000000093,0.01,125.0,-0.3617377281188965,5.0352572792783,196.87868884478283,-0.5881044089217513,0.0913638126131795,195.15886839381045
38.41000000000093,0.01,125.0,-0.35930681228637695,5.031639901997112,196.9290414175756,-0.5847979631734059,0.08548276852396315,195.15978203193657
38.420000000000925,0.01,125.0,-0.3568699359893799,5.0280468338742486,196.97935781659555,-0.5814858444012212,0.07963478889223026,195.1606368596218
38.43000000000092,0.01,125.0,-0.35442519187927246,5.024478134514355,197.0296382849343,-0.5781680852944685,0.0738199304482192,195.16143320751073
38.44000000000092,0.01,125.0,-0.3519735336303711,5.020933882595563,197.07988306627942,-0.5748447185980927,0.06803824959527567,195.16217140681522
38.45000000000092,0.01,125.0,-0.3495159149169922,5.01741414725926,197.13009240510536,-0.5715157771123813,0.06228980240929589,195.16285178931116
38.46000000000092,0.01,125.0,-0.34705114364624023,5.013918988110091,197.18026654657794,-0.5681812936926449,0.05657464463817321,195.16347468733525
38.470000000000915,0.01,125.0,-0.34458017349243164,5.010448476673629,197.23040573645903,-0.5648413012488848,0.05089283170124789,195.16404043378162
38.48000000000091,0.01,125.0,-0.3421015739440918,5.007002674938705,197.28051022122577,-0.5614958327454798,0.04524441868876017,195.16454936209863
38.49000000000091,0.01,125.0,-0.3396172523498535,5.003581659199265,197.33058024797515,-0.5581449212008534,0.03962946036130649,195.16500180628552
38.50000000000091,0.01,125.0,-0.337125301361084,5.0001854866757665,197.38061606456714,-0.5547885996871518,0.03404801114929907,195.16539810088912
38.51000000000091,0.01,125.0,-0.3346271514892578,4.996814233662156,197.43061791943387,-0.5514269013299095,0.028500125152428654,195.16573858100062
38.520000000000906,0.01,125.0,-0.332122802734375,4.993467962147264,197.48058606177048,-0.5480598593077338,0.022985856139130657,195.16602358225214
38.5300000000009,0.01,125.0,-0.32961130142211914,4.990146734119921,197.53052074139194,-0.5446875068519703,0.01750525754605441,195.16625344081353
38.5400000000009,0.01,125.0,-0.32709360122680664,4.9868506211057,197.58042220873313,-0.5413098772463782,0.012058382477535792,195.166428493389
38.5500000000009,0.01,125.0,-0.3245697021484375,4.983579685093432,197.63029071494418,-0.5379270038267944,0.006645283705073086,195.16654907721377
38.5600000000009,0.01,125.0,-0.3220386505126953,4.980333988071949,197.6801265117951,-0.5345389199808155,0.0012660136668062125,195.16661553005082
38.570000000000896,0.01,125.0,-0.3195013999938965,4.977113601566822,197.7299298516758,-0.5311456591474613,-0.004079375533000879,195.16662819018748
38.580000000000894,0.01,125.0,-0.3169577121734619,4.973918587566884,197.77970098769146,-0.5277472548168481,-0.009390832124474436,195.16658739643216
38.59000000000089,0.01,125.0,-0.3144075870513916,4.97074901044515,197.82944017356712,-0.5243437405298511,-0.014668304672641868,195.16649348811092
38.60000000000089,0.01,125.0,-0.31185102462768555,4.967604934574637,197.87914766367157,-0.5209351498777841,-0.019911742077939335,195.1663468050642
38.61000000000089,0.01,125.0,-0.30928778648376465,4.964486424328361,197.92882371301732,-0.5175215165020606,-0.02512109357671614,195.16614768764342
38.620000000000886,0.01,125.0,-0.3067183494567871,4.9613935464635235,197.9784685772606,-0.5141028740938659,-0.030296308741735715,195.16589647670764
38.630000000000884,0.01,125.0,-0.30414271354675293,4.958326362968956,198.02808251272523,-0.5106792563938165,-0.03543733748267335,195.16559351362022
38.64000000000088,0.01,125.0,-0.3015608787536621,4.955284935833489,198.0776657763549,-0.507250697191639,-0.040544130046610505,195.1652391402454
38.65000000000088,0.01,125.0,-0.29897284507751465,4.952269327045952,198.12721862571323,-0.5038172303258283,-0.045616637018525884,195.16483369894493
38.66000000000088,0.01,125.0,-0.29637789726257324,4.949279598595178,198.1767413189837,-0.5003788896833183,-0.050654809321783165,195.16437753257475
38.670000000000876,0.01,125.0,-0.2937774658203125,4.946315819622552,198.22623411496963,-0.4969357091991392,-0.05565859821861535,195.16387098448152
38.680000000000874,0.01,125.0,-0.2911710739135742,4.94337804496435,198.27569727316583,-0.49348772285609427,-0.060627955310605754,195.16331439849932
38.69000000000087,0.01,125.0,-0.2885575294494629,4.940466334225214,198.32513105361548,-0.49003496468441654,-0.06556283253916571,195.16270811894623
38.70000000000087,0.01,125.0,-0.2859382629394531,4.937580758930721,198.37453571695772,-0.48657746876143537,-0.0704631821860089,195.16205249062082
38.71000000000087,0.01,125.0,-0.2833127975463867,4.934721376301327,198.423911524547,-0.48311526921124165,-0.07532895687362229,195.16134785879896
38.720000000000866,0.01,125.0,-0.2806813716888428,4.931888248325864,198.47325873831002,-0.47964840020434313,-0.08016010956573374,195.16059456923023
38.730000000000864,0.01,125.0,-0.2780439853668213,4.9290814346089755,198.52257762079327,-0.47617689595733936,-0.08495659356777623,195.15979296813458
38.74000000000086,0.01,125.0,-0.27540040016174316,4.926300994755308,198.57186843513935,-0.47270079073257576,-0.08971836252734867,195.1589434021989
38.75000000000086,0.01,125.0,-0.2727506160736084,4.923546990753691,198.6211314450869,-0.46922011883780934,-0.09444537043467349,195.15804621857362
38.76000000000086,0.01,125.0,-0.2700948715209961,4.920819484592955,198.67036691499442,-0.4657349146258628,-0.09913757162305065,195.15710176486928
38.770000000000856,0.01,125.0,-0.26743364334106445,4.9181185358777455,198.71957510984035,-0.4622452124942965,-0.10379492076930835,195.15611038915304
38.780000000000854,0.01,125.0,-0.26476597785949707,4.915444199444336,198.76875629519913,-0.4587510468850617,-0.1084173728942504,195.15507243994534
38.79000000000085,0.01,125.0,-0.26209282875061035,4.912796539665742,198.81791073719356,-0.45525245228416417,-0.11300488336310009,195.1539882662164
38.80000000000085,0.01,125.0,-0.2594130039215088,4.910175611378236,198.8670387025902,-0.4517494632213164,-0.11755740788594082,195.15285821738277
38.81000000000085,0.01,125.0,-0.2567281723022461,4.9075814813390215,198.91614045870398,-0.4482421142696081,-0.12207490251815309,195.1516826433039
38.820000000000846,0.01,125.0,-0.25403714179992676,4.905014199616,198.96521627351737,-0.4447304400451574,-0.12655732366084826,195.15046189427872
38.830000000000844,0.01,125.0,-0.2513401508331299,4.902473828198001,199.01426641551353,-0.4412144752067732,-0.13100462806129895,195.14919632104213
38.84000000000084,0.01,125.0,-0.24863791465759277,4.89996042668967,199.0632911537955,-0.43769425445560506,-0.1354167728133658,195.1478862747615
38.85000000000084,0.01,125.0,-0.24592947959899902,4.897474047543095,199.1122907580624,-0.4341698125348127,-0.13979371535792098,195.14653210703338
38.86000000000084,0.01,125.0,-0.24321556091308594,4.895014752747105,199.1612654985378,-0.43064118422921477,-0.14413541348326825,195.1451341698798
38.870000000000836,0.01,125.0,-0.2404954433441162,4.892582597137975,199.21021564606525,-0.42710840436495034,-0.14844182532555955,195.14369281574497
38.880000000000834,0.01,125.0,-0.23777031898498535,4.890177642704534,199.25914147203662,-0.4235715078091262,-0.1527129093692082,195.14220839749171
38.89000000000083,0.01,125.0,-0.23503899574279785,4.887799939514684,199.30804324846366,-0.4200305294694856,-0.15694862444729862,195.14068126839803
38.90000000000083,0.01,125.0,-0.23230218887329102,4.885449549557257,199.3569212478588,-0.4164855042940551,-0.16114892974199263,195.13911178215355
38.91000000000083,0.01,125.0,-0.22956013679504395,4.883126527668525,199.40577574335435,-0.4129364672708042,-0.16531378478493236,195.13750029285612
38.920000000000826,0.01,125.0,-0.22681260108947754,4.8808309263005745,199.45460700863103,-0.40938345342729127,-0.16944314945763958,195.13584715500826
38.930000000000824,0.01,125.0,-0.2240588665008545,4.87856280028968,199.50341531789402,-0.40582649783033065,-0.17353698399191167,195.1341527235137
38.94000000000082,0.01,125.0,-0.2213001251220703,4.8763222116246725,199.5522009458969,-0.40226563558563805,-0.17759524897021417,195.1324173536738
38.95000000000082,0.01,125.0,-0.2185359001159668,4.874109210373452,199.60096416801315,-0.3987009018374883,-0.18161790532606975,195.13064140118408
38.96000000000082,0.01,125.0,-0.21576595306396484,4.8719238513722924,199.64970526011686,-0.3951323317683603,-0.18560491434444384,195.1288252221308
38.970000000000816,0.01,125.0,-0.21299052238464355,4.869766191841653,199.69842449863057,-0.391559960598602,-0.18955623766212665,195.12696917298737
38.980000000000814,0.01,125.0,-0.21021008491516113,4.867636286617807,199.74712216054897,-0.38798382358607447,-0.1934718372681119,195.12507361061074
38.99000000000081,0.01,125.0,-0.20742392539978027,4.865534185768656,199.79579852341513,-0.3844039560258085,-0.19735167550397187,195.12313889223807
39.00000000000081,0.01,125.0,-0.20463252067565918,4.863459946514658,199.8444538652728,-0.38082039324964756,-0.20119571506422917,195.12116537548303
39.01000000000081,0.01,125.0,-0.20183587074279785,4.861413621307902,199.89308846473796,-0.3772331706259114,-0.2050039189967249,195.1191534183324
39.020000000000806,0.01,125.0,-0.1990337371826172,4.859395262600474,199.94170260095103,-0.3736423235590393,-0.20877625070298328,195.11710337914243
39.030000000000804,0.01,125.0,-0.1962270736694336,4.857404925228648,199.99029655357702,-0.37004788748924194,-0.21251267393857293,195.11501561663542
39.0400000000008,0.01,125.0,-0.19341397285461426,4.855442654491954,200.0388706028293,-0.3664498978921543,-0.21621315281346462,195.11289048989605
39.0500000000008,0.01,125.0,-0.1905968189239502,4.8535085147634085,200.0874250293742,-0.3628483902784771,-0.21987765179238544,195.1107283583679
39.0600000000008,0.01,125.0,-0.1877734661102295,4.85160254657417,200.13596011452182,-0.3592434001936385,-0.2235061356951695,195.10852958184998
39.070000000000796,0.01,125.0,-0.18494510650634766,4.849724811913068,200.18447613998757,-0.35563496321743526,-0.22709856969710518,195.10629452049304
39.080000000000794,0.01,125.0,-0.1821126937866211,4.847875360848004,200.2329733881067,-0.3520231149636856,-0.2306549193292788,195.10402353479606
39.09000000000079,0.01,125.0,-0.179274320602417,4.846054233910138,200.28145214171516,-0.3484078910798695,-0.23417515047891496,195.10171698560276
39.10000000000079,0.01,125.0,-0.17643094062805176,4.844261490704114,200.32991268405425,-0.3447893272467893,-0.23765922938971296,195.09937523409798
39.11000000000079,0.01,125.0,-0.1735823154449463,4.842497181297834,200.37835529896128,-0.341167459178209,-0.24110712266218015,195.09699864180408
39.120000000000786,0.01,125.0,-0.1707291603088379,4.840761358143385,200.42678027077426,-0.33754232262050643,-0.24451879725396156,195.09458757057746
39.130000000000784,0.01,125.0,-0.16787075996398926,4.839054066540297,200.47518788435568,-0.3339139533523117,-0.24789422048016596,195.09214238260492
39.14000000000078,0.01,125.0,-0.1650073528289795,4.837375358940657,200.52357842502107,-0.33028238718416675,-0.2512333600136884,195.08966344040013
39.15000000000078,0.01,125.0,-0.1621394157409668,4.835725285412368,200.57195217861047,-0.3266476599581636,-0.2545361838855294,195.0871511068
39.16000000000078,0.01,125.0,-0.15926599502563477,4.8341038912549585,200.6203094314646,-0.3230098075475945,-0.25780266048511036,195.08460574496115
39.170000000000776,0.01,125.0,-0.1563880443572998,4.832511231304703,200.66865047037714,-0.31936886585658997,-0.26103275856058566,195.0820277183563
39.180000000000774,0.01,125.0,-0.1535050868988037,4.8309473508611305,200.7169755826902,-0.31572487081977674,-0.26422644721915095,195.0794173907707
39.19000000000077,0.01,125.0,-0.15061736106872559,4.829412299992143,200.7652850561988,-0.31207785840191465,-0.26738369592734806,195.0767751262985
39.20000000000077,0.01,125.0,-0.14772510528564453,4.827906126381456,200.8135791791987,-0.3084278645975459,-0.2705044745113666,195.0741012893392
39.21000000000077,0.01,125.0,-0.14482808113098145,4.8264288753286,200.8618582404625,-0.3047749254306318,-0.27358875315734144,195.0713962445941
39.220000000000766,0.01,125.0,-0.14192581176757812,4.8249805945172906,200.91012252921578,-0.3011190769542091,-0.27663650241164717,195.06866035706253
39.230000000000764,0.01,125.0,-0.13901948928833008,4.8235613363996155,200.95837233516096,-0.2974603552500264,-0.27964769318118865,195.0658939920384
39.24000000000076,0.01,125.0,-0.1361083984375,4.8221711415067325,201.00660794852496,-0.2937987964281919,-0.2826222967336883,195.0630975151066
39.25000000000076,0.01,125.0,-0.1331923007965088,4.820810057522358,201.05482965994003,-0.29013443662680877,-0.2855602846979697,195.06027129213925
39.26000000000076,0.01,125.0,-0.13027143478393555,4.8194781345143936,201.10303776051524,-0.28646731201163106,-0.28846162906423717,195.05741568929227
39.270000000000756,0.01,125.0,-0.12734627723693848,4.818175420166554,201.15123254186037,-0.28279745877569806,-0.2913263021843529,195.05453107300164
39.280000000000754,0.01,125.0,-0.12441658973693848,4.816901957394185,201.19941429606203,-0.27912491313898186,-0.2941542767721093,195.0516178099798
39.29000000000075,0.01,125.0,-0.12148237228393555,4.8156577914968155,201.24758331563595,-0.27544971134802104,-0.2969455259034986,195.04867626721207
39.30000000000075,0.01,125.0,-0.11854386329650879,4.814442967773976,201.29573989355092,-0.2717718896755756,-0.29970002301697823,195.04570681195304
39.31000000000075,0.01,125.0,-0.1156010627746582,4.813257529141011,201.34388432322865,-0.2680914844202606,-0.30241774191373344,195.04270981172286
39.320000000000746,0.01,125.0,-0.11265301704406738,4.8121015185132645,201.39201689852004,-0.2644085319061901,-0.3050986567579355,195.0396856343037
39.330000000000744,0.01,125.0,-0.10970091819763184,4.810974988342824,201.44013791370517,-0.2607230684826208,-0.30774274207699687,195.03663464773612
39.34000000000074,0.01,125.0,-0.10674452781677246,4.809877979160849,201.4882476635886,-0.25703513052358434,-0.3103499727618226,195.03355722031534
39.35000000000074,0.01,125.0,-0.10378408432006836,4.808810533882681,201.53634644338018,-0.2533447544275418,-0.3129203240670579,195.03045372058773
39.36000000000074,0.01,125.0,-0.10081887245178223,4.807772693039481,201.584434548719,-0.24965197661701527,-0.3154537716113328,195.02732451734707
39.370000000000736,0.01,125.0,-0.09784936904907227,4.806764504314963,201.6325122756494,-0.24595683353823306,-0.31795029137750247,195.02416997963095
39.380000000000734,0.01,125.0,-0.09487605094909668,4.805786010624473,201.68057992069254,-0.2422593616607614,-0.3204098597128843,195.02099047671717
39.39000000000073,0.01,125.0,-0.09189796447753906,4.804837250114982,201.72863778079878,-0.23855959747715702,-0.32283245332949145,195.01778637812004
39.40000000000073,0.01,125.0,-0.08891582489013672,4.803918270470207,201.77668615329992,-0.23485757750259878,-0.32521804930426257,195.01455805358674
39.41000000000073,0.01,125.0,-0.08592963218688965,4.803029112221306,201.8247253360046,-0.23115333827453133,-0.3275666250792881,195.0113058730937
39.42000000000073,0.01,125.0,-0.08293938636779785,4.802169815899437,201.87275562712682,-0.22744691635229627,-0.32987815846203294,195.0080302068429
39.430000000000724,0.01,125.0,-0.07994508743286133,4.801340422035759,201.9207773252858,-0.2237383483167837,-0.3321526276255555,195.00473142525829
39.44000000000072,0.01,125.0,-0.07694649696350098,4.80054097116143,201.96879072950614,-0.22002767077006286,-0.33439001110872285,195.00140989898202
39.45000000000072,0.01,125.0,-0.0739438533782959,4.799771506191795,202.01679613921775,-0.21631492033502525,-0.33659028781642303,194.99806599887094
39.46000000000072,0.01,125.0,-0.0709371566772461,4.799032067658012,202.06479385427966,-0.21260013365501454,-0.33875343701977284,194.99470009599278
39.47000000000072,0.01,125.0,-0.06792616844177246,4.7983226960912395,202.11278417495623,-0.2088833473934776,-0.34087943835632256,194.99131256162258
39.480000000000715,0.01,125.0,-0.0649113655090332,4.7976434344068215,202.16076740191713,-0.20516459823359437,-0.3429682718302569,194.987903767239
39.49000000000071,0.01,125.0,-0.061893463134765625,4.796994320751732,202.2087438362612,-0.20144392287791982,-0.34501991781259245,194.9844740845207
39.50000000000071,0.01,125.0,-0.05887103080749512,4.796375386120384,202.2567137794687,-0.19772135804801338,-0.34703435704137126,194.98102388534258
39.51000000000071,0.01,125.0,-0.05584454536437988,4.795786675812309,202.30467753332988,-0.1939969404840892,-0.349011570621851,194.97755354177218
39.52000000000071,0.01,125.0,-0.05281376838684082,4.795228230358665,202.352635400088,-0.190270706944645,-0.3509515400266915,194.97406342606595
39.530000000000705,0.01,125.0,-0.04978013038635254,4.794700092674797,202.40058768239157,-0.18654269420610362,-0.35285424709613755,194.9705539106657
39.5400000000007,0.01,125.0,-0.04674220085144043,4.794202291370934,202.44853468331831,-0.18281293906244148,-0.3547196740381982,194.96702536819473
39.5500000000007,0.01,125.0,-0.0437006950378418,4.79373486936242,202.49647670623202,-0.17908147832483817,-0.35654780342882225,194.96347817145434
39.5600000000007,0.01,125.0,-0.04065513610839844,4.793297862412041,202.54441405492562,-0.17534834882130482,-0.3583386182120703,194.95991269342005
39.5700000000007,0.01,125.0,-0.03760647773742676,4.7928913110509574,202.59234703354974,-0.17161358739632446,-0.360092101700283,194.95632930723792
39.580000000000695,0.01,125.0,-0.03455376625061035,4.792515246273584,202.64027594666024,-0.16787723091048048,-0.3618082375742459,194.9527283862209
39.59000000000069,0.01,125.0,-0.03149724006652832,4.792169708611078,202.68820109912298,-0.164139316240105,-0.36348700988335036,194.94911030384517
39.60000000000069,0.01,125.0,-0.028437376022338867,4.7918547362104125,202.7361227962091,-0.16039988027690683,-0.3651284030457511,194.94547543374634
39.61000000000069,0.01,125.0,-0.02537393569946289,4.791570362450189,202.78404134357118,-0.15665895992760917,-0.36673240184851985,194.94182414971587
39.62000000000069,0.01,125.0,-0.022307395935058594,4.791316623093194,202.83195704719566,-0.1529165921135878,-0.36829899144779565,194.93815682569738
39.630000000000685,0.01,125.0,-0.019236326217651367,4.791093549133843,202.87987021342659,-0.1491728137704979,-0.3698281573689312,194.9344738357829
39.64000000000068,0.01,125.0,-0.01616215705871582,4.790901185871667,202.92778114891792,-0.1454276618479224,-0.3713198855066359,194.93077555420922
39.65000000000068,0.01,125.0,-0.013085126876831055,4.79073956430108,202.97569016077662,-0.14168117330899885,-0.3727741621251148,194.92706235535417
39.66000000000068,0.01,125.0,-0.010004043579101562,4.790608713032312,203.02359755641962,-0.1379333851300587,-0.37419097385820455,194.92333461373292
39.67000000000068,0.01,125.0,-0.0069196224212646484,4.790508672596521,203.07150364354993,-0.13418433430025398,-0.37557030770950484,194.91959270399434
39.680000000000675,0.01,125.0,-0.003832578659057617,4.790439476372308,203.1194087302759,-0.13043405782120496,-0.3769121510525071,194.91583700091724
39.69000000000067,0.01,125.0,-7.414817810058594E-4,4.790401150585717,203.1673131250396,-0.12668259270662643,-0.37821649163071885,194.91206787940672
39.70000000000067,0.01,125.0,0.0023529529571533203,4.790393735767907,203.21521713654545,-0.1229299759819667,-0.37948331755778486,194.9082857144904
39.71000000000067,0.01,125.0,0.00545048713684082,4.790417265297479,203.2631210739031,-0.11917624468403358,-0.3807126173176043,194.9044908813148
39.72000000000067,0.01,125.0,0.008551597595214844,4.790471770168847,203.31102524655608,-0.11542143586064166,-0.3819043797644444,194.90068375514164
39.730000000000665,0.01,125.0,0.011655330657958984,4.790557286144799,203.35892996425775,-0.11166558657023815,-0.3830585941230506,194.896864711344
39.74000000000066,0.01,125.0,0.014762639999389648,4.790673839451379,203.4068355371192,-0.10790873388154136,-0.38417524998875274,194.89303412540278
39.75000000000066,0.01,125.0,0.017873287200927734,4.790821465851373,203.45474227551372,-0.10415091487316641,-0.3852543373275679,194.8891923729029
39.76000000000066,0.01,125.0,0.020986557006835938,4.791000198723382,203.50265049017221,-0.10039216663327191,-0.3862958464762994,194.8853398295296
39.77000000000066,0.01,125.0,0.024103164672851562,4.79121006429345,203.55056049215943,-0.09663252625918556,-0.3872997681426319,194.88147687106485
39.780000000000655,0.01,125.0,0.027222394943237305,4.791451095940179,203.59847259280235,-0.0928720308570421,-0.38826609340522356,194.87760387338344
39.79000000000065,0.01,125.0,0.030345678329467773,4.791723319889611,203.64638710376175,-0.08911071754140874,-0.3891948137137938,194.8737212124494
39.80000000000065,0.01,125.0,0.033470869064331055,4.792026776672905,203.69430433696064,-0.08534862343493155,-0.3900859208892077,194.86982926431227
39.81000000000065,0.01,125.0,0.03659939765930176,4.792361485363549,203.74222460472737,-0.08158578566796053,-0.39093940712355685,194.86592840510338
39.82000000000065,0.01,125.0,0.03973102569580078,4.792727479340142,203.790148219581,-0.07782224137818744,-0.3917552649802363,194.86201901103215
39.830000000000645,0.01,125.0,0.04286527633666992,4.7931247895971,203.83807549437438,-0.07405802771027076,-0.392533487394018,194.85810145838235
39.84000000000064,0.01,125.0,0.046003103256225586,4.793553442360467,203.88600674227035,-0.07029318181548186,-0.39327406767112055,194.8541761235084
39.85000000000064,0.01,125.0,0.04914283752441406,4.794013473393028,203.93394227669395,-0.06652774085132979,-0.3939769994892752,194.8502433828317
39.86000000000064,0.01,125.0,0.05228614807128906,4.794504901768272,203.98188241142788,-0.0627617419811988,-0.3946422768977884,194.8463036128368
39.87000000000064,0.01,125.0,0.055431365966796875,4.795027763248985,204.02982746044555,-0.05899522237397313,-0.3952698943176003,194.84235719006782
39.880000000000635,0.01,125.0,0.05858016014099121,4.795582076908653,204.07777773807803,-0.055228219203682774,-0.3958598465413399,194.83840449112463
39.89000000000063,0.01,125.0,0.06173133850097656,4.796167878510063,204.12573355884712,-0.05146076964912826,-0.3964121287333766,194.83444589265923
39.90000000000063,0.01,125.0,0.06488490104675293,4.796785191895073,204.17369523763222,-0.047692910893517834,-0.3969267364298678,194.8304817713719
39.91000000000063,0.01,125.0,0.06804132461547852,4.79743404090554,204.22166308955116,-0.043924680124091994,-0.3974036655388029,194.82651250400758
39.92000000000063,0.01,125.0,0.07120060920715332,4.798114454151695,204.2696374299602,-0.04015611453176928,-0.39784291234004376,194.8225384673522
39.930000000000625,0.01,125.0,0.07436275482177734,4.798826460243767,204.3176185745017,-0.036387251310770655,-0.39824447348536135,194.81856003822878
39.94000000000062,0.01,125.0,0.07752656936645508,4.7995700877919845,204.36560683910412,-0.03261812765825455,-0.398608345998469,194.81457759349394
39.95000000000062,0.01,125.0,0.08069348335266113,4.800345353485649,204.41360253998204,-0.028848780773951907,-0.39893452727505146,194.81059151003396
39.96000000000062,0.01,125.0,0.0838630199432373,4.801152288319175,204.46160599351688,-0.02507924785979045,-0.3992230150827909,194.80660216476122
39.97000000000062,0.01,125.0,0.08703446388244629,4.801990918518607,204.50961751640006,-0.021309566119540355,-0.3994738075613887,194.8026099346104
39.980000000000615,0.01,125.0,0.0902090072631836,4.802861263157431,204.55763742558523,-0.017539772758438515,-0.3996869032225841,194.79861519653477
39.99000000000061,0.01,125.0,0.09338593482971191,4.803763353230063,204.60566603821678,-0.013769904982825614,-0.39986230095016845,194.79461832750255
40.00000000000061,0.01,125.0,0.09656476974487305,4.80469721257836,204.65370367174907,-0.009999999999770371,-0.3999999999999967,194.79061970449305
40.01000000000061,0.01,125.0,0.0997459888458252,4.805662860275809,204.70175064387485,-0.0062300950167151325,-0.40009999999999435,194.78661970449306
40.02000000000061,0.01,125.0,0.10292959213256836,4.806660320164267,204.7498072724776,-0.002460227241100105,-0.4001623009501615,194.78261870449307
40.030000000000605,0.01,125.0,0.10611581802368164,4.807689616085592,204.79787387567924,0.00130956611999959,-0.4001869032225725,194.77861708148356
40.0400000000006,0.01,125.0,0.10930323600769043,4.808750774265829,204.84595077184008,0.005079247860249667,-0.4001738075613725,194.77461521245132
40.0500000000006,0.01,125.0,0.11249423027038574,4.8098438066259055,204.89403827958273,0.008848780774411103,-0.40012301508277,194.77061347437572
40.0600000000006,0.01,125.0,0.11568665504455566,4.810968748928609,204.942136717649,0.012618127658715858,-0.40003452727502586,194.7666122442249
40.0700000000006,0.01,125.0,0.1188814640045166,4.812125615479054,204.99024640513827,0.016387251311229797,-0.3999083459984387,194.76261189895214
40.080000000000595,0.01,125.0,0.12207841873168945,4.8133144301190995,205.03836766129305,0.02015611453222839,-0.39974447348532643,194.75861281549217
40.09000000000059,0.01,125.0,0.12527680397033691,4.814535214306416,205.08650080559423,0.02392468012455106,-0.39954291234000416,194.7546153707573
40.10000000000059,0.01,125.0,0.1284780502319336,4.815787982346119,205.13464615773728,0.02769291089397686,-0.3993036655387587,194.75061994163391
40.11000000000059,0.01,125.0,0.13168120384216309,4.817072762848438,205.18280403756074,0.03146076964958724,-0.39902673642981895,194.74662690497854
40.12000000000059,0.01,125.0,0.1348862648010254,4.81838957488686,205.23097476518922,0.0352282192041417,-0.3987121287333231,194.74263663761425
40.130000000000585,0.01,125.0,0.1380929946899414,4.81973843753487,205.27915866093807,0.03899522237443199,-0.39835984654128176,194.73864951632692
40.14000000000058,0.01,125.0,0.14130210876464844,4.821119367481769,205.3273560453134,0.04276174198165762,-0.39796989431753754,194.7346659178615
40.15000000000058,0.01,125.0,0.14451289176940918,4.822532388569416,205.3755672389882,0.04652774085178853,-0.39754227689772104,194.73068621891832
40.16000000000058,0.01,125.0,0.14772510528564453,4.823977517487109,205.42379256287387,0.05029318181594054,-0.3970769994892032,194.72671079614935
40.17000000000058,0.01,125.0,0.15093994140625,4.825454768539966,205.47203233804873,0.054058027710729366,-0.3965740676710439,194.72274002615447
40.180000000000575,0.01,125.0,0.15415596961975098,4.826964167954028,205.52028688573412,0.05782224137864595,-0.39603348739393673,194.71877428547776
40.19000000000057,0.01,125.0,0.15737462043762207,4.828505727650225,205.56855652741365,0.061585785668418956,-0.3954552649801504,194.71481395060383
40.20000000000057,0.01,125.0,0.16059398651123047,4.830079473854601,205.61684158469015,0.06534862343538991,-0.3948394071234663,194.71085939795404
40.21000000000057,0.01,125.0,0.16381573677062988,4.831685413719713,205.6651423794287,0.06911071754186701,-0.39418592088911253,194.7069110038828
40.22000000000057,0.01,125.0,0.1670386791229248,4.833323571087419,205.71345923356589,0.07287203085750026,-0.393494813713694,194.70296914467392
40.230000000000565,0.01,125.0,0.17026376724243164,4.834993957878648,205.76179246927674,0.07663252625964574,-0.39276609340511914,194.6990341965368
40.24000000000056,0.01,125.0,0.17349004745483398,4.836696595551072,205.8101424088555,0.08039216663372989,-0.39199976814252285,194.69510653560275
40.25000000000056,0.01,125.0,0.17671823501586914,4.8384314960256205,205.858509374811,0.08415091487362426,-0.3911958464761857,194.6911865379213
40.26000000000056,0.01,125.0,0.1799478530883789,4.840198678375779,205.90689368977127,0.0879087338819991,-0.3903543373274496,194.68727457945656
40.27000000000056,0.01,125.0,0.18317866325378418,4.841998156906662,205.955295676555,0.09166558657069787,-0.3894752499886298,194.6833710360833
40.280000000000555,0.01,125.0,0.18641090393066406,4.8438299435392,206.00371565812407,0.09542143586109915,-0.38855859412292304,194.6794762835834
40.29000000000055,0.01,125.0,0.18964505195617676,4.845694052578506,206.05215395755945,0.09917624468449095,-0.3876043797643122,194.67559069764218
40.30000000000055,0.01,125.0,0.19288098812103271,4.8475905030980675,206.10061089808522,0.10292997598242393,-0.3866126173174675,194.67171465384453
40.31000000000055,0.01,125.0,0.19611716270446777,4.849519312979277,206.1490868031162,0.10668259270708565,-0.38558331755764347,194.66784852767137
40.32000000000055,0.01,125.0,0.1993553638458252,4.851480484606322,206.197581996246,0.1104340578216619,-0.38451649163057283,194.6639926944958
40.330000000000545,0.01,125.0,0.20259475708007812,4.853474038244779,206.24609680109205,0.11418433430071077,-0.38341215105235643,194.6601475295795
40.34000000000054,0.01,125.0,0.20583558082580566,4.855499985815579,206.2946315414745,0.11793338513051534,-0.38227030770934955,194.65631340806897
40.35000000000054,0.01,125.0,0.2090775966644287,4.857558341623837,206.34318654133264,0.12168117330945745,-0.38109097385804463,194.65249070499186
40.36000000000054,0.01,125.0,0.21232151985168457,4.859649117590481,206.39176212474888,0.12542766184837872,-0.3798741621249503,194.6486797952533
40.37000000000054,0.01,125.0,0.21556556224822998,4.861772332788997,206.44035861592477,0.12917281377095402,-0.37861988550646675,194.64488105363205
40.380000000000535,0.01,125.0,0.2188115119934082,4.863927988411478,206.48897633925264,0.13291659211404377,-0.37732815736875747,194.64109485477698
40.39000000000053,0.01,125.0,0.22205829620361328,4.866116103531412,206.53761561913674,0.1366589599280671,-0.3759989914476173,194.63732157320328
40.40000000000053,0.01,125.0,0.22530615329742432,4.868336686493447,206.58627678017206,0.14039988027736244,-0.3746324018483369,194.6335615832888
40.41000000000053,0.01,125.0,0.22855472564697266,4.870589748026421,206.634960147037,0.14413931624056045,-0.37322840304556354,194.62981525927032
40.42000000000053,0.01,125.0,0.23180508613586426,4.87287529528289,206.68366604451725,0.14787723091093574,-0.3717870098831582,194.62608297523985
40.430000000000526,0.01,125.0,0.23505592346191406,4.875193346144249,206.73239479747008,0.15161358739677952,-0.3703082375740491,194.62236510514103
40.44000000000052,0.01,125.0,0.23830747604370117,4.877543905378867,206.7811467309315,0.15534834882175966,-0.36879210170008164,194.61866202276528
40.45000000000052,0.01,125.0,0.241560697555542,4.879926980139304,206.82992216998528,0.15908147832529287,-0.3672386182118644,194.6149741017483
40.46000000000052,0.01,125.0,0.24481439590454102,4.882342587114859,206.87872143978666,0.16281293906289593,-0.36564780342861175,194.61130171556616
40.47000000000052,0.01,125.0,0.24806880950927734,4.884790731073904,206.9275448656578,0.16654269420655787,-0.36401967403798313,194.60764523753187
40.480000000000516,0.01,125.0,0.2513244152069092,4.8872714191689965,206.97639277296852,0.17027070694509905,-0.3623542470959179,194.6040050407915
40.490000000000514,0.01,125.0,0.2545804977416992,4.889784663321065,207.0252654871602,0.17399694048454303,-0.36065154002646727,194.60038149832053
40.50000000000051,0.01,125.0,0.25783801078796387,4.892330468298482,207.0741633337934,0.17772135804846698,-0.35891157062162216,194.59677498292027
40.51000000000051,0.01,125.0,0.2610955238342285,4.894908848406361,207.12308663847637,0.18144392287837316,-0.35713435704113783,194.59318586721406
40.52000000000051,0.01,125.0,0.26435399055480957,4.897519803644703,207.17203572696042,0.1851645982340475,-0.35531991781235445,194.58961452364366
40.530000000000506,0.01,125.0,0.26761341094970703,4.9001633435502505,207.22101092499685,0.1888833473939305,-0.35346827183001434,194.58606132446553
40.540000000000504,0.01,125.0,0.2708733081817627,4.9028394776597475,207.27001255843234,0.19260013365546716,-0.3515794383560754,194.58252664174722
40.5500000000005,0.01,125.0,0.27413320541381836,4.905548210741564,207.31904095320894,0.19631492033547762,-0.3496534370195211,194.57901084736366
40.5600000000005,0.01,125.0,0.27739477157592773,4.908289542795702,207.36809643531635,0.2000276707705171,-0.34769028781616673,194.57551431299348
40.5700000000005,0.01,125.0,0.2806565761566162,4.91106349051146,207.4171793307443,0.20373834831723556,-0.345690011108462,194.5720374101153
40.580000000000496,0.01,125.0,0.28391826152801514,4.9138700562730255,207.4662899656494,0.2074469163527479,-0.34365262762529003,194.56858051000424
40.590000000000494,0.01,125.0,0.28718090057373047,4.916709238888305,207.5154286662121,0.21115333827498273,-0.341578158461763,194.56514398372798
40.60000000000049,0.01,125.0,0.29044413566589355,4.919581047894042,207.56459575860097,0.21485757750305196,-0.3394666250790136,194.56172820214337
40.61000000000049,0.01,125.0,0.29370760917663574,4.9224854892507,207.6137915690799,0.21855959747760784,-0.3373180493039835,194.5583335358926
40.62000000000049,0.01,125.0,0.2969716787338257,4.925422565342466,207.66301642397238,0.22225936166121196,-0.3351324533292079,194.55496035539954
40.630000000000486,0.01,125.0,0.3002357482910156,4.928392282129804,207.7122706496258,0.22595683353868334,-0.3329098597125962,194.55160903086625
40.640000000000484,0.01,125.0,0.3034999370574951,4.931394639612713,207.76155457244707,0.22965197661746736,-0.3306502913772098,194.5482799322691
40.65000000000048,0.01,125.0,0.306765079498291,4.934429638983287,207.8108685188432,0.2333447544279915,-0.32835377161103557,194.54497342935534
40.66000000000048,0.01,125.0,0.3100302219390869,4.937497289778269,207.860212815233,0.23703513052403374,-0.32602032406675613,194.54168989163924
40.67000000000048,0.01,125.0,0.3132956027984619,4.940597591997659,207.90958778813078,0.24072306848306985,-0.32364997276151625,194.53842968839857
40.680000000000476,0.01,125.0,0.31656157970428467,4.943730548025643,207.95899376405075,0.24440853190664102,-0.321242742076686,194.53519318867095
40.690000000000474,0.01,125.0,0.3198268413543701,4.946896163822685,208.00843106953099,0.2480914844207091,-0.3187986567576201,194.53198076125017
40.70000000000047,0.01,125.0,0.3230929374694824,4.950094432236228,208.0579000311692,0.25177188967602376,-0.3163177419134135,194.52879277468259
40.71000000000047,0.01,125.0,0.3263590335845947,4.953325361610922,208.10740097549154,0.2554497113484689,-0.3138000230166538,194.52562959726345
40.72000000000047,0.01,125.0,0.3296250104904175,4.956588951946768,208.15693422910763,0.2591249131394294,-0.3112455259031696,194.52249159703328
40.730000000000466,0.01,125.0,0.33289098739624023,4.959885202051671,208.2065001186271,0.26279745877614524,-0.3086542767717758,194.51937914177424
40.740000000000464,0.01,125.0,0.33615708351135254,4.963214111925633,208.2560989706476,0.2664673120120779,-0.3060263021840149,194.51629259900653
40.75000000000046,0.01,125.0,0.33942294120788574,4.9665756827607455,208.30573111176685,0.27013443662725534,-0.30336162906389463,194.5132323359847
40.76000000000046,0.01,125.0,0.34268903732299805,4.969969912172823,208.35539686859445,0.2737987964286381,-0.3006602846976226,194.51019871969405
40.77000000000046,0.01,125.0,0.3459545373916626,4.973396802546053,208.40509656771619,0.27746035525047225,-0.2979222967333368,194.50719211684708
40.780000000000456,0.01,125.0,0.34922027587890625,4.976856347919969,208.45483053574165,0.2811190769546546,-0.2951476931808326,194.50421289387975
40.790000000000454,0.01,125.0,0.35248613357543945,4.980348550678757,208.50459909922083,0.28477492543107696,-0.2923365024112866,194.50126141694795
40.80000000000045,0.01,125.0,0.355751633644104,4.9838734120145105,208.5544025847276,0.28842786459799075,-0.2894887531569764,194.49833805192384
40.81000000000045,0.01,125.0,0.35901641845703125,4.987430928350951,208.60424131884773,0.29207785840235906,-0.2866044745109971,194.49544316439227
40.82000000000045,0.01,125.0,0.36228132247924805,4.9910210925355205,208.65411562813122,0.29572487082022075,-0.28368369592697407,194.49257711964717
40.830000000000446,0.01,125.0,0.36554622650146484,4.994643905760312,208.70402583905656,0.29936886585703365,-0.28072644721877243,194.4897402826879
40.840000000000444,0.01,125.0,0.36881065368652344,4.998299368025326,208.75397227811416,0.3030098075480378,-0.2777327585602027,194.48693301821572
40.85000000000044,0.01,125.0,0.3720744848251343,5.00198747456219,208.8039552717944,0.3066476599586086,-0.2747026604847229,194.48415569063013
40.86000000000044,0.01,125.0,0.375338077545166,5.005708219410441,208.85397514654,0.3102823871846094,-0.27163618388513744,194.48140866402528
40.87000000000044,0.01,125.0,0.3786013126373291,5.009461600185892,208.90403222873408,0.3139139533527539,-0.268533360013292,194.47869230218643
40.880000000000436,0.01,125.0,0.38186419010162354,5.013247613312265,208.95412684473592,0.3175423226209482,-0.2653942204797651,194.4760069685863
40.890000000000434,0.01,125.0,0.38512635231018066,5.0170662552132805,209.00425932086904,0.32116745917865247,-0.26221879725355624,194.4733530263815
40.90000000000043,0.01,125.0,0.38838791847229004,5.020917518736382,209.05442998342116,0.32478932724723025,-0.25900712266177034,194.47073083840894
40.91000000000043,0.01,125.0,0.3916490077972412,5.024801397921104,209.1046391586085,0.32840789108031015,-0.2557592293892987,194.46814076718232
40.92000000000043,0.01,125.0,0.3949093818664551,5.0287178879990755,209.1548871725877,0.3320231149641258,-0.2524751504784962,194.46558317488842
40.930000000000426,0.01,125.0,0.3981689214706421,5.032666981817739,209.2051743514677,0.3356349632178771,-0.24915491932885564,194.46305842338364
40.940000000000424,0.01,125.0,0.4014286994934082,5.036648671032444,209.25550102128585,0.33924340019407784,-0.24579856969667754,194.46056687419036
40.95000000000042,0.01,125.0,0.4046872854232788,5.040662958027378,209.30586750799617,0.34284839027891606,-0.24240613569473743,194.4581088884934
40.96000000000042,0.01,125.0,0.4079456329345703,5.04470983088161,209.35627413757643,0.34644989789259284,-0.23897765179194896,194.45568482713645
40.97000000000042,0.01,125.0,0.41120266914367676,5.048789287210955,209.40672123588524,0.350047887489682,-0.23551315281302374,194.45329505061852
40.980000000000416,0.01,125.0,0.4144585132598877,5.052901313902391,209.45720912875734,0.35364232355947695,-0.2320126739381276,194.4509399190904
40.990000000000414,0.01,125.0,0.41771459579467773,5.057045899034988,209.50773814189637,0.35723317062634863,-0.22847625070253355,194.448619792351
41.00000000000041,0.01,125.0,0.42096948623657227,5.061223044992934,209.5583086008867,0.36082039325008436,-0.22490391899627077,194.44633502984397
41.01000000000041,0.01,125.0,0.42422306537628174,5.065432739855298,209.60892083133663,0.3644039560262448,-0.22129571506377063,194.444085990654
41.02000000000041,0.01,125.0,0.4274764060974121,5.069674970509061,209.65957515873518,0.3679838235865104,-0.21765167550350892,194.44187303350336
41.030000000000406,0.01,125.0,0.4307281970977783,5.073949734570034,209.71027190844026,0.37155996059903734,-0.21397183726764454,194.4396965167483
41.040000000000404,0.01,125.0,0.4339792728424072,5.078257016541011,209.76101140578595,0.37513233176879524,-0.2102562376616549,194.43755679837562
41.0500000000004,0.01,125.0,0.43722963333129883,5.082596809269434,209.81179397595136,0.3787009018379228,-0.2065049143439677,194.435454235999
41.0600000000004,0.01,125.0,0.4404785633087158,5.086969105602746,209.86261994404404,0.3822656355860721,-0.20271790532558923,194.43338918685558
41.0700000000004,0.01,125.0,0.44372689723968506,5.091373891235833,209.91348963510006,0.3858264978307642,-0.19889524896972927,194.43136200780233
41.080000000000396,0.01,125.0,0.4469733238220215,5.095811160208228,209.96440337401242,0.38938345342772435,-0.19503698399142239,194.42937305531262
41.090000000000394,0.01,125.0,0.45021891593933105,5.100280893446448,210.0153614856145,0.39293646727123677,-0.19114314945714592,194.42742268547272
41.10000000000039,0.01,125.0,0.453464150428772,5.104783082605841,210.06636429454895,0.39648550429448726,-0.18721378478443435,194.42551125397816
41.11000000000039,0.01,125.0,0.4567068815231323,5.109317724110127,210.11741212537498,0.40003052946991724,-0.18324892974149026,194.42363911613032
41.12000000000039,0.01,125.0,0.4599496126174927,5.113884792925358,210.16850530261607,0.40357150780955736,-0.17924862444679188,194.4218066268329
41.130000000000386,0.01,125.0,0.46319055557250977,5.118484289051532,210.21964415054532,0.4071084043653809,-0.1752129093686971,194.42001414058845
41.140000000000384,0.01,125.0,0.4664301872253418,5.123116194607256,210.27082899343583,0.4106411842296449,-0.1711418253250441,194.41826201149476
41.15000000000038,0.01,125.0,0.4696683883666992,5.127780496479509,210.32206015538188,0.41416981253524227,-0.16703541348274847,194.4165505932415
41.16000000000038,0.01,125.0,0.47290563583374023,5.132477180363175,210.37333796034667,0.4176942544560342,-0.16289371535739688,194.41488023910668
41.17000000000038,0.01,125.0,0.47614145278930664,5.137206236721512,210.4246627321503,0.4212144752072018,-0.1587167728128374,194.4132513019531
41.180000000000376,0.01,125.0,0.47937560081481934,5.141967651249404,210.4760347945175,0.42473044004558735,-0.1545046280607662,194.41166413422496
41.190000000000374,0.01,125.0,0.4826083183288574,5.146761407257551,210.52745447102998,0.4282421142700356,-0.15025732366031117,194.41011908794437
41.20000000000037,0.01,125.0,0.48583984375,5.151587490440838,210.57892208510256,0.4317494632217434,-0.14597490251761167,194.40861651470777
41.21000000000037,0.01,125.0,0.48906922340393066,5.156445888878338,210.63043796000696,0.4352524522845907,-0.1416574078853951,194.4071567656826
41.22000000000037,0.01,125.0,0.4922971725463867,5.161336581112376,210.68200241889573,0.4387510468854896,-0.13730488336255006,194.40574019160374
41.230000000000366,0.01,125.0,0.49552440643310547,5.16625955283784,210.73361578470684,0.44224521249472193,-0.13291737289369604,194.40436714277013
41.240000000000364,0.01,125.0,0.49874937534332275,5.17121479690217,210.7852783802352,0.44573491462628767,-0.1284949207687497,194.40303796904118
41.25000000000036,0.01,125.0,0.5019726753234863,5.176202290655603,210.8369905282042,0.44922011883823365,-0.1240375716224877,194.40175301983348
41.26000000000036,0.01,125.0,0.5051941871643066,5.181222017408836,210.88875255111077,0.45270079073300146,-0.11954537043410626,194.40051264411724
41.27000000000036,0.01,125.0,0.5084142684936523,5.186273959280478,210.94056477128484,0.45617689595776256,-0.11501836252677715,194.3993171904129
41.280000000000356,0.01,125.0,0.5116326808929443,5.191358101965414,210.99242751087763,0.4596484002047657,-0.11045659356720043,194.39816700678762
41.290000000000354,0.01,125.0,0.5148491859436035,5.1964744287743425,211.04434109189728,0.4631152692116637,-0.10586010956515368,194.39706244085195
41.30000000000035,0.01,125.0,0.5180641412734985,5.201622920633778,211.09630583618502,0.4665774687618588,-0.10122895687303797,194.3960038397563
41.31000000000035,0.01,125.0,0.5212770700454712,5.206803562046511,211.14832206539134,0.4700349646848374,-0.09656318218542032,194.39499155018757
41.32000000000035,0.01,125.0,0.5244876146316528,5.212016332746965,211.2003901010118,0.4734877228565146,-0.09186283253857287,194.3940259183657
41.33000000000035,0.01,125.0,0.5276973247528076,5.217261208893281,211.25251026433926,0.47693570919955897,-0.08712795531000866,194.39310729004032
41.340000000000344,0.01,125.0,0.5309045314788818,5.222538182140808,211.3046828764282,0.48037888968373743,-0.08235859821801403,194.3922360104872
41.35000000000034,0.01,125.0,0.5341103076934814,5.227847227455596,211.35690825824958,0.4838172303262468,-0.07755480932117761,194.39141242450503
41.36000000000034,0.01,125.0,0.5373132228851318,5.23318833053253,211.4091867305241,0.4872506971920568,-0.07271663701791611,194.39063687641183
41.37000000000034,0.01,125.0,0.5405144691467285,5.238561462761381,211.46151861382944,0.49067925639423393,-0.06784413004599651,194.38990971004165
41.38000000000034,0.01,125.0,0.5437135696411133,5.2439666074528475,211.51390422845705,0.49410287409428266,-0.06293733748205516,194.38923126874118
41.390000000000335,0.01,125.0,0.5469107627868652,5.249403743149258,211.56634389453157,0.4975215165024768,-0.05799630874111331,194.38860189536638
41.40000000000033,0.01,125.0,0.5501053333282471,5.254872850777125,211.61883793196304,0.5009351498781996,-0.053021093576089535,194.38802193227897
41.41000000000033,0.01,125.0,0.5532984733581543,5.2603739041104065,211.6713866604708,0.5043437405302661,-0.04801174207730854,194.38749172134322
41.42000000000033,0.01,125.0,0.5564892292022705,5.265906888843987,211.7239903995119,0.5077472548172625,-0.04296830467200688,194.38701160392245
41.43000000000033,0.01,125.0,0.5596776008605957,5.271471781136008,211.77664946840034,0.5111456591478749,-0.03789083212383527,194.38658192087573
41.440000000000325,0.01,125.0,0.562863826751709,5.277068557144613,211.82936418621168,0.5145389199812285,-0.03277937553235753,194.3862030125545
41.45000000000032,0.01,125.0,0.5660479068756104,5.282697195412129,211.8821348717831,0.5179270038272068,-0.02763398633254627,194.38587521879916
41.46000000000032,0.01,125.0,0.5692297220230103,5.288357674480884,211.93496184373723,0.5213098772467901,-0.022454716294275232,194.38559887893584
41.47000000000032,0.01,125.0,0.5724091529846191,5.294049971701113,211.98784542048202,0.5246875068523834,-0.017241617521808368,194.3853743317729
41.48000000000032,0.01,125.0,0.575586199760437,5.299774063230958,212.04078592019903,0.5280598593081443,-0.011994742453285578,194.3852019155977
41.490000000000315,0.01,125.0,0.5787605047225952,5.30552992522856,212.09378366083132,0.5314269013303192,-0.006714143860205186,194.38508196817315
41.50000000000031,0.01,125.0,0.581932783126831,5.311317530275785,212.14683896008358,0.534788599687561,-0.001399874846903051,194.38501482673456
41.51000000000031,0.01,125.0,0.5851020812988281,5.317136858107052,212.19995213538633,0.5381449212012639,0.003948011149971495,194.3850008279861
41.52000000000031,0.01,125.0,0.5882694721221924,5.322987878920038,212.25312350396737,0.5414958327458876,0.009329460361983063,194.3850403080976
41.53000000000031,0.01,125.0,0.5914340019226074,5.328870573641259,212.30635338275655,0.544841301249292,0.01474441868944086,194.38513360270122
41.540000000000305,0.01,125.0,0.5945961475372314,5.334784913660484,212.35964208849296,0.5481812936930515,0.020192831701932697,194.3852810468881
41.5500000000003,0.01,125.0,0.5977556705474854,5.340730875135855,212.41298993762956,0.5515157771127891,0.02567464463886212,194.38548297520512
41.5600000000003,0.01,125.0,0.6009128093719482,5.3467084318413285,212.46639724638092,0.5548447185984979,0.031189802409988913,194.3857397216515
41.5700000000003,0.01,125.0,0.6040670871734619,5.352717559935047,212.51986433069933,0.558168085294873,0.036738249595972786,194.3860516196756
41.5800000000003,0.01,125.0,0.6072185039520264,5.358758230806781,212.57339150629866,0.561485844401625,0.042319930448920406,194.38641900217158
41.590000000000295,0.01,125.0,0.6103670597076416,5.3648304158463,212.62697908860673,0.5647979631738109,0.04793478889293554,194.38684220147607
41.60000000000029,0.01,125.0,0.6135132312774658,5.370934086443375,212.6806273927652,0.5681044089221537,0.053582768524672524,194.387321549365
41.61000000000029,0.01,125.0,0.616657018661499,5.377069218756149,212.73433673362962,0.5714051490133726,0.05926381261389293,194.38785737705024
41.62000000000029,0.01,125.0,0.6197977066040039,5.383235788942763,212.78810742581717,0.5747001508704935,0.06497786410402552,194.38845001517637
41.63000000000029,0.01,125.0,0.6229345798492432,5.389433766008802,212.84193978370658,0.5779893819731783,0.07072486561272931,194.38909979381742
41.640000000000285,0.01,125.0,0.6260697841644287,5.395663111807293,212.89583412136665,0.581272809858042,0.07650475943245995,194.38980704247356
41.65000000000028,0.01,125.0,0.6292014122009277,5.401923809648936,212.94979075248472,0.5845504021189808,0.08231748753103921,194.39057209006788
41.66000000000028,0.01,125.0,0.632331132888794,5.408215823770944,213.0038099905812,0.5878221264074803,0.08816299155222786,194.39139526494318
41.67000000000028,0.01,125.0,0.6354563236236572,5.41453913509983,213.0578921488189,0.5910879504329429,0.09404121281630148,194.3922768948587
41.68000000000028,0.01,125.0,0.6385798454284668,5.420893698336066,213.1120375401699,0.5943478419630018,0.09995209232062974,194.39321730698686
41.690000000000275,0.01,125.0,0.641700029373169,5.427279496790349,213.16624647715324,0.5976017688238474,0.10589557074025857,194.39421682791007
41.70000000000027,0.01,125.0,0.6448166370391846,5.433696497084079,213.22051927212112,0.6008496989005336,0.11187158842849586,194.39527578361748
41.71000000000027,0.01,125.0,0.6479310989379883,5.440144663454469,213.27485623709197,0.6040916001373017,0.1178800854175,194.39639449950175
41.72000000000027,0.01,125.0,0.6510415077209473,5.446623974443848,213.3292576837265,0.6073274405378932,0.12392100141887182,194.39757330035593
41.73000000000027,0.01,125.0,0.654149055480957,5.453134389521057,213.3837239234709,0.6105571881658738,0.12999427582424955,194.3988125103701
41.740000000000265,0.01,125.0,0.6572539806365967,5.459675880075865,213.43825526736612,0.6137808111449362,0.13609984770590708,194.40011245312834
41.75000000000026,0.01,125.0,0.6603552103042603,5.46624841988223,213.49285202616687,0.616998277659223,0.14223765581735523,194.4014734516054
41.76000000000026,0.01,125.0,0.6634528636932373,5.472851971985271,213.5475145103657,0.6202095559536389,0.14840763859394623,194.40289582816357
41.77000000000026,0.01,125.0,0.6665477752685547,5.479486500622202,213.60224303008553,0.6234146143341616,0.1546097341534814,194.4043799045495
41.78000000000026,0.01,125.0,0.6696388721466064,5.486151978374886,213.65703789509175,0.6266134211681623,0.16084388029682176,194.40592600189103
41.790000000000255,0.01,125.0,0.6727273464202881,5.492848367096351,213.7118994148755,0.6298059448847075,0.16711001450850213,194.407534440694
41.80000000000025,0.01,125.0,0.6758120059967041,5.499575640560552,213.76682789854644,0.6329921539748767,0.17340807395734795,194.40920554083908
41.81000000000025,0.01,125.0,0.6788935661315918,5.506333760620518,213.82182365495203,0.6361720169920708,0.17973799549709546,194.41093962157865
41.82000000000025,0.01,125.0,0.6819711923599243,5.513122696281833,213.8768869925582,0.6393455025523292,0.18609971566701491,194.41273700153363
41.83000000000025,0.01,125.0,0.6850458383560181,5.519942408205431,213.932018219521,0.6425125793346289,0.19249317069253694,194.4145979986903
41.840000000000245,0.01,125.0,0.6881167888641357,5.526792866588989,213.98721764360306,0.6456732160812004,0.19891829648588194,194.41652293039724
41.85000000000024,0.01,125.0,0.6911842823028564,5.533674034477629,214.04248557226893,0.6488273815978335,0.20537502864669266,194.41851211336208
41.86000000000024,0.01,125.0,0.6942485570907593,5.540585877300656,214.0978223126137,0.6519750447541913,0.2118633024626697,194.42056586364856
41.87000000000024,0.01,125.0,0.6973085403442383,5.547528362871563,214.15322817138667,0.6551161744841076,0.21838305291021032,194.42268449667318
41.88000000000024,0.01,125.0,0.7003655433654785,5.554501448275004,214.20870345501538,0.6582507397859,0.2249342146550501,194.4248683272023
41.890000000000235,0.01,125.0,0.703418493270874,5.561505103708657,214.2642484694981,0.6613787097226725,0.23151672205290777,194.42711766934883
41.90000000000023,0.01,125.0,0.7064683437347412,5.5685392886413645,214.3198635205352,0.6645000534226286,0.23813050915013317,194.42943283656936
41.91000000000023,0.01,125.0,0.7095136642456055,5.57560397207871,214.3755489134216,0.667614740079364,0.24477550968435813,194.43181414166085
41.92000000000023,0.01,125.0,0.7125557661056519,5.582699108721164,214.43130495314236,0.670722738952179,0.25145165708515044,194.4342618967577
41.93000000000023,0.01,125.0,0.7155942916870117,5.58982466638222,214.48713194422956,0.6738240193663777,0.2581588844746709,194.43677641332854
41.940000000000225,0.01,125.0,0.718629002571106,5.596980609299089,214.54303019089338,0.6769185507135778,0.2648971246683333,194.4393580021733
41.95000000000022,0.01,125.0,0.7216598987579346,5.604166899324799,214.59899999698635,0.6800063024520028,0.2716663101754678,194.44200697341998
41.96000000000022,0.01,125.0,0.7246863842010498,5.611383498312377,214.65504166597958,0.6830872441067892,0.27846637319998646,194.44472363652173
41.97000000000022,0.01,125.0,0.7277090549468994,5.618630362154386,214.7111555009627,0.6861613452702852,0.285297245641053,194.44750830025373
41.98000000000022,0.01,125.0,0.7307286262512207,5.625907452703854,214.76734180458422,0.689228575602357,0.2921588590937545,194.45036127271015
41.990000000000215,0.01,125.0,0.7337439060211182,5.633214738966364,214.82360087911124,0.6922889048306774,0.2990511448497767,194.4532828613011
42.00000000000021,0.01,125.0,0.7367546558380127,5.640552178026574,214.87993302650088,0.6953423027510327,0.3059740338980821,194.4562733727496
42.01000000000021,0.01,125.0,0.7397618293762207,5.647919724584953,214.93633854828113,0.6983887392276164,0.31292745692559104,194.45933311308858
42.02000000000021,0.01,125.0,0.7427651882171631,5.655317342878714,214.99281774552696,0.7014281841933336,0.31991134431786583,194.46246238765784
42.03000000000021,0.01,125.0,0.7457644939422607,5.662744994760884,215.04937091895573,0.7044606076500881,0.32692562615979776,194.465661501101
42.040000000000205,0.01,125.0,0.7487597465515137,5.670202639700306,215.10599836890333,0.7074859796690847,0.33397023223629724,194.4689307573626
42.0500000000002,0.01,125.0,0.7517502307891846,5.6776902371658196,215.16270039530033,0.7105042703911207,0.34104509203298666,194.47227045968498
42.0600000000002,0.01,125.0,0.754737377166748,5.68520773947371,215.21947729767197,0.7135154500268893,0.34815013473689643,194.47568091060532
42.0700000000002,0.01,125.0,0.7577196359634399,5.692755113245376,215.2763293750667,0.7165194888572609,0.3552852892371639,194.4791624119527
42.0800000000002,0.01,125.0,0.760697603225708,5.700332309605009,215.33325692619914,0.7195163572335854,0.3624504841257351,194.48271526484507
42.090000000000195,0.01,125.0,0.7636723518371582,5.707939285637265,215.39026024929518,0.7225060255779817,0.3696456476980695,194.48633976968634
42.10000000000019,0.01,125.0,0.7666423320770264,5.715576009155635,215.44733964215155,0.7254884643836284,0.3768707079538479,194.4900362261633
42.11000000000019,0.01,125.0,0.7696077823638916,5.723242432476404,215.5044954022431,0.728463644215062,0.38412559259768275,194.49380493324284
42.12000000000019,0.01,125.0,0.7725694179534912,5.730938510300041,215.56172782656785,0.7314315357084571,0.3914102290398319,194.49764618916882
42.13000000000019,0.01,125.0,0.7755262851715088,5.738664204479575,215.61903721167084,0.7343921095719229,0.398724544396915,194.5015602914592
42.140000000000185,0.01,125.0,0.7784783840179443,5.746419467331288,215.67642385371562,0.7373453365857886,0.40606846549263276,194.50554753690318
42.15000000000018,0.01,125.0,0.7814271450042725,5.7542042511714655,215.73388804838893,0.7402911876028995,0.4134419188584892,194.5096082215581
42.16000000000018,0.01,125.0,0.7843708992004395,5.762018522621506,215.79143009090063,0.7432296335488936,0.42084483073451673,194.51374264074667
42.17000000000018,0.01,125.0,0.7873101234436035,5.7698622316135095,215.84905027612683,0.7461606454224955,0.4282771270700042,194.517951089054
42.18000000000018,0.01,125.0,0.7902443408966064,5.777735332847944,215.90674889844294,0.7490841942958001,0.43573873352422765,194.52223386032472
42.190000000000175,0.01,125.0,0.7931748628616333,5.785637776256908,215.96452625177142,0.7520002513145632,0.44322957546718417,194.52659124765995
42.20000000000017,0.01,125.0,0.7961008548736572,5.793569524885522,216.02238262953398,0.7549087876984778,0.4507495779803283,194.53102354341462
42.21000000000017,0.01,125.0,0.7990217208862305,5.801530533434257,216.0803183247828,0.7578097747414638,0.45829866585731155,194.5355310391944
42.22000000000017,0.01,125.0,0.8019387722015381,5.809520750643118,216.13833363011713,0.7607031838119491,0.4658767636047247,194.54011402585297
42.23000000000017,0.01,125.0,0.8048503398895264,5.817540138365132,216.19642883762356,0.7635889863531571,0.4734837954428427,194.54477279348902
42.240000000000165,0.01,125.0,0.8077572584152222,5.825588641764026,216.2546042390072,0.7664671538833804,0.4811196853063727,194.54950763144345
42.25000000000016,0.01,125.0,0.8106603622436523,5.833666214348177,216.31286012542483,0.7693376579962673,0.488784356845205,194.55431882829652
42.26000000000016,0.01,125.0,0.8135577440261841,5.841772817970612,216.3711967875683,0.7722004703610995,0.49647773342516616,194.55920667186496
42.27000000000016,0.01,125.0,0.8164504766464233,5.849908395410872,216.429614515748,0.775055562723078,0.5041997381287756,194.5641714491992
42.28000000000016,0.01,125.0,0.819339394569397,5.858072900177334,216.4881135997021,0.7779029069035922,0.5119502937560049,194.56921344658048
42.290000000000155,0.01,125.0,0.8222227096557617,5.866266294123027,216.54669432870386,0.7807424748005044,0.5197293228250393,194.57433294951804
42.30000000000015,0.01,125.0,0.8251006603240967,5.8744885212195825,216.6053569916451,0.7835742383884244,0.5275367475730427,194.57953024274627
42.31000000000015,0.01,125.0,0.827974796295166,5.882739527822822,216.66410187685727,0.7863981697189921,0.5353724899569254,194.584805610222
42.32000000000015,0.01,125.0,0.8308436870574951,5.891019275785772,216.7229292721355,0.7892142409211436,0.5432364716541138,194.59015933512157
42.33000000000015,0.01,125.0,0.8337075710296631,5.899327712656345,216.78183946489335,0.7920224242013929,0.5511286140633237,194.5955916998381
42.340000000000146,0.01,125.0,0.8365668058395386,5.90766478836664,216.8408327420199,0.7948226918441036,0.559048838305336,194.60110298597874
42.35000000000014,0.01,125.0,0.8394205570220947,5.916030456425034,216.89990938990354,0.7976150162117671,0.5669970652237755,194.6066934743618
42.36000000000014,0.01,125.0,0.8422693014144897,5.924424661995253,216.9590696944678,0.8003993697452683,0.5749732153858915,194.61236344501404
42.37000000000014,0.01,125.0,0.8451133966445923,5.932847355009397,217.01831394108774,0.8031757249641612,0.5829772090833426,194.61811317716788
42.38000000000014,0.01,125.0,0.8479523658752441,5.941298488975841,217.07764241463784,0.8059440544669413,0.5910089663329826,194.62394294925872
42.390000000000136,0.01,125.0,0.8507862091064453,5.949778012634591,217.13705539952758,0.8087043309313122,0.5990684068776504,194.62985303892205
42.400000000000134,0.01,125.0,0.8536145687103271,5.958285874725654,217.1965531796539,0.8114565271144626,0.6071554501869619,194.6358437229908
42.41000000000013,0.01,125.0,0.856438398361206,5.966822020412756,217.25613603840114,0.8142006158533258,0.6152700154581049,194.64191527749267
42.42000000000013,0.01,125.0,0.8592567443847656,5.975386404396366,217.31580425860525,0.8169365700648539,0.6234120216166366,194.64806797764726
42.43000000000013,0.01,125.0,0.862069845199585,5.983978971840211,217.3755581226492,0.8196643627462815,0.6315813873172835,194.65430209786342
42.440000000000126,0.01,125.0,0.8648772239685059,5.992599670292206,217.4353979123676,0.8223839669753995,0.6397780309447447,194.66061791173658
42.450000000000124,0.01,125.0,0.8676800727844238,6.00124844253189,217.4953239090705,0.8250953559108104,0.6480018706144971,194.66701569204602
42.46000000000012,0.01,125.0,0.8704776763916016,6.009925243259732,217.5553363934958,0.8277985027922001,0.6562528241736035,194.67349571075218
42.47000000000012,0.01,125.0,0.8732693195343018,6.018630020023647,217.6154356459284,0.8304933809405989,0.6645308092015239,194.68005823899392
42.48000000000012,0.01,125.0,0.8760557174682617,6.027362713218988,217.67562194612862,0.83317996375865,0.6728357430109282,194.68670354708593
42.490000000000116,0.01,125.0,0.8788375854492188,6.036123270393669,217.7358955732608,0.8358582247308644,0.681167542648513,194.69343190451605
42.500000000000114,0.01,125.0,0.8816132545471191,6.04491164624816,217.7962568059647,0.8385281374238874,0.68952612489582,194.70024357994254
42.51000000000011,0.01,125.0,0.8843834400177002,6.053727778793629,217.85670592242718,0.8411896754867573,0.6979114062700572,194.7071388411915
42.52000000000011,0.01,125.0,0.8871486186981201,6.062571613193804,217.9172432002151,0.8438428126511708,0.7063233030249231,194.71411795525418
42.53000000000011,0.01,125.0,0.8899078369140625,6.071443099380784,217.97786891634703,0.8464875227317338,0.7147617311514332,194.72118118828442
42.540000000000106,0.01,125.0,0.8926621675491333,6.080342177749923,218.03858334734082,0.8491237796262253,0.7232266063787488,194.72832880559594
42.550000000000104,0.01,125.0,0.8954107761383057,6.089268799425413,218.0993867691183,0.8517515573158528,0.7317178441750094,194.73556107165973
42.5600000000001,0.01,125.0,0.8981540203094482,6.098222907186794,218.16027945711255,0.8543708298655142,0.7402353597481662,194.74287825010148
42.5700000000001,0.01,125.0,0.9008910655975342,6.107204447389886,218.22126168618442,0.8569815714240454,0.7487790680468197,194.75028060369897
42.5800000000001,0.01,125.0,0.9036223888397217,6.11621335804586,218.2823337306583,0.8595837562244815,0.7573488837610585,194.75776839437944
42.590000000000096,0.01,125.0,0.906348705291748,6.125249581934255,218.34349586423875,0.8621773585843071,0.7659447213233016,194.76534188321705
42.600000000000094,0.01,125.0,0.9090690612792969,6.13431306898717,218.40474836005808,0.8647623529057172,0.774566494909143,194.77300133043028
42.61000000000009,0.01,125.0,0.9117835760116577,6.143403759599962,218.46609149074794,0.8673387136758602,0.7832141184381984,194.78074699537936
42.62000000000009,0.01,125.0,0.9144928455352783,6.152521595360077,218.52752552834394,0.8699064154670949,0.7918875055749554,194.78857913656375
42.63000000000009,0.01,125.0,0.9171960353851318,6.161666523815428,218.58905074429754,0.8724654329372404,0.8005865697296246,194.7964980116195
42.640000000000086,0.01,125.0,0.9198935031890869,6.170838484169277,218.65066740953569,0.8750157408298297,0.8093112240589952,194.8045038773168
42.650000000000084,0.01,125.0,0.9225852489471436,6.180037419201166,218.71237579437738,0.8775573139743525,0.8180613814672918,194.8125969895574
42.66000000000008,0.01,125.0,0.9252707958221436,6.189263271690636,218.77417616856937,0.8800901272865077,0.8268369546070335,194.82077760337205
42.67000000000008,0.01,125.0,0.9279506206512451,6.198515979648855,218.83606880128627,0.882614155768449,0.8356378558798969,194.82904597291812
42.68000000000008,0.01,125.0,0.9306246042251587,6.207795485855366,218.89805396108275,0.8851293745090373,0.8444639974375796,194.83740235147692
42.690000000000076,0.01,125.0,0.9332928657531738,6.217101731897616,218.9601319159413,0.8876357586840775,0.8533152911826682,194.8458469914513
42.700000000000074,0.01,125.0,0.9359550476074219,6.226434660555146,219.02230293326028,0.8901332835565697,0.8621916487695073,194.85438014436315
42.71000000000007,0.01,125.0,0.9386115074157715,6.235794211031219,219.0845672798658,0.8926219244769518,0.8710929816050712,194.86300206085085
42.72000000000007,0.01,125.0,0.941261887550354,6.245180326105374,219.14692522197612,0.895101656883341,0.880019200849839,194.8717129906669
42.73000000000007,0.01,125.0,0.943906307220459,6.2545929449808755,219.20937702523716,0.8975724563017826,0.8889702174186707,194.8805131826754
42.740000000000066,0.01,125.0,0.94654381275177,6.2640320080530785,219.27192295468694,0.9000342983464822,0.8979459419816866,194.88940288484957
42.750000000000064,0.01,125.0,0.9491763114929199,6.273497446180595,219.33456327476745,0.9024871587200529,0.9069462849651497,194.89838234426938
42.76000000000006,0.01,125.0,0.9518017768859863,6.282989209295522,219.39729824922924,0.9049310132137517,0.9159711565523485,194.90745180711903
42.77000000000006,0.01,125.0,0.9544222354888916,6.29250722706438,219.46012814132217,0.9073658377077239,0.9250204666844842,194.91661151868456
42.78000000000006,0.01,125.0,0.9570355415344238,6.302051449419268,219.52305321359282,0.9097916081712336,0.9340941250615596,194.9258617233514
42.790000000000056,0.01,125.0,0.9596428871154785,6.31162180483461,219.586073728087,0.9122083006629056,0.9431920411432702,194.93520266460203
42.800000000000054,0.01,125.0,0.9622442722320557,6.321218233705763,219.64918994613532,0.9146158913309592,0.9523141241498974,194.94463458501346
42.81000000000005,0.01,125.0,0.9648399353027344,6.330840676428082,219.71240212847238,0.9170143564134492,0.9614602830632051,194.95415772625495
42.82000000000005,0.01,125.0,0.9674286842346191,6.340489075781107,219.77571053523664,0.9194036722384923,0.9706304266273378,194.96377232908557
42.83000000000005,0.01,125.0,0.9700112342834473,6.3501633626234515,219.83911542599444,0.9217838152245058,0.9798244633497208,194.97347863335185
42.840000000000046,0.01,125.0,0.9725874662399292,6.359863474966284,219.90261705962067,0.9241547618804381,0.989042301501964,194.98327687798533
42.850000000000044,0.01,125.0,0.9751574993133545,6.369589349628681,219.9662156943703,0.9265164888060055,0.9982838491207666,194.99316730100034
42.86000000000004,0.01,125.0,0.977721095085144,6.379340924621813,220.0299115878666,0.9288689726919153,1.0075490140088248,195.00315013949154
42.87000000000004,0.01,125.0,0.9802781343460083,6.389118135572662,220.0937049971128,0.9312121903201014,1.0168377037357421,195.01322562963162
42.88000000000004,0.01,125.0,0.9828293323516846,6.39892091691612,220.1575961784685,0.9335461185639505,1.0261498256389412,195.02339400666898
42.890000000000036,0.01,125.0,0.9853733777999878,6.408749210239635,220.22158538763765,0.9358707343885357,1.0354852868245787,195.03365550492538
42.900000000000034,0.01,125.0,0.9879117012023926,6.418602944017633,220.28567287974002,0.9381860148508359,1.0448439941684622,195.0440103577936
42.91000000000003,0.01,125.0,0.9904427528381348,6.428482061029655,220.34985890918017,0.9404919370999678,1.0542258543169687,195.0544587977353
42.92000000000003,0.01,125.0,0.9929678440093994,6.438386488558034,220.41414372979045,0.9427884783774083,1.0636307736879664,195.06500105627845
42.93000000000003,0.01,125.0,0.9954862594604492,6.448316166998127,220.47852759467602,0.9450756160172248,1.0730586584717385,195.07563736401534
42.940000000000026,0.01,125.0,0.9979981184005737,6.458271029592729,220.54301075634598,0.9473533274462907,1.082509414631909,195.08636795060005
42.950000000000024,0.01,125.0,1.000503420829773,6.468251010776733,220.6075934666419,0.949621590184514,1.09198294790637,195.09719304474638
42.96000000000002,0.01,125.0,1.003002405166626,6.478256044985028,220.67227597674966,0.9518803818450559,1.1014791638082133,195.10811287422544
42.97000000000002,0.01,125.0,1.0054939985275269,6.488286069036692,220.7370585371995,0.9541296801345569,1.110997967626662,195.11912766586352
42.98000000000002,0.01,125.0,1.0079795122146606,6.498341009021965,220.80194139788983,0.9563694628533499,1.1205392644280057,195.13023764553978
42.990000000000016,0.01,125.0,1.0104581117630005,6.50842080414411,220.86692480798004,0.9585997078956838,1.1301029590565372,195.14144303818406
43.000000000000014,0.01,125.0,1.0129306316375732,6.5185253852617375,220.93200901602148,0.9608203932499402,1.1396889561354921,195.15274406777462
43.01000000000001,0.01,125.0,1.0153954029083252,6.528654691578112,220.9971942698741,0.96303149699885,1.1492971600679895,195.16414095733597
43.02000000000001,0.01,125.0,1.0178539752960205,6.538808645607193,221.06248081678984,0.9652329973197146,1.158927475037976,195.17563392893666
43.03000000000001,0.01,125.0,1.0203056335449219,6.548987185360152,221.1278689032459,0.967424872484613,1.1685798050111713,195.18722320368704
43.040000000000006,0.01,125.0,1.0227510929107666,6.559190241695599,221.1933587750995,0.9696071008606223,1.1782540537360155,195.19890900173715
43.050000000000004,0.01,125.0,1.0251893997192383,6.569417752624704,221.25895067751645,0.9717796609100283,1.1879501247446198,195.2106915422745
43.06,0.01,125.0,1.0276203155517578,6.579669646621895,221.3246448550427,0.9739425311905427,1.1976679213537182,195.22257104352195
43.07,0.01,125.0,1.030044674873352,6.58994584977741,221.3904415515089,0.9760956903555081,1.2074073466656217,195.2345477227355
43.08,0.01,125.0,1.0324621200561523,6.600246296526142,221.45634101000667,0.9782391171541126,1.2171683035691747,195.24662179620216
43.089999999999996,0.01,125.0,1.034873127937317,6.610570917726701,221.52234347297193,0.9803727904315979,1.2269506947407138,195.25879347923785
43.099999999999994,0.01,125.0,1.037276268005371,6.620919649006072,221.5884491821492,0.9824966891294724,1.2367544226450278,195.27106298618526
43.10999999999999,0.01,125.0,1.0396728515625,6.631292411686124,221.65465837863923,0.9846107922857125,1.2465793895363206,195.2834305304117
43.11999999999999,0.01,125.0,1.042062759399414,6.641689140201747,221.72097130275608,0.9867150790349731,1.2564254974591758,195.29589632430705
43.12999999999999,0.01,125.0,1.044445514678955,6.652109767795738,221.7873881941581,0.9888095286087928,1.2662926482495236,195.30846057928164
43.139999999999986,0.01,125.0,1.046821117401123,6.662554222942526,221.85390929183603,0.9908941203358019,1.2761807435356096,195.32112350576415
43.149999999999984,0.01,125.0,1.049189805984497,6.673022434116535,221.92053483406545,0.9929688336419209,1.2860896847389656,195.33388531319952
43.15999999999998,0.01,125.0,1.0515515804290771,6.683514332176378,221.9872650584066,0.9950336480505664,1.2960193730753828,195.34674621004692
43.16999999999998,0.01,125.0,1.0539052486419678,6.694029847980667,222.05410020172835,0.9970885431828531,1.3059697095558864,195.35970640377766
43.17999999999998,0.01,125.0,1.0562529563903809,6.704568900467084,222.12104050020815,0.9991334987577978,1.315940594987713,195.3727661008732
43.189999999999976,0.01,125.0,1.0585932731628418,6.7151314300309854,222.1880861892128,1.0011684945925137,1.325931929975289,195.38592550682307
43.199999999999974,0.01,125.0,1.060925841331482,6.7257173627626115,222.25523750351311,1.0031935106024128,1.335943614921212,195.39918482612282
43.20999999999997,0.01,125.0,1.0632514953613281,6.736326621175924,222.32249467714072,1.0052085268014042,1.3459755500272341,195.41254426227204
43.21999999999997,0.01,125.0,1.0655701160430908,6.746959136129536,222.38985794335247,1.0072135233020933,1.356027635295246,195.4260040177723
43.22999999999997,0.01,125.0,1.0678813457489014,6.757614837289965,222.45732753471376,1.009208480315973,1.366099770528265,195.43956429412526
43.23999999999997,0.01,125.0,1.0701849460601807,6.768293650747451,222.52490368308665,1.0111933781536235,1.3761918553314227,195.45322529183053
43.249999999999964,0.01,125.0,1.0724818706512451,6.778995500208051,222.5925866195941,1.0131681972249027,1.386303789112957,195.46698721038385
43.25999999999996,0.01,125.0,1.0747709274291992,6.789720318914561,222.66037657459617,1.0151329180391462,1.396435471085204,195.48085024827498
43.26999999999996,0.01,125.0,1.0770530700683594,6.800468028188852,222.7282737777853,1.0170875212053516,1.4065868002655935,195.49481460298583
43.27999999999996,0.01,125.0,1.0793275833129883,6.811238558889533,222.79627845806718,1.0190319874323746,1.416757675477645,195.5088804709885
43.28999999999996,0.01,125.0,1.081594705581665,6.822031834722661,222.86439084365605,1.0209662975291176,1.4269479953519666,195.52304804774326
43.299999999999955,0.01,125.0,1.0838544368743896,6.832847781778475,222.93261116200327,1.022890432404723,1.4371576583272558,195.53731752769679
43.30999999999995,0.01,125.0,1.0861073732376099,6.843686326147217,223.00093963982104,1.0248043730687553,1.447386562651301,195.55168910428006
43.31999999999995,0.01,125.0,1.088351845741272,6.854547399879591,223.0693765030825,1.0267081006313927,1.4576346063819865,195.56616296990657
43.32999999999995,0.01,125.0,1.0905895233154297,6.865430918337002,223.1379219770813,1.0286015963036133,1.4679016873882984,195.5807393159704
43.33999999999995,0.01,125.0,1.0928196907043457,6.876336813570154,223.20657628626466,1.0304848413973773,1.4781877033513324,195.59541833284428
43.349999999999945,0.01,125.0,1.0950415134429932,6.887265010477195,223.27533965440034,1.0323578173258188,1.488492551765304,195.61020020987777
43.35999999999994,0.01,125.0,1.0972567796707153,6.898215425611623,223.3442123045051,1.03422050560342,1.4988161299385603,195.62508513539544
43.36999999999994,0.01,125.0,1.0994644165039062,6.909187993408328,223.4131944587612,1.0360728878461998,1.5091583349945925,195.64007329669482
43.37999999999994,0.01,125.0,1.1016641855239868,6.920182637573365,223.48228633869527,1.0379149457718924,1.5195190638730525,195.65516488004477
43.38999999999994,0.01,125.0,1.1038563251495361,6.931199279428603,223.551488165071,1.0397466612001314,1.5298982133307693,195.6703600706835
43.399999999999935,0.01,125.0,1.1060409545898438,6.942237842680097,223.62080015786526,1.0415680160526242,1.5402956799427685,195.68565905281682
43.40999999999993,0.01,125.0,1.108217477798462,6.953298252225993,223.69022253629205,1.0433789923533339,1.5507113601032927,195.70106200961624
43.41999999999993,0.01,125.0,1.110386848449707,6.9643804270039755,223.7597555188143,1.0451795722286543,1.5611451500268239,195.71656912321725
43.42999999999993,0.01,125.0,1.1125484704971313,6.975484295488471,223.82939932308432,1.046969737907591,1.5715969457491084,195.73218057471752
43.43999999999993,0.01,125.0,1.1147022247314453,6.98660978019344,223.89915416603918,1.0487494717219308,1.5820666431281822,195.747896544175
43.449999999999925,0.01,125.0,1.1168479919433594,6.997756802440753,223.9690202638411,1.0505187561064189,1.5925541378453996,195.76371721060627
43.45999999999992,0.01,125.0,1.1189863681793213,7.008925282360184,224.0389978318655,1.052277573598932,1.6030593254064616,195.77964275198474
43.46999999999992,0.01,125.0,1.121117115020752,7.020115146041975,224.10908708468907,1.0540259068406534,1.6135821011424487,195.7956733452388
43.47999999999992,0.01,125.0,1.123239517211914,7.03132631719218,224.17928823614946,1.055763738576239,1.6241223602108532,195.81180916625024
43.48999999999992,0.01,125.0,1.1253547668457031,7.042558712364297,224.24960149932136,1.0574910516539913,1.6346799975966135,195.82805038985234
43.499999999999915,0.01,125.0,1.1274616718292236,7.0538122600327515,224.32002708644498,1.059207829026026,1.6452549081131513,195.8443971898283
43.50999999999991,0.01,125.0,1.1295607089996338,7.0650868767510415,224.3905652090453,1.060914053748446,1.6558469864034095,195.86084973890942
43.51999999999991,0.01,125.0,1.1316523551940918,7.076382483841035,224.4612160778128,1.0626097089815012,1.666456126940892,195.87740820877346
43.52999999999991,0.01,125.0,1.1337356567382812,7.087699007392974,224.5319799026512,1.0642947779897587,1.6770822240307048,195.89407277004287
43.53999999999991,0.01,125.0,1.1358110904693604,7.099036363960354,224.6028568927251,1.0659692441422668,1.6877251718106003,195.9108435922832
43.549999999999905,0.01,125.0,1.137878656387329,7.110394474865045,224.6738472563647,1.0676330909127225,1.698384864252021,195.9277208440013
43.5599999999999,0.01,125.0,1.1399379968643188,7.121773261428916,224.74495120111334,1.069286301879629,1.709061195161146,195.94470469264382
43.5699999999999,0.01,125.0,1.1419895887374878,7.1331726413975565,224.81616893372762,1.0709288607264613,1.7197540581799402,195.96179530459543
43.5799999999999,0.01,125.0,1.1440331935882568,7.144592537284929,224.8875006601416,1.0725607512418263,1.7304633467872026,195.97899284517723
43.5899999999999,0.01,125.0,1.146068811416626,7.156032869220809,224.95894658551444,1.0741819573196245,1.7411889542996186,195.9962974786451
43.599999999999895,0.01,125.0,1.1480960845947266,7.167493557334973,225.03050691420663,1.0757924629592062,1.7519307738728127,196.01370936818807
43.60999999999989,0.01,125.0,1.150115728378296,7.178974518180918,225.10218184977995,1.0773922522655306,1.7626886985024026,196.0312286759268
43.61999999999989,0.01,125.0,1.1521272659301758,7.190475675464699,225.17397159496176,1.0789813094493232,1.7734626210250557,196.04885556291183
43.62999999999989,0.01,125.0,1.1541306972503662,7.201996948123998,225.2458763517164,1.0805596188272302,1.7842524341195467,196.06659018912208
43.63999999999989,0.01,125.0,1.1561253070831299,7.213538255096499,225.31789632119762,1.0821271648219768,1.795058030307817,196.0844327134633
43.649999999999885,0.01,125.0,1.1581122875213623,7.225099508167328,225.39003170374858,1.0836839319625162,1.8058793019560346,196.10238329376637
43.65999999999988,0.01,125.0,1.1600914001464844,7.236680631042539,225.46228269883022,1.0852299048841854,1.8167161412756576,196.1204420867859
43.66999999999988,0.01,125.0,1.1620619297027588,7.2482815450440015,225.53464950514064,1.0867650683288546,1.8275684403244974,196.13860924819866
43.67999999999988,0.01,125.0,1.1640245914459229,7.259902164341026,225.60713232059106,1.0882894071450824,1.8384360910077837,196.1568849326019
43.68999999999988,0.01,125.0,1.1659789085388184,7.271542410255483,225.67973134223445,1.0898029062882588,1.8493189850792324,196.17526929351197
43.699999999999875,0.01,125.0,1.1679240465164185,7.283202199340869,225.752446766337,1.0913055508207588,1.8602170141421128,196.19376248336278
43.70999999999987,0.01,125.0,1.1698620319366455,7.294881439806031,225.8252787883304,1.092797325912086,1.8711300696503181,196.21236465350418
43.71999999999987,0.01,125.0,1.1717917919158936,7.306580060125395,225.89822760272844,1.094278216839025,1.882058042909437,196.2310759542007
43.72999999999987,0.01,125.0,1.1737126111984253,7.318297978044551,225.97129340332967,1.0957482089857788,1.893000825077825,196.24989653462978
43.73999999999987,0.01,125.0,1.1756253242492676,7.330035104156534,226.0444763831101,1.0972072878441186,1.9039583071676807,196.26882654288056
43.749999999999865,0.01,125.0,1.1775298118591309,7.341791357399024,226.11777673415165,1.0986554390135241,1.9149303800461197,196.28786612595223
43.75999999999986,0.01,125.0,1.1794261932373047,7.3535666555176125,226.1911946477256,1.1000926482013296,1.9259169344362528,196.30701542975268
43.76999999999986,0.01,125.0,1.1813137531280518,7.3653609174499834,226.26473031428077,1.1015189012228601,1.9369178609182638,196.32627459909705
43.77999999999986,0.01,125.0,1.1831928491592407,7.377174054981261,226.33838392345524,1.1029341840015738,1.94793304993049,196.34564377770621
43.78999999999986,0.01,125.0,1.1850638389587402,7.389005983472852,226.41215566400504,1.1043384825692002,1.9589623917705037,196.36512310820552
43.799999999999855,0.01,125.0,1.186926245689392,7.400856621862436,226.48604572383977,1.1057317830658813,1.9700057765961936,196.38471273212323
43.80999999999985,0.01,125.0,1.1887801885604858,7.412725884319328,226.5600542900584,1.1071140717403023,1.9810630944268501,196.4044127898892
43.81999999999985,0.01,125.0,1.1906259059906006,7.42461368620493,226.63418154890158,1.108485334949833,1.992134235144251,196.42422342083347
43.82999999999985,0.01,125.0,1.192462682723999,7.436519945264834,226.7084276857636,1.1098455591606573,2.003219088493747,196.4441447631849
43.83999999999985,0.01,125.0,1.1942908763885498,7.448444572092072,226.78279288521625,1.1111947309479135,2.0143175440853516,196.46417695406984
43.849999999999845,0.01,125.0,1.1961109638214111,7.460387480855955,226.85727733093717,1.1125328369958198,2.0254294913948283,196.48432012951068
43.85999999999984,0.01,125.0,1.1979222297668457,7.472348590494167,226.9318812057457,1.1138598640978101,2.0365548197647843,196.50457442442462
43.86999999999984,0.01,125.0,1.19972562789917,7.4843278127918325,227.00660469165064,1.1151757991566613,2.04769341840576,196.52493997262226
43.87999999999984,0.01,125.0,1.2015197277069092,7.496325069070822,227.08144796977854,1.1164806291846274,2.0588451763973246,196.5454169068063
43.88999999999984,0.01,125.0,1.2033050060272217,7.508340266347888,227.15641122046924,1.1177743413035623,2.0700099826891685,196.56600535857027
43.899999999999835,0.01,125.0,1.2050824165344238,7.520373316408158,227.2314946231327,1.1190569227450495,2.081187726102202,196.58670545839715
43.90999999999983,0.01,125.0,1.2068510055541992,7.532424140573499,227.30669835629678,1.1203283608505277,2.09237829532965,196.60751733565817
43.91999999999983,0.01,125.0,1.2086106538772583,7.544492650629039,227.3820225977025,1.1215886430714157,2.103581578938153,196.62844111861148
43.92999999999983,0.01,125.0,1.210362195968628,7.5565787571678085,227.45746752420877,1.122837756969238,2.114797465368865,196.64947693440087
43.93999999999983,0.01,125.0,1.212104320526123,7.568682379127492,227.53303331178043,1.1240756902157445,2.1260258429385552,196.67062490905454
43.949999999999825,0.01,125.0,1.2138381004333496,7.5808034223327505,227.6087201355717,1.125302430593033,2.1372665998407103,196.69188516748392
43.95999999999982,0.01,125.0,1.2155630588531494,7.592941803337082,227.68452816979502,1.1265179659936713,2.148519624146638,196.71325783348232
43.96999999999982,0.01,125.0,1.2172794342041016,7.605097433925611,227.76045758782837,1.1277222844208166,2.1597848038065726,196.73474302972377
43.97999999999982,0.01,125.0,1.218986988067627,7.61727022826765,227.8365085621676,1.128915373988332,2.1710620266507785,196.75634087776183
43.98999999999982,0.01,125.0,1.2206861972808838,7.629460098148323,227.91268126445027,1.1300972229209048,2.1823511803906595,196.77805149802833
43.999999999999815,0.01,125.0,1.2223753929138184,7.64166696012113,227.98897586543174,1.1312678195541623,2.1936521526198662,196.79987500983225
44.00999999999981,0.01,125.0,1.2240570783615112,7.653890714050266,228.06539253503294,1.13242715233479,2.2049648308154057,196.82181153135843
44.01999999999981,0.01,125.0,1.225728988647461,7.666131284833878,228.14193144217342,1.1335752098206409,2.2162891023387514,196.8438611796666
44.02999999999981,0.01,125.0,1.2273924350738525,7.67838857472035,228.21859275502175,1.1347119806808506,2.2276248544369555,196.86602407068997
44.03999999999981,0.01,125.0,1.2290476560592651,7.690662499071086,228.29537664076892,1.1358374536959495,2.2389719742437615,196.88830031923433
44.049999999999805,0.01,125.0,1.2306935787200928,7.702952975631677,228.37228326575962,1.1369516177579742,2.250330348780719,196.91069003897675
44.0599999999998,0.01,125.0,1.232330322265625,7.715259911418875,228.4493127955159,1.1380544618705748,2.2616998649582962,196.93319334246456
44.0699999999998,0.01,125.0,1.2339584827423096,7.727583214641529,228.5264653946301,1.139145975149125,2.2730804095769996,196.95581034111413
44.0799999999998,0.01,125.0,1.2355772256851196,7.73992279946895,228.6037412267765,1.140226146820829,2.2844718693284887,196.9785411452099
44.0899999999998,0.01,125.0,1.2371875047683716,7.752278571725799,228.68114045477117,1.1412949662248295,2.295874130796695,197.00138586390318
44.099999999999795,0.01,125.0,1.2387887239456177,7.76465044677348,228.7586632404884,1.14235242281231,2.307287080458941,197.02434460521116
44.10999999999979,0.01,125.0,1.2403807640075684,7.777038334012934,228.8363097449561,1.1433985061466008,2.3187106046870616,197.04741747601574
44.11999999999979,0.01,125.0,1.24196457862854,7.789442141653007,228.91408012829623,1.1444332059032811,2.3301445897485253,197.0706045820626
44.12999999999979,0.01,125.0,1.2435386180877686,7.8018617874392895,228.99197454971275,1.1454565118702833,2.341588921807556,197.0939060279601
44.13999999999979,0.01,125.0,1.2451035976409912,7.814297173620164,229.0699931675871,1.14646841394799,2.353043486926256,197.11732191717815
44.149999999999785,0.01,125.0,1.2466602325439453,7.8267482095965715,229.1481361393233,1.1474689021493363,2.364508171065734,197.1408523520474
44.15999999999978,0.01,125.0,1.2482070922851562,7.839214811922009,229.22640362141925,1.1484579665999068,2.375982860087225,197.16449743375804
44.16999999999978,0.01,125.0,1.2497453689575195,7.851696882844858,229.30479576953846,1.1494355975380361,2.387467439753222,197.18825726235892
44.17999999999978,0.01,125.0,1.2512743473052979,7.864194336534431,229.3833127383669,1.1504017853149007,2.3989617957286,197.21213193675644
44.18999999999978,0.01,125.0,1.2527940273284912,7.876707080007481,229.46195468173224,1.1513565203946172,2.4104658135817467,197.23612155471372
44.199999999999775,0.01,125.0,1.2543046474456787,7.889235020280764,229.5407217525323,1.1522997933543357,2.4219793787856907,197.26022621284955
44.20999999999977,0.01,125.0,1.2558064460754395,7.901778066755218,229.61961410273508,1.153231594884334,2.4335023767192316,197.2844460066374
44.21999999999977,0.01,125.0,1.2572989463806152,7.91433613121597,229.6986318834026,1.154151915788106,2.445034692668073,197.3087810304046
44.22999999999977,0.01,125.0,1.2587826251983643,7.926909120679774,229.77777524471475,1.1550607469824563,2.4565762118259515,197.33323137733126
44.23999999999977,0.01,125.0,1.2602571249008179,7.939496946931755,229.85704433592153,1.155958079497588,2.4681268192957737,197.3577971394495
44.249999999999766,0.01,125.0,1.2617220878601074,7.952099518180761,229.93643930539082,1.156843904477191,2.4796864000907473,197.38247840764245
44.25999999999976,0.01,125.0,1.2631778717041016,7.96471673905936,230.0159603005726,1.157718213178531,2.4912548391355167,197.40727527164336
44.26999999999976,0.01,125.0,1.2646243572235107,7.977348517776398,230.0956074679632,1.158580996972534,2.5028320212672996,197.4321878200347
44.27999999999976,0.01,125.0,1.2660620212554932,7.989994761348631,230.17538095314094,1.1594322473438723,2.5144178312370227,197.45721614024737
44.28999999999976,0.01,125.0,1.2674903869628906,8.002655381561183,230.25528090075443,1.1602719558910475,2.526012153710459,197.48236031855973
44.299999999999756,0.01,125.0,1.2689095735549927,8.01533028543081,230.33530745457003,1.1611001143264765,2.5376148732693675,197.50762044009682
44.309999999999754,0.01,125.0,1.2703185081481934,8.028019381166358,230.4154607574243,1.1619167144765694,2.54922587441263,197.5329965888295
44.31999999999975,0.01,125.0,1.271719217300415,8.040722566247837,230.49574095123597,1.1627217482818122,2.5608450415573936,197.5584888475736
44.32999999999975,0.01,125.0,1.2731101512908936,8.053439758420838,230.57614817689844,1.1635152077968463,2.572472259040209,197.5840972979892
44.33999999999975,0.01,125.0,1.2744919061660767,8.066170859933745,230.65668257448263,1.1642970851905468,2.5841074111181754,197.6098220205796
44.349999999999746,0.01,125.0,1.2758644819259644,8.078915778995404,230.73734428308194,1.1650673727460994,2.5957503819700785,197.63566309469078
44.359999999999744,0.01,125.0,1.2772278785705566,8.091674423814661,230.8181334408719,1.1658260628610768,2.607401055697537,197.66162059851047
44.36999999999974,0.01,125.0,1.2785813808441162,8.104446702600365,230.89905018511,1.1665731480475139,2.6190593163261457,197.68769460906745
44.37999999999974,0.01,125.0,1.2799263000488281,8.117232516408803,230.980094652136,1.1673086209319816,2.6307250478066186,197.7138852022307
44.38999999999974,0.01,125.0,1.2812608480453491,8.13003177940929,231.06126697730005,1.1680324742556598,2.642398134015936,197.74019245270875
44.399999999999736,0.01,125.0,1.282586693763733,8.14284438788974,231.14256729509412,1.1687447008744078,2.6540784587584905,197.7666164340489
44.409999999999734,0.01,125.0,1.2839031219482422,8.155670254827374,231.223995738973,1.1694452937588362,2.6657659057672323,197.79315721863648
44.41999999999973,0.01,125.0,1.2852098941802979,8.168509286046854,231.30555244152126,1.170134245994377,2.6774603587048182,197.81981487769414
44.42999999999973,0.01,125.0,1.2865071296691895,8.181361384988655,231.3872375343817,1.1708115507813495,2.6891617011647595,197.84658948128117
44.43999999999973,0.01,125.0,1.2877954244613647,8.194226456285344,231.46905114823159,1.1714772014350285,2.700869816672571,197.8734810982928
44.449999999999726,0.01,125.0,1.2890734672546387,8.207104410529956,231.5509934127944,1.1721311913857106,2.712584588686919,197.90048979645954
44.459999999999724,0.01,125.0,1.2903425693511963,8.2199951452025,231.6330644568997,1.1727735141787798,2.7243059006007737,197.9276156423464
44.46999999999972,0.01,125.0,1.2916021347045898,8.232898570896008,231.7152644083517,1.1734041634747692,2.736033635742559,197.9548587013524
44.47999999999972,0.01,125.0,1.2928526401519775,8.245814592243052,231.79759339406064,1.1740231330494244,2.7477676773773045,197.98221903770983
44.48999999999972,0.01,125.0,1.2940934896469116,8.258743118644569,231.88005153998304,1.1746304167937658,2.7595079087077963,198.0096967144836
44.499999999999716,0.01,125.0,1.2953240871429443,8.271684053541035,231.96263897116947,1.1752260087141482,2.7712542128757316,198.03729179357066
44.509999999999714,0.01,125.0,1.296546220779419,8.284637294412462,232.04535581170487,1.17580990293232,2.783006472962871,198.0650043356994
44.51999999999971,0.01,125.0,1.297757863998413,8.297602756620254,232.12820218464898,1.1763820936854805,2.7947645719921916,198.092834400429
44.52999999999971,0.01,125.0,1.2989602088928223,8.310580335260235,232.21117821221517,1.176942575326338,2.806528392929044,198.12078204614892
44.53999999999971,0.01,125.0,1.3001534938812256,8.323569937349161,232.29428401556777,1.177491342323165,2.8182978186823053,198.1488473300782
44.549999999999706,0.01,125.0,1.3013365268707275,8.33657147228797,232.37751971494126,1.1780283892598533,2.830072732105535,198.17703030826502
44.559999999999704,0.01,125.0,1.3025100231170654,8.349584837556675,232.46088542966413,1.178553710835966,2.841853015998131,198.20533103558606
44.5699999999997,0.01,125.0,1.3036746978759766,8.362609937787843,232.54438127803968,1.1790673018667912,2.8536385531064883,198.23374956574602
44.5799999999997,0.01,125.0,1.3048288822174072,8.3756466847666,232.62800737741753,1.1795691572833928,2.865429226125154,198.26228595127708
44.5899999999997,0.01,125.0,1.3059735298156738,8.388694973588771,232.7117638442652,1.1800592721326606,2.8772249176979856,198.29094024353833
44.599999999999696,0.01,125.0,1.3071088790893555,8.401754708886926,232.79565079400106,1.180537641577359,2.8890255104193097,198.3197124927153
44.609999999999694,0.01,125.0,1.3082350492477417,8.414825797677818,232.8796683410899,1.1810042608961744,2.900830886835081,198.34860274781948
44.61999999999969,0.01,125.0,1.3093509674072266,8.427908148170292,232.96381659906666,1.1814591254837623,2.9126409294440405,198.37761105668784
44.62999999999969,0.01,125.0,1.3104567527770996,8.441001657844362,233.04809568054836,1.1819022308507936,2.9244555206988756,198.40673746598227
44.63999999999969,0.01,125.0,1.3115532398223877,8.454106225372131,233.1325056971268,1.1823335726239967,2.9362745430073813,198.43598202118926
44.649999999999686,0.01,125.0,1.3126405477523804,8.467221757770352,233.21704675938048,1.1827531465462024,2.948097878733619,198.46534476661932
44.659999999999684,0.01,125.0,1.3137174844741821,8.480348163247873,233.30171897695817,1.1831609484763856,2.9599254101990784,198.49482574540664
44.66999999999968,0.01,125.0,1.3147847652435303,8.493485338092613,233.38652245859063,1.1835569743897063,2.97175701968384,198.52442499950862
44.67999999999968,0.01,125.0,1.315843105316162,8.506633185745045,233.47145731197153,1.1839412203775481,2.983592589427735,198.55414256970545
44.68999999999968,0.01,125.0,1.3168907165527344,8.519791616798203,233.55652364382897,1.1843136826475582,2.995432001631508,198.58397849559972
44.699999999999676,0.01,125.0,1.3179291486740112,8.532960523963729,233.64172155999694,1.1846743575236844,3.007275138457981,198.61393281561604
44.709999999999674,0.01,125.0,1.318957805633545,8.546139815450466,233.72705116523656,1.1850232414462116,3.0191218820332155,198.64400556700062
44.71999999999967,0.01,125.0,1.319976568222046,8.559329393506799,233.81251256339104,1.185360330971796,3.030972114447675,198.67419678582095
44.72999999999967,0.01,125.0,1.3209853172302246,8.572529159189017,233.8981058573261,1.1856856227735002,3.0428257177573905,198.70450650696543
44.73999999999967,0.01,125.0,1.3219850063323975,8.585739012361316,233.98383114891797,1.1859991136408254,3.054682573985123,198.734934764143
44.749999999999666,0.01,125.0,1.3229742050170898,8.598958862424636,234.06968853904158,1.1863008004797435,3.066542565121529,198.76548158988282
44.759999999999664,0.01,125.0,1.323953628540039,8.612188604474804,234.1556781276658,1.186590680312727,3.078405573126324,198.79614701553405
44.76999999999966,0.01,125.0,1.3249235153198242,8.625428140760201,234.24180001371053,1.1868687502787791,3.0902714799294486,198.8269310712653
44.77999999999966,0.01,125.0,1.3258836269378662,8.638677375913396,234.3280542951181,1.1871350076334612,3.102140167432234,198.8578337860646
44.78999999999966,0.01,125.0,1.3268336057662964,8.651936212182772,234.41444106887724,1.187389449748921,3.1140115175085663,198.8888551877389
44.799999999999656,0.01,125.0,1.3277738094329834,8.665204548240432,234.50096043099904,1.1876320741139177,3.125885412006053,198.91999530291397
44.809999999999654,0.01,125.0,1.3287042379379272,8.67848228633476,234.58761247648144,1.1878628783338463,3.13776173274719,198.95125415703404
44.81999999999965,0.01,125.0,1.329624891281128,8.691769328714136,234.67439729934478,1.1880818601307626,3.1496403615305257,198.98263177436152
44.82999999999965,0.01,125.0,1.330535650253296,8.705065577626945,234.7613149926319,1.1882890173434044,3.161521180131831,199.01412817797683
44.83999999999965,0.01,125.0,1.3314363956451416,8.718370934129474,234.84836564840813,1.1884843479272142,3.1734040703052626,199.04574338977815
44.849999999999646,0.01,125.0,1.332327127456665,8.731685298085923,234.9355493577494,1.1886678499543575,3.1852889137845324,199.0774774304812
44.859999999999644,0.01,125.0,1.333208680152893,8.745008569360486,235.02286621073026,1.1888395216137437,3.1971755922840734,199.10933031961903
44.86999999999964,0.01,125.0,1.3340797424316406,8.758340656162012,235.11031629642383,1.1889993612110425,3.2090639875002087,199.14130207554186
44.87999999999964,0.01,125.0,1.3349406719207764,8.771681453586327,235.19789970298544,1.1891473671687018,3.220953981112317,199.17339271541687
44.88999999999964,0.01,125.0,1.3357915878295898,8.785030860305532,235.28561651752128,1.1892835380259625,3.2328454547840018,199.20560225522797
44.899999999999636,0.01,125.0,1.3366332054138184,8.798388776183826,235.37346682612431,1.1894078724388735,3.244738290164259,199.2379307097758
44.909999999999634,0.01,125.0,1.3374650478363037,8.81175510823796,235.46145071388614,1.1895203691803038,3.2566323688886456,199.27037809267745
44.91999999999963,0.01,125.0,1.3382861614227295,8.82512975871632,235.54956826496849,1.1896210271399563,3.2685275725804463,199.30294441636633
44.92999999999963,0.01,125.0,1.3390982151031494,8.838512620330546,235.63781956255562,1.1897098453243777,3.2804237828518437,199.33562969209214
44.93999999999963,0.01,125.0,1.339900016784668,8.851903602481574,235.7262046887589,1.1897868228569681,3.292320881305085,199.36843392992066
44.949999999999626,0.01,125.0,1.340691328048706,8.865302602649418,235.8147237247837,1.1898519589779903,3.3042187495336526,199.4013571387337
44.959999999999624,0.01,125.0,1.3414726257324219,8.878709515929902,235.90337675081017,1.1899052530445775,3.31611726912343,199.43439932622903
44.96999999999962,0.01,125.0,1.3422445058822632,8.892124242187224,235.99216384596946,1.1899467045307384,3.328016321653873,199.46756049892025
44.97999999999962,0.01,125.0,1.3430060148239136,8.905546687246044,236.08108508839132,1.1899763130273635,3.3399157886991784,199.5008406621368
44.98999999999962,0.01,125.0,1.3437573909759521,8.91897674739428,236.17014055526377,1.1899940782422294,3.3518155518294495,199.53423982002377
44.999999999999616,0.01,125.0,1.3444993495941162,8.932414321304037,236.2593303227377,1.19,3.3637154926118695,199.56775797554207
45.009999999999614,0.01,125.0,1.345231056213379,8.945859314799975,236.34865446595072,1.1899940782422302,3.375615492611867,199.60139513046818
45.01999999999961,0.01,125.0,1.3459525108337402,8.959311625362107,236.4381130590987,1.1899763130273655,3.387515433394287,199.6351512853943
45.02999999999961,0.01,125.0,1.3466639518737793,8.972771150470441,236.5277061753523,1.189946704530741,3.3994151965245583,199.66902643972824
45.03999999999961,0.01,125.0,1.347365379333496,8.986237789989177,236.617433886857,1.189905253044581,3.4113146635698635,199.70302059169347
45.049999999999606,0.01,125.0,1.3480570316314697,8.999711443782509,236.70729626475685,1.189851958977995,3.423213716100307,199.73713373832916
45.059999999999604,0.01,125.0,1.348738670349121,9.013192014098822,236.79729337919466,1.1897868228569737,3.4351122356900845,199.77136587549015
45.0699999999996,0.01,125.0,1.3494092226028442,9.02667940080231,236.88742529933563,1.1897098453243842,3.447010103918652,199.80571699784704
45.0799999999996,0.01,125.0,1.3500709533691406,9.040173493028336,236.97769209334365,1.1896210271399636,3.4589072023718934,199.84018709888622
45.0899999999996,0.01,125.0,1.350722312927246,9.053674202562025,237.0680938282739,1.189520369180312,3.4708034126432907,199.87477617090994
45.099999999999596,0.01,125.0,1.351362943649292,9.067181425691295,237.1586305702995,1.1894078724388826,3.4826986163350915,199.90948420503636
45.109999999999594,0.01,125.0,1.3519939184188843,9.080695055127785,237.2493023845564,1.1892835380259728,3.494592695059478,199.94431119119972
45.11999999999959,0.01,125.0,1.3526146411895752,9.094214994311972,237.34010933510766,1.189147367168713,3.5064855304397353,199.97925711815031
45.12999999999959,0.01,125.0,1.3532259464263916,9.107741140723865,237.43105148505074,1.1889993612110545,3.51837700411142,200.0143219734547
45.13999999999959,0.01,125.0,1.3538269996643066,9.121273400188127,237.52212889645796,1.1888395216137564,3.5302669977235284,200.0495057434958
45.14999999999959,0.01,125.0,1.354417085647583,9.134811670184767,237.61334163045981,1.1886678499543712,3.5421553929396636,200.08480841347304
45.159999999999584,0.01,125.0,1.3549978733062744,9.14835584104124,237.70468974716164,1.188484347927229,3.554042071439205,200.12022996740242
45.16999999999958,0.01,125.0,1.3555679321289062,9.1619058197743,237.79617330557204,1.1882890173434202,3.565926914918475,200.15577038811682
45.17999999999958,0.01,125.0,1.356128454208374,9.175461499095587,237.88779236376976,1.188081860130779,3.5778098050919067,200.19142965726599
45.18999999999958,0.01,125.0,1.3566786050796509,9.189022783637668,237.9795469787607,1.1878628783338636,3.5896906236932122,200.2272077553169
45.19999999999958,0.01,125.0,1.3572182655334473,9.202589569688461,238.07143720659707,1.187632074113936,3.6015692524765486,200.26310466155383
45.209999999999575,0.01,125.0,1.357748031616211,9.216161752343794,238.16346310229395,1.1873894497489403,3.613445573217686,200.29912035407858
45.21999999999957,0.01,125.0,1.3582677841186523,9.229739232659954,238.25562471981738,1.1871350076334815,3.625319467715173,200.33525480981075
45.22999999999957,0.01,125.0,1.3587771654129028,9.243321910501137,238.34792211214395,1.1868687502788,3.6371908177915055,200.3715080044879
45.23999999999957,0.01,125.0,1.359276533126831,9.256909682155264,238.44035533124895,1.186590680312749,3.649059505294291,200.4078799126658
45.24999999999957,0.01,125.0,1.3597662448883057,9.27050244748653,238.5329244280705,1.1863008004797664,3.6609254120974164,200.44437050771873
45.259999999999565,0.01,125.0,1.360244870185852,9.28410010993541,238.62562945254533,1.1859991136408492,3.672788420102212,200.4809797618397
45.26999999999956,0.01,125.0,1.3607134819030762,9.297702558637267,238.71847045364467,1.1856856227735248,3.684648411238618,200.51770764604072
45.27999999999956,0.01,125.0,1.3611719608306885,9.311309693456295,238.81144747923102,1.1853603309718217,3.696505267466351,200.5545541301531
45.28999999999956,0.01,125.0,1.3616206645965576,9.3249214130646,238.90456057616555,1.185023241446238,3.708358870776067,200.59151918282774
45.29999999999956,0.01,125.0,1.3620588779449463,9.338537619710563,238.99780979029617,1.1846743575237118,3.720209103190527,200.6286027715355
45.309999999999555,0.01,125.0,1.3624873161315918,9.352158208490009,239.09119516649326,1.1843136826475864,3.732055846765762,200.6658048625674
45.31999999999955,0.01,125.0,1.3629045486450195,9.365783081651323,239.18471674857815,1.1839412203775772,3.7438989835922354,200.70312542103505
45.32999999999955,0.01,125.0,1.3633127212524414,9.37941212713777,239.27837457939464,1.1835569743897365,3.755738395796009,200.74056441087097
45.33999999999955,0.01,125.0,1.3637104034423828,9.393045254350293,239.372168700666,1.1831609484764167,3.767573965539904,200.77812179482893
45.34999999999955,0.01,125.0,1.3640975952148438,9.406682358384714,239.46609915320948,1.1827531465462344,3.779405575024666,200.81579753448432
45.359999999999545,0.01,125.0,1.3644745349884033,9.42032333433686,239.56016597679331,1.1823335726240296,3.7912331064901257,200.85359159023454
45.36999999999954,0.01,125.0,1.3648412227630615,9.433968079686741,239.65436921013665,1.1819022308508274,3.8030564422163637,200.89150392129943
45.37999999999954,0.01,125.0,1.3651981353759766,9.447616491914369,239.7487088909335,1.181459125483797,3.8148754645248695,200.92953448572158
45.38999999999954,0.01,125.0,1.365544080734253,9.461268473268126,239.84318505585262,1.1810042608962097,3.826690055779705,200.96768324036682
45.39999999999954,0.01,125.0,1.365880012512207,9.474923914075465,239.93779774058527,1.1805376415773954,3.8385000983886646,201.00595014092463
45.409999999999535,0.01,125.0,1.366206169128418,9.488582714200584,240.032546979726,1.1800592721326981,3.8503054748044363,201.0443351419085
45.41999999999953,0.01,125.0,1.3665223121643066,9.502244775891866,240.12743280686797,1.179569157283431,3.862106067525761,201.08283819665655
45.42999999999953,0.01,125.0,1.3668274879455566,9.515909999013505,240.22245525462688,1.1790673018668303,3.873901759098593,201.1214592573318
45.43999999999953,0.01,125.0,1.3671224117279053,9.529578273892959,240.317614354617,1.1785537108360062,3.885692432117259,201.16019827492278
45.44999999999953,0.01,125.0,1.3674075603485107,9.543249498010235,240.4129101373559,1.1780283892598944,3.8974779692256165,201.19905519924393
45.459999999999525,0.01,125.0,1.3676820993423462,9.556923573613718,240.508342632336,1.177491342323207,3.909258253118213,201.23802997893617
45.46999999999952,0.01,125.0,1.3679466247558594,9.570600394607139,240.60391186807212,1.1769425753263807,3.921033166541443,201.27712256146734
45.47999999999952,0.01,125.0,1.3682007789611816,9.584279860854695,240.69961787201817,1.1763820936855238,3.9328025922947045,201.31633289313274
45.48999999999952,0.01,125.0,1.3684444427490234,9.597961868644303,240.79546067062668,1.1758099029323645,3.9445664132315574,201.35566091905568
45.49999999999952,0.01,125.0,1.3686788082122803,9.611646313071791,240.8914402893131,1.1752260087141937,3.9563245122608786,201.39510658318798
45.509999999999515,0.01,125.0,1.3689016103744507,9.625333101153911,240.9875567524438,1.1746304167938122,3.9680767723480184,201.43466982831058
45.51999999999951,0.01,125.0,1.3691151142120361,9.639022117257653,241.08381008345532,1.1740231330494715,3.979823076515954,201.47435059603404
45.52999999999951,0.01,125.0,1.369317650794983,9.65271326839977,241.18020030462787,1.1734041634748174,3.9915633078464463,201.5141488267992
45.53999999999951,0.01,125.0,1.3695104122161865,9.666406444907718,241.27672743731185,1.1727735141788291,4.003297349481192,201.55406445987765
45.54999999999951,0.01,125.0,1.369692325592041,9.680101549029878,241.3733915017609,1.1721311913857606,4.0150250846229785,201.59409743337247
45.559999999999505,0.01,125.0,1.3698647022247314,9.693798472285795,241.47019251725118,1.171477201435079,4.026746396536834,201.63424768421868
45.5699999999995,0.01,125.0,1.3700263500213623,9.70749711930804,241.56713050197402,1.1708115507814012,4.038461168551183,201.67451514818404
45.5799999999995,0.01,125.0,1.370177984237671,9.721197382808251,241.66420547316707,1.17013424599443,4.0501692840589945,201.71489975986955
45.5899999999995,0.01,125.0,1.3703194856643677,9.734899162650626,241.76141744699513,1.16944529375889,4.061870626518936,201.75540145271015
45.5999999999995,0.01,125.0,1.3704500198364258,9.748602357507266,241.85876643862161,1.1687447008744618,4.073565079456523,201.79602015897532
45.609999999999495,0.01,125.0,1.3705708980560303,9.762306857705628,241.95625246219666,1.168032474255715,4.085252526465265,201.83675580976987
45.61999999999949,0.01,125.0,1.3706812858581543,9.776012566686186,242.0538755307737,1.167308620932038,4.09693285120782,201.87760833503452
45.62999999999949,0.01,125.0,1.3707811832427979,9.789719379544765,242.15163565644053,1.1665731480475712,4.1086059374171375,201.91857766354659
45.63999999999949,0.01,125.0,1.37087082862854,9.80342719137719,242.24953285023597,1.1658260628611348,4.120271668897611,201.95966372292074
45.64999999999949,0.01,125.0,1.3709510564804077,9.817135899663473,242.3475671221497,1.1650673727461585,4.13192992952622,202.0008664396097
45.659999999999485,0.01,125.0,1.3710198402404785,9.830845410228275,242.44573848114632,1.1642970851906067,4.143580603253679,202.04218573890495
45.66999999999948,0.01,125.0,1.371078610420227,9.844555608630676,242.5440469352486,1.1635152077969069,4.155223574105583,202.08362154493747
45.67999999999948,0.01,125.0,1.3711268901824951,9.858266394734876,242.64249249133488,1.1627217482818735,4.16685872618355,202.12517378067852
45.68999999999948,0.01,125.0,1.3711652755737305,9.871977663636699,242.7410751552822,1.161916714476632,4.178485943666367,202.16684236794035
45.69999999999948,0.01,125.0,1.3711936473846436,9.885689316392433,242.83979493191856,1.16110011432654,4.190105110811131,202.208627227377
45.709999999999475,0.01,125.0,1.3712117671966553,9.899401252866276,242.93865182508247,1.1602719558911119,4.201716111954394,202.25052827848512
45.71999999999947,0.01,125.0,1.3712191581726074,9.913113370538241,243.0376458376111,1.1594322473439371,4.213318831513304,202.29254543960465
45.72999999999947,0.01,125.0,1.371216058731079,9.926825562119964,243.13677697131646,1.1585809969726002,4.224913153986741,202.33467862791977
45.73999999999947,0.01,125.0,1.3712029457092285,9.940537722707273,243.23604522693765,1.1577182131785984,4.236498963956464,202.37692775945962
45.74999999999947,0.01,125.0,1.3711798191070557,9.954249752164362,243.3354506041647,1.156843904477259,4.2480761460882475,202.41929274909918
45.759999999999465,0.01,125.0,1.3711464405059814,9.96796155035543,243.4349931016863,1.1559580794976565,4.259644585133017,202.46177351056005
45.76999999999946,0.01,125.0,1.3711025714874268,9.981673014760487,243.53467271718984,1.1550607469825256,4.271204165927991,202.50436995641138
45.77999999999946,0.01,125.0,1.3710477352142334,9.995384040475358,243.63448944733742,1.1541519157881766,4.282754773397814,202.54708199807064
45.78999999999946,0.01,125.0,1.3709838390350342,10.009094517827497,243.73444328774215,1.1532315948844054,4.294296292555694,202.5899095458046
45.79999999999946,0.01,125.0,1.3709086179733276,10.022804356217845,243.83453423292042,1.1522997933544084,4.305828608504536,202.63285250873014
45.809999999999455,0.01,125.0,1.3708239793777466,10.036513442397576,243.9347622764826,1.1513565203946903,4.317351606438077,202.67591079481517
45.81999999999945,0.01,125.0,1.3707280158996582,10.050221682191351,244.03512741090654,1.1504017853149748,4.328865171642022,202.71908431087954
45.82999999999945,0.01,125.0,1.3706228733062744,10.063928962350344,244.13562962772843,1.1494355975381112,4.34036918949517,202.76237296259595
45.83999999999945,0.01,125.0,1.370507001876831,10.077635191083404,244.2362689173519,1.1484579665999828,4.3518635454705485,202.8057766544909
45.84999999999945,0.01,125.0,1.3703804016113281,10.09134026110217,244.33704526926272,1.1474689021494124,4.363348125136546,202.8492952899456
45.859999999999445,0.01,125.0,1.370243787765503,10.10504406511828,244.43795867187373,1.1464684139480679,4.374822814158038,202.89292877119695
45.86999999999944,0.01,125.0,1.3700969219207764,10.118746502995933,244.5390091125249,1.145456511870362,4.386287498297516,202.93667699933852
45.87999999999944,0.01,125.0,1.3699400424957275,10.132447472215137,244.64019657755483,1.1444332059033606,4.397742063416218,202.9805398743215
45.88999999999944,0.01,125.0,1.3697731494903564,10.146146872640092,244.74152105227697,1.1433985061466805,4.409186395475249,203.02451729495564
45.89999999999944,0.01,125.0,1.3695952892303467,10.159844604134992,244.84298252100334,1.1423524228123911,4.420620380536714,203.0686091589104
45.909999999999435,0.01,125.0,1.3694071769714355,10.173540557027293,244.94458096704466,1.1412949662249117,4.432043904764836,203.11281536271574
45.91999999999943,0.01,125.0,1.3692089319229126,10.187234628797004,245.0463163726149,1.140226146820912,4.443456854427082,203.1571358017634
45.92999999999943,0.01,125.0,1.3690004348754883,10.20092671811623,245.14818871890287,1.1391459751492083,4.454859115895289,203.20157037030765
45.93999999999943,0.01,125.0,1.3687816858291626,10.214616722464983,245.250197986084,1.1380544618706596,4.466250575646779,203.2461189614666
45.94999999999943,0.01,125.0,1.3685531616210938,10.228304539323272,245.35234415330862,1.1369516177580599,4.4776311202654835,203.29078146722307
45.959999999999425,0.01,125.0,1.3683136701583862,10.24199007093948,245.45462719870184,1.135837453696036,4.489000636443062,203.3355577784257
45.96999999999942,0.01,125.0,1.3680641651153564,10.255673207641061,245.55704709941122,1.1347119806809376,4.50035901098002,203.38044778479014
45.97999999999942,0.01,125.0,1.3678042888641357,10.269353849292212,245.6596038314876,1.133575209820729,4.511706130786827,203.42545137489992
45.98999999999942,0.01,125.0,1.3675341606140137,10.283031892180851,245.7622973699805,1.1324271523348792,4.523041882885032,203.47056843620777
45.99999999999942,0.01,125.0,1.3672540187835693,10.29670723378699,245.86512768890228,1.1312678195542523,4.534366154408378,203.51579885503662
46.009999999999415,0.01,125.0,1.366963267326355,10.310379773974823,245.96809476124014,1.130097222920995,4.545678832603918,203.5611425165807
46.01999999999941,0.01,125.0,1.3666625022888184,10.324049406648085,246.07119855897986,1.1289153739884237,4.556979804833126,203.60659930490672
46.02999999999941,0.01,125.0,1.36635160446167,10.33771603167097,246.1744390530463,1.1277222844209092,4.568268958573007,203.65216910295504
46.03999999999941,0.01,125.0,1.3660304546356201,10.351379547715585,246.277816213363,1.1265179659937647,4.579546181417214,203.69785179254077
46.04999999999941,0.01,125.0,1.3656985759735107,10.365039852261939,246.38133000884014,1.1253024305931267,4.59081136107715,203.74364725435493
46.059999999999405,0.01,125.0,1.3653571605682373,10.378696838021671,246.48498040736274,1.1240756902158389,4.602064385383079,203.78955536796568
46.0699999999994,0.01,125.0,1.3650048971176147,10.392350409627351,246.58876737574295,1.1228377569693342,4.613305142285235,203.83557601181948
46.0799999999994,0.01,125.0,1.36464262008667,10.406000458598525,246.6926908798392,1.1215886430715127,4.624533519854926,203.88170906324234
46.0899999999994,0.01,125.0,1.3642706871032715,10.41964688479939,246.79675088442517,1.1203283608506247,4.635749406285639,203.92795439844087
46.0999999999994,0.01,125.0,1.3638873100280762,10.43328959167042,246.90094735327312,1.1190569227451475,4.6469526898941425,203.97431189250372
46.109999999999395,0.01,125.0,1.363495111465454,10.446928464770698,247.0052802491898,1.1177743413036618,4.658143259121592,204.02078141940265
46.11999999999939,0.01,125.0,1.3630918264389038,10.46056341588535,247.1097495338375,1.116480629184728,4.669321002534626,204.06736285199386
46.12999999999939,0.01,125.0,1.3626782894134521,10.474194334149736,247.21435516799633,1.1151757991567626,4.680485808826471,204.1140560620192
46.13999999999939,0.01,125.0,1.3622548580169678,10.487821117043868,247.3190971113378,1.1138598640979114,4.691637566818036,204.16086092010744
46.14999999999939,0.01,125.0,1.361820936203003,10.501443665624036,247.42397532250823,1.1125328369959229,4.702776165459013,204.2077772957756
46.159999999999386,0.01,125.0,1.3613770008087158,10.515061874986063,247.52898975916446,1.1111947309480172,4.71390149382897,204.2548050574302
46.16999999999938,0.01,125.0,1.3609225749969482,10.528675644994149,247.6341403779143,1.1098455591607619,4.725013441138447,204.30194407236846
46.17999999999938,0.01,125.0,1.3604581356048584,10.542284870744115,247.7394271343642,1.1084853349499375,4.736111896730053,204.34919420677983
46.18999999999938,0.01,125.0,1.359984278678894,10.55588945210016,247.84484998307164,1.1071140717404089,4.74719675007955,204.39655532574713
46.19999999999938,0.01,125.0,1.3594996929168701,10.569489294886946,247.95040887759262,1.1057317830659883,4.758267890796952,204.44402729324793
46.209999999999376,0.01,125.0,1.3590043783187866,10.583084291816112,248.05610377054148,1.1043384825693083,4.76932520862761,204.49160997215589
46.219999999999374,0.01,125.0,1.35849928855896,10.596674335599298,248.16193461345964,1.1029341840016817,4.780368593453301,204.53930322424216
46.22999999999937,0.01,125.0,1.3579845428466797,10.610259328484885,248.2679013568156,1.1015189012229698,4.791397935293316,204.5871069101767
46.23999999999937,0.01,125.0,1.3574590682983398,10.623839173913348,248.37400395010042,1.1000926482014401,4.802413124305543,204.6350208895296
46.24999999999937,0.01,125.0,1.3569233417510986,10.637413764596328,248.48024234183953,1.0986554390136354,4.813414050787555,204.68304502077265
46.259999999999366,0.01,125.0,1.356377363204956,10.650982998013836,248.58661647948546,1.09720728784423,4.824400605177689,204.73117916128052
46.269999999999364,0.01,125.0,1.3558220863342285,10.664546771645883,248.69312630946558,1.0957482089858919,4.835372678056129,204.77942316733228
46.27999999999936,0.01,125.0,1.3552552461624146,10.678104992509223,248.79977177718203,1.094278216839139,4.846330160145985,204.82777689411284
46.28999999999936,0.01,125.0,1.3546791076660156,10.691657544970845,248.9065528271071,1.092797325912201,4.857272942314375,204.8762401957143
46.29999999999936,0.01,125.0,1.3540928363800049,10.705204336047503,249.01346940255678,1.0913055508208735,4.868200915573495,204.92481292513745
46.309999999999356,0.01,125.0,1.35349702835083,10.7187452644113,249.12052144591723,1.0898029062883754,4.8791139710817015,204.97349493429317
46.319999999999354,0.01,125.0,1.3528902530670166,10.732280234694805,249.22770889856133,1.0882894071451996,4.8900120001445835,205.02228607400397
46.32999999999935,0.01,125.0,1.352273941040039,10.745809137225473,249.33503170090825,1.0867650683289727,4.900894894216034,205.0711861940054
46.33999999999935,0.01,125.0,1.351646900177002,10.759331876635871,249.44248979228047,1.0852299048843035,4.911762544899322,205.12019514294755
46.34999999999935,0.01,125.0,1.3510100841522217,10.77284834563764,249.5500831110468,1.0836839319626361,4.922614843948162,205.16931276839654
46.359999999999346,0.01,125.0,1.3503632545471191,10.78635844647916,249.65781159450316,1.0821271648220974,4.933451683267786,205.218538916836
46.369999999999344,0.01,125.0,1.349705696105957,10.799862079024628,249.76567517896794,1.0805596188273516,4.944272954916005,205.26787343366865
46.37999999999934,0.01,125.0,1.34903883934021,10.813359135985685,249.87367379975817,1.0789813094494445,4.955078551104276,205.3173161632178
46.38999999999934,0.01,125.0,1.3483619689941406,10.826849524379085,249.981807391118,1.077392252265653,4.965868364198768,205.36686694872884
46.39999999999934,0.01,125.0,1.3476743698120117,10.840333144069024,250.09007588636177,1.0757924629593303,4.976642286721423,205.41652563237082
46.409999999999336,0.01,125.0,1.3469767570495605,10.853809887767142,250.19847921780243,1.0741819573197493,4.987400211351014,205.46629205523803
46.419999999999334,0.01,125.0,1.3462696075439453,10.867279655337635,250.3070173166801,1.0725607512419517,4.9981420309242095,205.51616605735154
46.42999999999933,0.01,125.0,1.3455522060394287,10.88074235141307,250.41569011323344,1.0709288607265868,5.008867638436627,205.56614747766076
46.43999999999933,0.01,125.0,1.344825029373169,10.894197873473463,250.52449753674756,1.0692863018797563,5.01957692704389,205.6162361540451
46.44999999999933,0.01,125.0,1.344087839126587,10.907646123767192,250.63343951548228,1.0676330909128504,5.030269790062686,205.66643192331554
46.459999999999326,0.01,125.0,1.3433395624160767,10.921087002158455,250.74251597671994,1.0659692441423958,5.040946120971812,205.71673462121615
46.469999999999324,0.01,125.0,1.34258234500885,10.934520397782613,250.8517268467415,1.0642947779898875,5.051605813413234,205.76714408242586
46.47999999999932,0.01,125.0,1.3418149948120117,10.9479462212327,250.9610720507193,1.0626097089816318,5.062248761193131,205.81766014055998
46.48999999999932,0.01,125.0,1.3410367965698242,10.961364371180817,251.07055151293162,1.0609140537485775,5.072874858282945,205.8682826281719
46.49999999999932,0.01,125.0,1.3402495384216309,10.974774739146513,251.1801651566434,1.0592078290261582,5.083483998820428,205.91901137675472
46.509999999999316,0.01,125.0,1.3394520282745361,10.988177234530726,251.28991290403485,1.0574910516541232,5.094076077110688,205.96984621674292
46.519999999999314,0.01,125.0,1.3386447429656982,11.001571754813469,251.39979467638014,1.055763738576373,5.104650987627227,206.020786977514
46.52999999999931,0.01,125.0,1.3378269672393799,11.014958202243124,251.50981039392826,1.054025906840788,5.115208625012988,206.07183348739028
46.53999999999931,0.01,125.0,1.3369996547698975,11.028336471915514,251.61995997595068,1.0522775735990675,5.125748884081394,206.1229855736404
46.54999999999931,0.01,125.0,1.3361620903015137,11.041706468463211,251.7302433406698,1.050518756106554,5.136271659817382,206.1742430624812
46.559999999999306,0.01,125.0,1.3353147506713867,11.055068089366223,251.8406604053544,1.0487494717220678,5.146776847378446,206.22560577907936
46.569999999999304,0.01,125.0,1.3344570398330688,11.068421236872934,251.95121108624807,1.046969737907729,5.157264342095664,206.27707354755313
46.5799999999993,0.01,125.0,1.333589792251587,11.081765807271262,252.06189529861678,1.045179572228793,5.167734039474739,206.32864619097407
46.5899999999993,0.01,125.0,1.3327128887176514,11.095101705193775,252.17271295668948,1.0433789923534724,5.178185835197025,206.38032353136882
46.5999999999993,0.01,125.0,1.3318257331848145,11.108428834080948,252.2836639737414,1.0415680160527645,5.188619625120558,206.4321053897208
46.609999999999296,0.01,125.0,1.3309282064437866,11.121747091412793,252.39474826208217,1.0397466612002724,5.199035305281083,206.48399158597198
46.619999999999294,0.01,125.0,1.3300217390060425,11.135056373477228,252.5059657329963,1.0379149457720342,5.209432771893084,206.53598193902477
46.62999999999929,0.01,125.0,1.3291049003601074,11.148356590867285,252.61731629673105,1.0360728878463414,5.219811921350803,206.58807626674368
46.63999999999929,0.01,125.0,1.3281781673431396,11.161647639870884,252.7287998626397,1.0342205056035634,5.230172650229264,206.64027438595718
46.64999999999929,0.01,125.0,1.3272415399551392,11.174929421544313,252.8404163390384,1.032357817325963,5.240514855285298,206.69257611245948
46.659999999999286,0.01,125.0,1.3262951374053955,11.188201836943861,252.95216563325383,1.0304848413975225,5.250838433458555,206.74498126101233
46.669999999999284,0.01,125.0,1.32533860206604,11.201464788317912,253.06404765162324,1.028601596303758,5.2611432818725286,206.7974896453469
46.67999999999928,0.01,125.0,1.3243725299835205,11.21471817433857,253.17606229950638,1.0267081006315384,5.271429297835564,206.8501010781656
46.68999999999928,0.01,125.0,1.3233965635299683,11.227961899638402,253.28820948124974,1.0248043730689027,5.281696378841877,206.90281537114396
46.69999999999928,0.01,125.0,1.322411060333252,11.2411958652737,253.4004891002461,1.0228904324048713,5.2919444225725645,206.95563233493237
46.709999999999276,0.01,125.0,1.3214151859283447,11.25441997587703,253.51290105889882,1.0209662975292666,5.302173326896611,207.0085517791581
46.719999999999274,0.01,125.0,1.3204092979431152,11.26763412773631,253.62544525865758,1.0190319874325233,5.312382989871901,207.06157351242706
46.72999999999927,0.01,125.0,1.3193943500518799,11.280838220715738,253.7381215999349,1.0170875212055022,5.3225733097462244,207.11469734232577
46.73999999999927,0.01,125.0,1.318369746208191,11.294032164216254,253.85092998214205,1.0151329180392976,5.332744184958277,207.16792307542323
46.74999999999927,0.01,125.0,1.3173346519470215,11.307215861678333,253.96387030378418,1.013168197225055,5.342895514138668,207.2212505172728
46.759999999999266,0.01,125.0,1.3162903785705566,11.3203892081978,254.07694246240095,1.0111933781537754,5.353027196110917,207.2746794724142
46.769999999999264,0.01,125.0,1.3152358531951904,11.333552111983504,254.19014635448292,1.009208480316127,5.363139129892453,207.3282097443753
46.77999999999926,0.01,125.0,1.3141720294952393,11.346704470515453,254.30348187560273,1.007213523302248,5.373231214695612,207.38184113567422
46.78999999999926,0.01,125.0,1.3130977153778076,11.359846190810403,254.41694892030785,1.0052085268015594,5.3833033499286325,207.43557344782116
46.79999999999926,0.01,125.0,1.3120145797729492,11.372977167964178,254.53054738221593,1.0031935106025678,5.393355435196646,207.48940648132043
46.809999999999256,0.01,125.0,1.3109211921691895,11.386097313761905,254.64427715389556,1.0011684945926704,5.40338737030267,207.54334003567237
46.819999999999254,0.01,125.0,1.3098182678222656,11.399206525683594,254.75813812703316,0.9991334987579554,5.413399055248594,207.5973739093754
46.82999999999925,0.01,125.0,1.3087055683135986,11.412304708361814,254.87213019228997,0.9970885431830117,5.423390390236172,207.65150789992788
46.83999999999925,0.01,125.0,1.3075830936431885,11.425391764044948,254.98625323937358,0.9950336480507243,5.433361275668,207.70574180383022
46.84999999999925,0.01,125.0,1.306450605392456,11.438467594981377,255.10050715701402,0.9929688336420808,5.443311612148506,207.7600754165869
46.859999999999246,0.01,125.0,1.3053092956542969,11.4515321010353,255.21489183296381,0.9908941203359627,5.453241300484924,207.81450853270837
46.869999999999244,0.01,125.0,1.304158329963684,11.464585193991839,255.32940715397413,0.9888095286089542,5.463150241688282,207.8690409457132
46.87999999999924,0.01,125.0,1.3029968738555908,11.477626777291473,255.44405300591401,0.9867150790351342,5.473038336974369,207.92367244813008
46.88999999999924,0.01,125.0,1.30182683467865,11.490656746030027,255.5588292736869,0.9846107922858754,5.482905487764718,207.9784028314998
46.89999999999924,0.01,125.0,1.3006465435028076,11.50367501437681,255.6737358411472,0.9824966891296362,5.492751595687575,208.03323188637745
46.909999999999236,0.01,125.0,1.2994564771652222,11.516681479811837,255.78877259129095,0.9803727904317624,5.502576562578869,208.08815940233433
46.919999999999234,0.01,125.0,1.2982573509216309,11.529676044583486,255.90393940608905,0.9782391171542766,5.5123802904831845,208.1431851679601
46.92999999999923,0.01,125.0,1.2970483303070068,11.5426586180927,256.0192361665349,0.9760956903556741,5.522162681654725,208.19830897086493
46.93999999999923,0.01,125.0,1.29582941532135,11.555629101395768,256.13466275271577,0.9739425311907095,5.53192363855828,208.25353059768148
46.94999999999923,0.01,125.0,1.294601559638977,11.56858739554898,256.2502190437297,0.9717796609101957,5.541663063870185,208.30884983406705
46.959999999999226,0.01,125.0,1.2933642864227295,11.581533411145367,256.36590491768516,0.9696071008607892,5.551380860479285,208.36426646470574
46.969999999999224,0.01,125.0,1.2921171188354492,11.594467054009591,256.48172025179656,0.9674248724847818,5.561076931487891,208.41978027331052
46.97999999999922,0.01,125.0,1.2908604145050049,11.607388225197944,256.5976649223366,0.9652329973198843,5.570751180212737,208.4753910426254
46.98999999999922,0.01,125.0,1.2895934581756592,11.620296829342992,256.71373880458856,0.9630314969990206,5.580403510185934,208.53109855442753
46.99999999999922,0.01,125.0,1.2883182764053345,11.633192763924747,256.82994177288197,0.9608203932501103,5.590033825155922,208.5869025895294
47.009999999999216,0.01,125.0,1.2870328426361084,11.646075946688798,256.9462737005212,0.9585997078958545,5.599642029088422,208.64280292778093
47.019999999999214,0.01,125.0,1.2857383489608765,11.658946275115158,257.06273445998806,0.9563694628535226,5.609228026167378,208.69879934807182
47.02999999999921,0.01,125.0,1.2844346761703491,11.671803658604764,257.1793239227392,0.9541296801347303,5.618791720795912,208.75489162833347
47.03999999999921,0.01,125.0,1.283121109008789,11.684648005366466,257.2960419593252,0.9518803818452299,5.6283330175972575,208.81107954554142
47.04999999999921,0.01,125.0,1.2817978858947754,11.697479216456552,257.41288843937883,0.9496215901846876,5.637851821415708,208.8673628757174
47.05999999999921,0.01,125.0,1.2804648876190186,11.710297195315498,257.5298632315434,0.9473533274464663,5.6473480373175535,208.92374139393155
47.069999999999204,0.01,125.0,1.279123067855835,11.723101844191685,257.64696620349656,0.9450756160174011,5.656821570592016,208.98021487430472
47.0799999999992,0.01,125.0,1.2777721881866455,11.73589307487024,257.76419722193845,0.9427884783775853,5.666272326752188,209.03678309001063
47.0899999999992,0.01,125.0,1.276411771774292,11.748670796752105,257.8815561526871,0.9404919371001442,5.675700211535962,209.09344581327815
47.0999999999992,0.01,125.0,1.2750415802001953,11.761434914469845,257.9990428606546,0.9381860148510144,5.685105130906962,209.1502028153935
47.1099999999992,0.01,125.0,1.273662805557251,11.774185330271845,258.11665720979926,0.9358707343887149,5.69448699105547,209.20705386670255
47.119999999999195,0.01,125.0,1.2722735404968262,11.786921958327415,258.23439906310193,0.9335461185641305,5.7038456983993555,209.2639987366131
47.12999999999919,0.01,125.0,1.2708754539489746,11.79964469373238,258.3522682826852,0.9312121903202808,5.713181159584995,209.32103719359708
47.13999999999919,0.01,125.0,1.2694683074951172,11.812353448271868,258.4702647296225,0.9288689726920967,5.7224932814881955,209.37816900519292
47.14999999999919,0.01,125.0,1.268052101135254,11.825048131346817,258.5883882641052,0.9265164888061875,5.731781971215114,209.4353939380078
47.15999999999919,0.01,125.0,1.2666257619857788,11.837728652358166,258.7066387454187,0.9241547618806208,5.741047136103174,209.49271175771995
47.169999999999185,0.01,125.0,1.2651903629302979,11.850394909978021,258.82501603194225,0.921783815224688,5.750288683721979,209.55012222908096
47.17999999999918,0.01,125.0,1.2637462615966797,11.863046813607323,258.943519981042,0.9194036722386765,5.759506521874224,209.60762511591815
47.18999999999918,0.01,125.0,1.2622926235198975,11.875684276223287,259.0621504491781,0.917014356413634,5.768700558596609,209.66522018113687
47.19999999999918,0.01,125.0,1.2608299255371094,11.888307202458485,259.1809072919403,0.9146158913311447,5.777870702160744,209.72290718672284
47.20999999999918,0.01,125.0,1.2593570947647095,11.900915501713854,259.29979036396486,0.9122083006630906,5.787016861074053,209.78068589374442
47.219999999999175,0.01,125.0,1.2578766345977783,11.9135090726615,259.418799518982,0.9097916081714207,5.796138944080682,209.83855606235514
47.22999999999917,0.01,125.0,1.2563858032226562,11.926087839007474,259.5379346097086,0.9073658377079117,5.8052368601623945,209.89651745179594
47.23999999999917,0.01,125.0,1.2548863887786865,11.938651697039699,259.65719548809864,0.9049310132139401,5.814310518539472,209.95456982039755
47.24999999999917,0.01,125.0,1.2533774375915527,11.951200560927484,259.77658200506903,0.9024871587202407,5.8233598286716095,210.01271292558295
47.25999999999917,0.01,125.0,1.2518596649169922,11.963734335303396,259.89609401067827,0.900034298346672,5.83238470025881,210.07094652386965
47.269999999999165,0.01,125.0,1.2503325939178467,11.976252931952564,260.0157313540313,0.8975724563019731,5.841385043242275,210.12927037087223
47.27999999999916,0.01,125.0,1.2487962245941162,11.98875625789174,260.1354938833508,0.8951016568835323,5.850360767805293,210.18768422130464
47.28999999999916,0.01,125.0,1.247251033782959,12.001244220137679,260.2553814459297,0.8926219244771423,5.8593117843741265,210.24618782898267
47.29999999999916,0.01,125.0,1.2456963062286377,12.013716730475506,260.37539388813104,0.8901332835567609,5.868238003618896,210.3047809468264
47.30999999999916,0.01,125.0,1.2441329956054688,12.02617369353779,260.4955310554358,0.8876357586842708,5.877139336454462,210.3634633268626
47.319999999999155,0.01,125.0,1.242560863494873,12.038615023493843,260.6157927923711,0.8851293745092312,5.886015694041303,210.42223472022712
47.32999999999915,0.01,125.0,1.2409793138504028,12.051040632128789,260.73617894260605,0.8826141557686437,5.8948669877863935,210.48109487716752
47.33999999999915,0.01,125.0,1.2393884658813477,12.063450425267291,260.8566893489273,0.8800901272867016,5.903693129344078,210.54004354704537
47.34999999999915,0.01,125.0,1.2377889156341553,12.075844309926103,260.97732385317994,0.8775573139745485,5.912494030616943,210.5990804783388
47.35999999999915,0.01,125.0,1.2361801862716675,12.088222199082441,261.0980822962792,0.8750157408300264,5.921269603756687,210.65820541864497
47.369999999999145,0.01,125.0,1.234562635421753,12.100584000945155,261.21896451827,0.8724654329374377,5.930019761164986,210.71741811468252
47.37999999999914,0.01,125.0,1.2329368591308594,12.11292962729937,261.33997035827946,0.8699064154672916,5.938744415494359,210.77671831229415
47.38999999999914,0.01,125.0,1.2313015460968018,12.125258995890675,261.4610996545524,0.8673387136760589,5.94744347964903,210.8361057564491
47.39999999999914,0.01,125.0,1.22965669631958,12.13757201135164,261.5823522445113,0.8647623529059167,5.956116866785789,210.89558019124556
47.40999999999914,0.01,125.0,1.2280035018920898,12.149868578314834,261.7037279646248,0.8621773585845071,5.964764490314846,210.9551413599134
47.419999999999135,0.01,125.0,1.2263414859771729,12.162148613333752,261.82522665040796,0.8595837562246806,5.973386263900689,211.01478900481652
47.42999999999913,0.01,125.0,1.22467041015625,12.17441202819352,261.9468481365413,0.8569815714242469,5.981982101462934,211.07452286745553
47.43999999999913,0.01,125.0,1.2229907512664795,12.186658732295081,262.0685922568232,0.8543708298657162,5.990551917177175,211.13434268847016
47.44999999999913,0.01,125.0,1.221301555633545,12.198888639807743,262.1904588441461,0.8517515573160555,5.999095625475831,211.19424820764192
47.45999999999913,0.01,125.0,1.219604253768921,12.211101655364075,262.3124477305442,0.8491237796264272,6.0076131410489895,211.25423916389667
47.469999999999125,0.01,125.0,1.2178981304168701,12.223297697901762,262.4345587470978,0.8464875227319377,6.016104378845252,211.31431529530715
47.47999999999912,0.01,125.0,1.2161829471588135,12.235476679205927,262.5567917240768,0.8438428126513754,6.02456925407257,211.3744763390956
47.48999999999912,0.01,125.0,1.2144593000411987,12.247638508677513,262.67914649086885,0.8411896754869626,6.033007682199082,211.4347220316363
47.49999999999912,0.01,125.0,1.212726354598999,12.259783101677922,262.8016228759556,0.8385281374240919,6.04141957895395,211.49505210845828
47.50999999999912,0.01,125.0,1.2109851837158203,12.27191036522391,262.9242207069724,0.835858224731071,6.049804860328189,211.5554663042478
47.519999999999115,0.01,125.0,1.209234595298767,12.284020217061066,263.0469398106246,0.8331799637588572,6.058163442575498,211.61596435285108
47.52999999999911,0.01,125.0,1.2074759006500244,12.29611256301405,263.16978001279523,0.8304933809408067,6.066495242213086,211.67654598727682
47.53999999999911,0.01,125.0,1.2057080268859863,12.308187322020549,263.29274113842536,0.8277985027924072,6.074800176022492,211.73721093969894
47.54999999999911,0.01,125.0,1.2039320468902588,12.320244402289406,263.41582301164556,0.8250953559110196,6.083078161050414,211.79795894145914
47.55999999999911,0.01,125.0,1.2021472454071045,12.332283722758307,263.5390254556684,0.8223839669756093,6.091329114609523,211.85878972306963
47.569999999999105,0.01,125.0,1.2003538608551025,12.344305195212376,263.66234829289596,0.8196643627464919,6.099552954279277,211.9197030142157
47.5799999999991,0.01,125.0,1.198552131652832,12.356308733820924,263.78579134484806,0.8169365700650633,6.10774959790674,211.9806985437585
47.5899999999991,0.01,125.0,1.1967408657073975,12.36829425513745,263.90935443218626,0.814200615853536,6.115918963607389,212.04177603973756
47.5999999999991,0.01,125.0,1.1949217319488525,12.38026166379452,264.0330373747376,0.8114565271146749,6.124060969765923,212.10293522937363
47.6099999999991,0.01,125.0,1.1930937767028809,12.392210881114007,264.15683999137553,0.8087043309315252,6.132175535037068,212.16417583907128
47.619999999999095,0.01,125.0,1.1912569999694824,12.404141818881033,264.2807621001867,0.8059440544671533,6.140262578346381,212.22549759442163
47.62999999999909,0.01,125.0,1.1894123554229736,12.416054388880726,264.40480351837545,0.803175724964374,6.148322018891052,212.28690022020507
47.63999999999909,0.01,125.0,1.1875584125518799,12.427948512434954,264.5289640622642,0.800399369745483,6.156353776140694,212.34838344039397
47.64999999999909,0.01,125.0,1.1856968402862549,12.43982409656047,264.6532435473885,0.7976150162119825,6.164357769838148,212.40994697815538
47.65999999999909,0.01,125.0,1.1838260889053345,12.45168106496333,264.7776417883541,0.7948226918443195,6.172333920000266,212.47159055585374
47.669999999999085,0.01,125.0,1.1819474697113037,12.463519325852381,264.9021585990037,0.792022424201608,6.1802821469187075,212.53331389505374
47.67999999999908,0.01,125.0,1.1800601482391357,12.475338800549492,265.0267937922622,0.7892142409213608,6.188202371160722,212.5951167165229
47.68999999999908,0.01,125.0,1.1781647205352783,12.48713940203188,265.15154718026764,0.78639816971921,6.196094513569935,212.6569987402345
47.69999999999908,0.01,125.0,1.176259994506836,12.49892104923723,265.27641857428796,0.7835742383886429,6.203958495267125,212.7189596853702
47.70999999999908,0.01,125.0,1.1743476390838623,12.510683649182296,265.4014077847803,0.7807424748007218,6.21179423765101,212.78099927032287
47.719999999999075,0.01,125.0,1.1724269390106201,12.522427125573133,265.5265146212721,0.7779029069038117,6.219601662399016,212.84311721269935
47.72999999999907,0.01,125.0,1.1704976558685303,12.534151394963237,265.6517388925278,0.7750555627232981,6.227380691468052,212.90531322932333
47.73999999999907,0.01,125.0,1.16856050491333,12.54585637152192,265.7770804064774,0.7722004703613203,6.235131247095283,212.967587036238
47.74999999999907,0.01,125.0,1.166614055633545,12.55754197657105,265.9025389701926,0.7693376579964871,6.242853251798895,213.02993834870895
47.75999999999907,0.01,125.0,1.1646597385406494,12.569208117127383,266.0281143899583,0.7664671538836024,6.250546628378858,213.09236688122692
47.769999999999065,0.01,125.0,1.1626970767974854,12.580854714512787,266.15380647112954,0.7635889863533797,6.258211299917693,213.1548723475107
47.77999999999906,0.01,125.0,1.1607270240783691,12.59248168528076,266.2796150182746,0.7607031838121723,6.265847189781225,213.21745446050986
47.78999999999906,0.01,125.0,1.158747673034668,12.60408895552154,266.4055398351274,0.7578097747416861,6.273454221619345,213.28011293240766
47.79999999999906,0.01,125.0,1.1567602157592773,12.615676432251885,266.5315807246826,0.7549087876987021,6.28103231936676,213.34284747462385
47.80999999999906,0.01,125.0,1.1547648906707764,12.627244034409475,266.6577374890051,0.7520002513147882,6.288581407243746,213.4056577978175
47.819999999999055,0.01,125.0,1.152761459350586,12.638791683316182,266.78400992934917,0.7490841942960256,6.296101409756893,213.4685436118899
47.82999999999905,0.01,125.0,1.150749683380127,12.650319297909686,266.9103978461823,0.74616064542272,6.303592251699851,213.53150462598748
47.83999999999905,0.01,125.0,1.1487302780151367,12.661826794743485,267.03690103916136,0.7432296335491203,6.311053858154077,213.59454054850445
47.84999999999905,0.01,125.0,1.1467020511627197,12.673314097523633,267.1635193071088,0.7402911876031267,6.318486154489567,213.65765108708598
47.85999999999905,0.01,125.0,1.1446664333343506,12.684781118035257,267.290252448084,0.7373453365860164,6.325889066365597,213.72083594863085
47.869999999999045,0.01,125.0,1.142622470855713,12.696227782368599,267.4171002592643,0.7343921095721496,6.333262519731456,213.78409483929448
47.87999999999904,0.01,125.0,1.1405696868896484,12.707654007077153,267.544062537088,0.7314315357086861,6.340606440827176,213.84742746449177
47.88999999999904,0.01,125.0,1.1385096311569214,12.719059703946048,267.6711390771587,0.7284636442152915,6.347920756184261,213.91083352890004
47.89999999999904,0.01,125.0,1.1364412307739258,12.730444800257615,267.79832967419816,0.7254884643838585,6.355205392626413,213.97431273646188
47.90999999999904,0.01,125.0,1.1343655586242676,12.741809212565352,267.92563412220073,0.7225060255782105,6.36246027727025,214.03786479038814
47.919999999999035,0.01,125.0,1.13228178024292,12.753152868151592,268.0530522143264,0.7195163572338149,6.369685337526031,214.10148939316082
47.92999999999903,0.01,125.0,1.1301888227462769,12.764475685954018,268.1805837430079,0.7165194888574927,6.376880501098367,214.16518624653605
47.93999999999903,0.01,125.0,1.128089189529419,12.775777574181479,268.3082284998674,0.7135154500271216,6.3840456959869405,214.22895505154702
47.94999999999903,0.01,125.0,1.125981092453003,12.78705846607677,268.4359862756092,0.7105042703913537,6.39118085048721,214.29279550850688
47.95999999999903,0.01,125.0,1.1238653659820557,12.798318277001298,268.56385686026994,0.7074859796693164,6.398285893191122,214.35670731701174
47.969999999999025,0.01,125.0,1.121741533279419,12.809556930661117,268.6918400430399,0.7044606076503223,6.405360752987814,214.42069017594363
47.97999999999902,0.01,125.0,1.1196095943450928,12.82077434599391,268.8199356123465,0.7014281841935682,6.412405359064316,214.4847437834735
47.98999999999902,0.01,125.0,1.1174705028533936,12.831970441937358,268.94814335580645,0.6983887392278514,6.41941964090625,214.54886783706414
47.99999999999902,0.01,125.0,1.115323543548584,12.84314514696589,269.0764630602258,0.6953423027512667,6.426403528298527,214.6130620334732
48.00999999999902,0.01,125.0,1.1131682395935059,12.854298382401373,269.20489451169544,0.6922889048309137,6.433356951326038,214.67732606875617
48.019999999999015,0.01,125.0,1.1110053062438965,12.865430064797305,269.33343749551943,0.6892285756025937,6.440279840374346,214.74165963826943
48.02999999999901,0.01,125.0,1.108834981918335,12.876540117859742,269.4620917961674,0.6861613452705225,6.447172126130371,214.80606243667316
48.03999999999901,0.01,125.0,1.1066566705703735,12.887628467678923,269.59085719734594,0.6830872441070251,6.454033739583075,214.87053415793446
48.04999999999901,0.01,125.0,1.1044704914093018,12.898695034384625,269.7197334820227,0.6800063024522409,6.460864612024143,214.93507449533027
48.05999999999901,0.01,125.0,1.1022772789001465,12.909739739298717,269.8487204323665,0.6769185507138167,6.467664675048664,214.9996831414505
48.069999999999006,0.01,125.0,1.1000759601593018,12.920762512087716,269.9778178297595,0.673824019366617,6.474433860555801,215.064359788201
48.079999999999,0.01,125.0,1.0978672504425049,12.931763271689308,270.10702545488033,0.6707227389524172,6.481172100749466,215.12910412680654
48.089999999999,0.01,125.0,1.0956504344940186,12.942741944193731,270.2363430875972,0.6676147400796044,6.487879328138988,215.19391584781403
48.099999999999,0.01,125.0,1.093425989151001,12.953698448538669,270.36577050703914,0.6645000534228694,6.494555475539783,215.2587946410954
48.109999999999,0.01,125.0,1.0911946296691895,12.964632708430177,270.4953074915245,0.661378709722914,6.50120047607401,215.32374019585077
48.119999999998996,0.01,125.0,1.0889556407928467,12.975544654726866,270.6249538186088,0.65825073978614,6.507814263171238,215.3887522006115
48.129999999998994,0.01,125.0,1.0867085456848145,12.986434211134792,270.754709265156,0.65511617448435,6.514396770569099,215.4538303432432
48.13999999999899,0.01,125.0,1.0844542980194092,12.997301296591639,270.8845736072673,0.6519750447544344,6.520947932313941,215.51897431094886
48.14999999999899,0.01,125.0,1.0821932554244995,13.00814583957183,271.0145466202332,0.648827381598077,6.527467682761484,215.584183790272
48.15999999999899,0.01,125.0,1.079923152923584,13.018967772126073,271.1446280786289,0.6456732160814427,6.533955956577464,215.6494584670996
48.169999999998986,0.01,125.0,1.0776469707489014,13.029767003655307,271.27481775635016,0.6425125793348733,6.540412688738277,215.71479802666536
48.179999999998984,0.01,125.0,1.0753629207611084,13.040543473362794,271.4051154263867,0.6393455025525743,6.546837814531624,215.78020215355272
48.18999999999898,0.01,125.0,1.0730712413787842,13.051297102570404,271.5355208611203,0.6361720169923163,6.553231269557149,215.84567053169803
48.19999999999898,0.01,125.0,1.0707725286483765,13.062027814984189,271.66603383214596,0.6329921539751209,6.559592989727071,215.91120284439359
48.20999999999898,0.01,125.0,1.0684666633605957,13.07273554027067,271.7966541102958,0.629805944884952,6.565922911266822,215.97679877429084
48.219999999998976,0.01,125.0,1.0661523342132568,13.083420206904275,271.92738146569843,0.6266134211684092,6.57222097071567,216.0424580034035
48.229999999998974,0.01,125.0,1.0638327598571777,13.094081730246407,272.05821566776746,0.6234146143344089,6.578487104927353,216.10818021311064
48.23999999999897,0.01,125.0,1.0615041255950928,13.104720057844975,272.1891564850699,0.6202095559538849,6.584721251070696,216.1739650841599
48.24999999999897,0.01,125.0,1.059168815612793,13.115335099100925,272.3202036856483,0.6169982776594696,6.590923346630233,216.2398122966706
48.25999999999897,0.01,125.0,1.056825876235962,13.12592678725705,272.4513570366393,0.6137808111451849,6.597093329406826,216.3057215301369
48.269999999998966,0.01,125.0,1.0544763803482056,13.136495046019409,272.5826163045119,0.610557188166123,6.603231137518277,216.37169246343097
48.279999999998964,0.01,125.0,1.052119255065918,13.147039809822889,272.71398125497205,0.607327440538143,6.609336709399937,216.43772477480616
48.28999999999896,0.01,125.0,1.0497558116912842,13.157561002373546,272.84545165307026,0.60409160013755,6.615409983805317,216.50381814190015
48.29999999999896,0.01,125.0,1.0473837852478027,13.168058560490456,272.977027263094,0.6008496989007843,6.621450899806691,216.56997224173818
48.30999999999896,0.01,125.0,1.0450057983398438,13.178532398342933,273.1087078486989,0.5976017688240985,6.627459396795698,216.63618675073624
48.319999999998956,0.01,125.0,1.0426199436187744,13.188982456326329,273.2404931726823,0.5943478419632534,6.633435414483937,216.70246134470418
48.329999999998954,0.01,125.0,1.0402281284332275,13.199408655762515,273.37238299724555,0.5910879504331931,6.639378892903569,216.768795698849
48.33999999999895,0.01,125.0,1.0378282070159912,13.209810937046845,273.50437708380315,0.5878221264077329,6.645289772407899,216.83518948777802
48.34999999999895,0.01,125.0,1.035421371459961,13.220189219117003,273.63647519317357,0.5845504021192337,6.651167993671976,216.9016423855021
48.35999999999895,0.01,125.0,1.0330076217651367,13.2305434328316,273.7686770853647,0.5812728098582954,6.657013497693167,216.9681540654388
48.369999999998946,0.01,125.0,1.0305874347686768,13.24087350904925,273.900982519693,0.5779893819734302,6.662826225791749,217.03472420041572
48.379999999998944,0.01,125.0,1.0281598567962646,13.251179383396934,274.03339125478345,0.5747001508707478,6.668606119611482,217.10135246267362
48.38999999999894,0.01,125.0,1.0257251262664795,13.261460981964895,274.1659030486174,0.5714051490136274,6.6743531211201885,217.1680385238697
48.39999999999894,0.01,125.0,1.0232839584350586,13.271718233227558,274.298517658437,0.568104408922409,6.680067172610324,217.2347820550809
48.40999999999894,0.01,125.0,1.0208356380462646,13.281951072811907,274.43123484076926,0.5647979631740647,6.6857482166995466,217.301582726807
48.419999999998936,0.01,125.0,1.0183806419372559,13.292159429192367,274.56405435149736,0.5614858444018811,6.6913961963312865,217.368440208974
48.429999999998934,0.01,125.0,1.015918254852295,13.302343235611737,274.69697594578923,0.5581680852951295,6.697011054775304,217.4353541709373
48.43999999999893,0.01,125.0,1.0134494304656982,13.312502418160257,274.8299993781453,0.5548447185987548,6.702592735628254,217.50232428148504
48.44999999999893,0.01,125.0,1.0109734535217285,13.322636912464912,274.9631244023269,0.5515157771130447,6.7081411828142405,217.5693502088413
48.45999999999893,0.01,125.0,1.0084917545318604,13.332746647000127,275.0963507714515,0.5481812936933093,6.71365634058537,217.63643162066944
48.469999999998926,0.01,125.0,1.006002426147461,13.342831564545444,275.22967823792146,0.5448413012495502,6.719138153522302,217.7035681840753
48.479999999998924,0.01,125.0,1.0035066604614258,13.352891588806916,275.36310655356687,0.5414958327461462,6.724586566534796,217.7707595656105
48.48999999999892,0.01,125.0,1.0010039806365967,13.362926655411528,275.49663546945493,0.538144921201521,6.7300015248622564,217.83800543127583
48.49999999999892,0.01,125.0,0.9984955787658691,13.372936695217891,275.630264736009,0.5347885996878204,6.735382974074271,217.90530544652444
48.50999999999892,0.01,125.0,0.9959795475006104,13.382921651005548,275.76399410296114,0.5314269013305791,6.740730860071148,217.97265927626518
48.519999999998916,0.01,125.0,0.9934570789337158,13.392881446480551,275.8978233194712,0.5280598593084046,6.746045129084452,218.04006658486588
48.529999999998914,0.01,125.0,0.9909281730651855,13.402816017269886,276.0317521339359,0.5246875068526422,6.751325727677535,218.1075270361567
48.53999999999891,0.01,125.0,0.9883928298950195,13.412725299000536,276.1657802941086,0.5213098772470492,6.75657260274606,218.17504029343348
48.54999999999891,0.01,125.0,0.9858503341674805,13.422609227299484,276.29990754709854,0.5179270038274683,6.76178570151853,218.24260601946094
48.55999999999891,0.01,125.0,0.9833016395568848,13.432467730641157,276.4341336393715,0.5145389199814904,6.766964971556804,218.3102238764761
48.569999999998906,0.01,125.0,0.9807469844818115,13.442300747036724,276.5684583166779,0.5111456591481373,6.772110360756617,218.37789352619166
48.579999999998904,0.01,125.0,0.9781854152679443,13.45210821688154,276.7028813241482,0.5077472548175233,6.777221817348098,218.4456146297992
48.5899999999989,0.01,125.0,0.9756174087524414,13.461890071034217,276.83740240631704,0.5043437405305292,6.7822992898962715,218.51338684797267
48.5999999999989,0.01,125.0,0.9730427265167236,13.47164624512174,276.9720213070274,0.5009351498784631,6.787342727301576,218.58120984087162
48.6099999999989,0.01,125.0,0.9704620838165283,13.481376672386904,277.10673776947857,0.49752151650274057,6.792352078800359,218.64908326814464
48.619999999998896,0.01,125.0,0.9678750038146973,13.491081293225069,277.2415515362024,0.494102874094545,6.7973272939653855,218.71700678893262
48.629999999998894,0.01,125.0,0.9652819633483887,13.500760043263213,277.3764623491346,0.4906792563944985,6.80226832270633,218.78498006187226
48.63999999999889,0.01,125.0,0.962681770324707,13.510412862896695,277.51146994956724,0.4872506971923219,6.807175115270274,218.8530027450993
48.64999999999889,0.01,125.0,0.9600756168365479,13.52003968059994,277.6465740781962,0.48381723032651225,6.812047622242196,218.921074496252
48.65999999999889,0.01,125.0,0.9574637413024902,13.529640436768304,277.7817744750022,0.48037888968400133,6.816885794545461,218.98919497247442
48.669999999998886,0.01,125.0,0.9548451900482178,13.539215074181326,277.9170708793698,0.47693570919982514,6.8216895834423,219.05736383041986
48.679999999998884,0.01,125.0,0.9522199630737305,13.548763526081807,278.0524630301116,0.4734877228567811,6.826458940534297,219.12558072625427
48.68999999999888,0.01,125.0,0.9495892524719238,13.558285725712542,278.1879506653724,0.47003496468510436,6.831193817762864,219.1938453156596
48.69999999999888,0.01,125.0,0.9469523429870605,13.567781618237259,278.3235335226295,0.46657746876212414,6.835894167409714,219.2621572538372
48.70999999999888,0.01,125.0,0.9443092346191406,13.577251141667128,278.4592113388118,0.46311526921193125,6.840559942097334,219.33051619551128
48.719999999998876,0.01,125.0,0.941659688949585,13.586694234013319,278.59498385022846,0.4596484002050337,6.8451910947894525,219.39892179493225
48.729999999998874,0.01,125.0,0.9390044212341309,13.596110830902813,278.73085079256856,0.45617689595803085,6.849787578791502,219.46737370588014
48.73999999999887,0.01,125.0,0.9363424777984619,13.605500875115153,278.86681190087756,0.4527007907332682,6.854349347751081,219.53587158166803
48.74999999999887,0.01,125.0,0.9336748123168945,13.614864299893135,279.00286690962866,0.4492201188385027,6.858876355658413,219.60441507514554
48.75999999999887,0.01,125.0,0.9310016632080078,13.624201048016301,279.13901555262754,0.44573491462655707,6.8633685568467975,219.6730038387021
48.769999999998866,0.01,125.0,0.9283223152160645,13.63351106464838,279.2752575631077,0.4422452124949916,6.867825905993062,219.74163752427054
48.779999999998864,0.01,125.0,0.9256370067596436,13.642794287800537,279.41159267375417,0.4387510468857577,6.872248358118011,219.81031578333045
48.78999999999886,0.01,125.0,0.9229452610015869,13.652050657868132,279.54802061663213,0.4352524522848611,6.876635868586868,219.8790382669116
48.79999999999886,0.01,125.0,0.9202485084533691,13.661280110478147,279.6845411232108,0.4317494632220142,6.880988393109716,219.94780462559746
48.80999999999886,0.01,125.0,0.9175450801849365,13.67048259556268,279.8211539243156,0.42824211427030673,6.885305887741935,220.01661450952855
48.819999999998856,0.01,125.0,0.9148361682891846,13.679658046364528,279.95785875027116,0.42473044004585686,6.889588308884637,220.08546756840596
48.829999999998854,0.01,125.0,0.9121212959289551,13.688806408047418,280.0946553307348,0.4212144752074716,6.893835613285095,220.1543634514948
48.83999999999885,0.01,125.0,0.909400463104248,13.697927621006706,280.2315433948152,0.4176942544563063,6.898047758037169,220.22330180762762
48.84999999999885,0.01,125.0,0.9066743850708008,13.707021625637747,280.36852267102523,0.4141698125355147,6.902224700581732,220.292282285208
48.85999999999885,0.01,125.0,0.903942346572876,13.716088369488453,280.5055928872816,0.4106411842299177,6.906366398707086,220.36130453221378
48.869999999998846,0.01,125.0,0.9012043476104736,13.725127792954181,280.6427537709764,0.40710840436565193,6.9104728105493844,220.43036819620085
48.879999999998844,0.01,125.0,0.8984615802764893,13.734139836430284,280.78000504890593,0.4035715078098307,6.91454389459304,220.49947292430633
48.88999999999884,0.01,125.0,0.89571213722229,13.743124452233047,280.91734644727023,0.40003052947019085,6.918579609671137,220.56861836325226
48.89999999999884,0.01,125.0,0.8929574489593506,13.752081573605269,281.05477769179254,0.3964855042947613,6.922579914965838,220.63780415934895
48.90999999999884,0.01,125.0,0.8901968002319336,13.76101114809486,281.19229850752856,0.3929364672715091,6.9265447700087845,220.7070299584986
48.919999999998836,0.01,125.0,0.8874313831329346,13.769913116097179,281.3299086190095,0.3893834534279989,6.930474134681499,220.77629540619867
48.929999999998834,0.01,125.0,0.8846597671508789,13.778787429928506,281.46760775017043,0.3858264978310391,6.934367969215779,220.84560014754547
48.93999999999883,0.01,125.0,0.8818826675415039,13.787634027600014,281.6053956244697,0.38226563558634735,6.938226234194088,220.9149438272376
48.94999999999883,0.01,125.0,0.8791003227233887,13.796452854275428,281.74327196474565,0.3787009018381963,6.942048890549951,220.98432608957953
48.95999999999883,0.01,125.0,0.8763129711151123,13.80524385750266,281.8812364932884,0.37513233176907107,6.9458358995683325,221.053746578485
48.96999999999883,0.01,125.0,0.8735191822052002,13.814006987213808,282.0192889318634,0.37155996059931345,6.949587222886023,221.12320493748066
48.979999999998824,0.01,125.0,0.8707201480865479,13.822742179035858,282.1574290017355,0.3679838235867868,6.953302822492015,221.19270080970952
48.98999999999882,0.01,125.0,0.8679161071777344,13.831449380516721,282.2956564235258,0.3644039560265195,6.956982660727882,221.26223383793442
48.99999999999882,0.01,125.0,0.8651065826416016,13.840128541588497,282.43397091733095,0.36082039325036125,6.960626700288147,221.3318036645417
49.00999999999882,0.01,125.0,0.8622915744781494,13.848779607414912,282.5723722027468,0.3572331706266259,6.96423490422065,221.40140993154455
49.01999999999882,0.01,125.0,0.8594717979431152,13.857402523159692,282.7108599988209,0.35364232355975445,6.967807235926915,221.47105228058675
49.029999999998815,0.01,125.0,0.8566465377807617,13.865997241139121,282.84943402405247,0.3500478874899578,6.971343659162512,221.540730352946
49.03999999999881,0.01,125.0,0.8538153171539307,13.874563706516927,282.9880939964638,0.3464498978928709,6.974844138037411,221.6104437895376
49.04999999999881,0.01,125.0,0.8509795665740967,13.883101859688464,283.12683963352896,0.3428483902791944,6.9783086370163385,221.68019223091798
49.05999999999881,0.01,125.0,0.8481390476226807,13.891611655354204,283.26567065212583,0.3392434001943565,6.98173712091913,221.74997531728812
49.06999999999881,0.01,125.0,0.845292329788208,13.90009304583043,283.40458676867934,0.33563496321815395,6.985129554921072,221.8197926884973
49.079999999998805,0.01,125.0,0.8424413204193115,13.90854596912831,283.5435876991376,0.33202311496440495,6.9884859045532535,221.8896439840465
49.0899999999988,0.01,125.0,0.8395853042602539,13.9169703823325,283.6826731588289,0.3284078910805895,6.991806135702896,221.95952884309202
49.0999999999988,0.01,125.0,0.8367235660552979,13.925366235375101,283.8218428626522,0.32478932724751,6.995090214613701,222.02944690444903
49.1099999999988,0.01,125.0,0.8338568210601807,13.933733471035653,283.9610965250059,0.32116745917893036,6.998338107886176,222.09939780659516
49.1199999999988,0.01,125.0,0.8309850692749023,13.942072039246254,284.10043385971625,0.31754232262122845,7.001549782477965,222.16938118767402
49.129999999998795,0.01,125.0,0.8281092643737793,13.950381889939,284.23985458010867,0.31391395335303435,7.004725205704177,222.23939668549878
49.13999999999879,0.01,125.0,0.8252270221710205,13.958662982582737,284.379358399008,0.31028238718489004,7.0078643452377065,222.3094439375558
49.14999999999879,0.01,125.0,0.8223409652709961,13.966915252804446,284.5189450288338,0.3066476599588875,7.010967169109555,222.3795225810082
49.15999999999879,0.01,125.0,0.8194494247436523,13.975138662457155,284.6586141813618,0.3030098075483169,7.0140336457091434,222.44963225269927
49.16999999999879,0.01,125.0,0.8165533542633057,13.98333315670459,284.79836556798637,0.29936886585731504,7.017063743784626,222.51977258915636
49.179999999998785,0.01,125.0,0.8136520385742188,13.991498690247223,284.93819889955336,0.2957248708205024,7.020057432443199,222.5899432265942
49.18999999999878,0.01,125.0,0.8107461929321289,13.999635210632963,285.0781138864558,0.2920778584026409,7.023014681151404,222.6601438009186
49.19999999999878,0.01,125.0,0.807835578918457,14.007742672562284,285.21811023856213,0.28842786459827074,7.02593545973543,222.7303739477301
49.20999999999878,0.01,125.0,0.8049201965332031,14.015821028351466,285.35818766528774,0.28477492543135924,7.0288197383814115,222.80063330232744
49.21999999999878,0.01,125.0,0.8019993305206299,14.023870230316795,285.4983458755712,0.28111907695493715,7.031667487635724,222.87092149971124
49.229999999998775,0.01,125.0,0.7990748882293701,14.031890223622,285.6385845778743,0.277460355250755,7.034478678405273,222.9412381745876
49.23999999999877,0.01,125.0,0.7961456775665283,14.039880972504292,285.7789034801105,0.273798796428919,7.03725328195778,223.01158296137163
49.24999999999877,0.01,125.0,0.7932112216949463,14.047842429279957,285.9193022898355,0.2701344366275385,7.039991269922069,223.0819554941912
49.25999999999877,0.01,125.0,0.7902724742889404,14.055774541496904,286.0597807141283,0.2664673120123613,7.042692614288344,223.1523554068904
49.26999999999877,0.01,125.0,0.7873289585113525,14.063677266239791,286.2003384595432,0.26279745877642885,7.045357287408468,223.22278233303325
49.279999999998765,0.01,125.0,0.7843809127807617,14.071550555824903,286.3409752322056,0.25912491313971114,7.0479852619962315,223.29323590590732
49.28999999999876,0.01,125.0,0.7814285755157471,14.079394364952709,286.4816907377638,0.2554497113487529,7.050576511127628,223.36371575852726
49.29999999999876,0.01,125.0,0.7784709930419922,14.087208650707865,286.6224846814133,0.251771889676308,7.053131008241115,223.4342215236385
49.30999999999876,0.01,125.0,0.7755098342895508,14.094993360638282,286.76335676792036,0.2480914844209935,7.055648727137878,223.50475283372091
49.31999999999876,0.01,125.0,0.7725436687469482,14.102748458981177,286.9043067015267,0.24440853190692358,7.058129641982087,223.5753093209923
49.329999999998755,0.01,125.0,0.7695729732513428,14.110473895668644,287.04533418611646,0.24072306848335467,7.060573727301156,223.6458906174121
49.33999999999875,0.01,125.0,0.7665989398956299,14.118169625401157,287.1864389250731,0.23703513052431874,7.062980957985989,223.7164963546851
49.34999999999875,0.01,125.0,0.7636196613311768,14.125835614800112,287.32762062132707,0.23334475442827668,7.0653513092912315,223.78712616426495
49.35999999999875,0.01,125.0,0.7606363296508789,14.133471811413422,287.4688789774751,0.22965197661775064,7.067684756835514,223.85777967735785
49.36999999999875,0.01,125.0,0.757648229598999,14.141078174709929,287.61021369558915,0.2259568335389689,7.069981276601691,223.9284565249262
49.379999999998745,0.01,125.0,0.7546565532684326,14.148654657005917,287.75162447733624,0.22225936166149765,7.07224084493708,223.9991563376922
49.38999999999874,0.01,125.0,0.7516603469848633,14.1562012225386,287.8931110239063,0.21855959747789372,7.074463438553694,224.06987874614157
49.39999999999874,0.01,125.0,0.7486598491668701,14.163717826008448,288.0346730361316,0.21485757750333592,7.076649034528473,224.1406233805271
49.40999999999874,0.01,125.0,0.7456550598144531,14.171204424500115,288.17631021439166,0.21115333827526897,7.078797610303506,224.21138987087238
49.41999999999874,0.01,125.0,0.7426469326019287,14.178660975098257,288.31802225863663,0.2074469163530343,7.080909143686259,224.2821778469754
49.429999999998735,0.01,125.0,0.7396337985992432,14.186087444424276,288.4598088683876,0.20373834831752213,7.082983612849788,224.35298693841224
49.43999999999873,0.01,125.0,0.7366161346435547,14.193483782410267,288.6016697428318,0.20002767077080175,7.085020996332963,224.42381677454074
49.44999999999873,0.01,125.0,0.7335953712463379,14.200849943756701,288.74360458065587,0.19631492033576245,7.08702127304067,224.49466698450405
49.45999999999873,0.01,125.0,0.7305703163146973,14.208185897469162,288.88561308009344,0.1926001336557542,7.088984422244027,224.56553719723445
49.46999999999873,0.01,125.0,0.7275412082672119,14.215491600632308,289.0276949390681,0.18888334739421767,7.090910423580584,224.63642704145687
49.479999999998725,0.01,125.0,0.7245080471038818,14.222767012714979,289.1698498550744,0.18516459823433484,7.0927992570545255,224.70733614569266
49.48999999999872,0.01,125.0,0.7214710712432861,14.230012093186016,289.3120775252015,0.18144392287865857,7.094650903036868,224.77826413826318
49.49999999999872,0.01,125.0,0.7184298038482666,14.237226803898448,289.45437764613337,0.1777213580487546,7.096465342265654,224.84921064729355
49.50999999999872,0.01,125.0,0.7153854370117188,14.24441110193693,289.59674991417234,0.1739969404848308,7.0982425558461415,224.92017530071618
49.51999999999872,0.01,125.0,0.7123367786407471,14.251564956307046,289.7391940251917,0.17027070694538698,7.099982525250989,224.99115772627462
49.529999999998715,0.01,125.0,0.7092845439910889,14.258688324093452,289.88170967475475,0.1665426942068438,7.101685232320443,225.06215755152712
49.53999999999871,0.01,125.0,0.7062282562255859,14.265781169533362,290.0242965579956,0.16281293906318414,7.103350659262511,225.13317440385032
49.54999999999871,0.01,125.0,0.7031679153442383,14.272843452095616,290.1669543696909,0.15908147832558117,7.104978788653143,225.20420791044293
49.55999999999871,0.01,125.0,0.7001039981842041,14.279875131249057,290.30968280421183,0.1553483488220481,7.106569603436398,225.27525769832945
49.56999999999871,0.01,125.0,0.6970365047454834,14.286876171230897,290.4524815555243,0.15161358739706599,7.108123086924619,225.3463233943638
49.579999999998705,0.01,125.0,0.6939659118652344,14.29384653627835,290.5953503172366,0.1478772309112244,7.109639222798589,225.41740462523302
49.5899999999987,0.01,125.0,0.6908905506134033,14.300786195397,290.73828878259934,0.14413931624084927,7.111117995107701,225.488501017461
49.5999999999987,0.01,125.0,0.6878118515014648,14.307695100903134,290.8812966445533,0.14039988027765138,7.1125593882701095,225.55961219741206
49.6099999999987,0.01,125.0,0.6847302913665771,14.314573219418147,291.0243735955623,0.136658959928354,7.113963387072886,225.63073779129476
49.6199999999987,0.01,125.0,0.6816446781158447,14.321420522331811,291.16751932775645,0.13291659211433293,7.115329976672169,225.7018774251655
49.629999999998695,0.01,125.0,0.6785552501678467,14.328236969112968,291.3107335329797,0.1291728137712433,7.116659142593312,225.7730307249322
49.63999999999869,0.01,125.0,0.6754629611968994,14.335022521614645,291.45401590267085,0.12542766184866808,7.117950870731024,225.8441973163581
49.64999999999869,0.01,125.0,0.6723668575286865,14.341777151226612,291.59736612788697,0.1216811733097448,7.11920514734951,225.9153768250654
49.65999999999869,0.01,125.0,0.6692676544189453,14.348500819801897,291.7407838993992,0.11793338513080491,7.120421959082607,225.98656887653888
49.66999999999869,0.01,125.0,0.6661646366119385,14.355193496346086,291.88426890759723,0.11418433430100042,7.121601292933915,226.0577730961297
49.679999999998685,0.01,125.0,0.6630585193634033,14.361855142712203,292.0278208425607,0.11043405782195165,7.122743136276926,226.128989109059
49.68999999999868,0.01,125.0,0.6599483489990234,14.368485727905837,292.1714393939878,0.10668259270737336,7.123847476855145,226.20021654042176
49.69999999999868,0.01,125.0,0.6568357944488525,14.375085211395826,292.3151242512668,0.10292997598271386,7.124914302782218,226.2714550151903
49.70999999999868,0.01,125.0,0.6537201404571533,14.381653569340314,292.45887510338076,0.09917624468478096,7.125943602542045,226.3427041582181
49.71999999999868,0.01,125.0,0.6505999565124512,14.388190770744885,292.6026916390741,0.09542143586138924,7.126935364988893,226.4139635942435
49.729999999998675,0.01,125.0,0.6474781036376953,14.394696770310007,292.7465735467815,0.09166558657098593,7.1278895793475066,226.4852329478934
49.73999999999867,0.01,125.0,0.6443519592285156,14.401171551346383,292.8905205144846,0.08790873388228722,7.128806235213216,226.55651184368685
49.74999999999867,0.01,125.0,0.6412234306335449,14.407615070938668,293.03453222999804,0.08415091487391459,7.129685322552039,226.62779990603897
49.75999999999867,0.01,125.0,0.6380910873413086,14.414027305245002,293.1786083807074,0.08039216663402027,7.130526831700777,226.69909675926448
49.76999999999867,0.01,125.0,0.634955883026123,14.420408216118414,293.3227486537598,0.07663252625993408,7.131330753367117,226.77040202758147
49.779999999998665,0.01,125.0,0.6318178176879883,14.426757774948674,293.4669527359209,0.07287203085778865,7.132097078629717,226.8417153351151
49.78999999999866,0.01,125.0,0.6286764144897461,14.433075953125552,293.6112203136704,0.06911071754215761,7.132825798938295,226.9130363059014
49.79999999999866,0.01,125.0,0.6255323886871338,14.439362717270448,293.7555510732016,0.06534862343568057,7.133516906113716,226.98436456389075
49.80999999999866,0.01,125.0,0.622384786605835,14.445618041157319,293.8999447003743,0.06158578566870967,7.134170392348072,227.05569973295187
49.81999999999866,0.01,125.0,0.6192350387573242,14.451841889023376,294.0444008807859,0.057822241378934595,7.134786250204759,227.12704143687534
49.829999999998655,0.01,125.0,0.616081714630127,14.458034239410948,294.18891929967606,0.054058027711020175,7.135364472618549,227.19838929937737
49.83999999999865,0.01,125.0,0.6129260063171387,14.464195056557248,294.33349964207014,0.05029318181623139,7.135905052895659,227.26974294410354
49.84999999999865,0.01,125.0,0.6097671985626221,14.470324316620419,294.47814159263567,0.046527740852079426,7.136407984713821,227.34110199463248
49.85999999999865,0.01,125.0,0.606604814529419,14.476421988606043,294.62284483580186,0.04276174198194643,7.136873262122341,227.4124660744796
49.86999999999865,0.01,125.0,0.6034407615661621,14.482488036751336,294.7676090556879,0.03899522237472297,7.137300879542161,227.4838348071008
49.879999999998645,0.01,125.0,0.6002743244171143,14.488522444366996,294.9124339360554,0.03522821920443272,7.137690831765908,227.5552078158962
49.88999999999864,0.01,125.0,0.5971040725708008,14.494525187611167,295.05731916049905,0.03146076964987829,7.138043113957952,227.62658472421384
49.89999999999864,0.01,125.0,0.5939316749572754,14.500496228336873,295.20226441237514,0.0276929108942658,7.138357721654451,227.69796515535342
49.90999999999864,0.01,125.0,0.5907561779022217,14.506435545086445,295.3472693746585,0.023924680124842168,7.138634650763393,227.76934873256994
49.91999999999864,0.01,125.0,0.587578296661377,14.512343106865465,295.4923337301093,0.020156114532519517,7.1388738975646415,227.84073507907755
49.929999999998635,0.01,125.0,0.5843977928161621,14.518218889832077,295.6374571611779,0.016387251311520953,7.139075458709967,227.91212381805317
49.93999999999863,0.01,125.0,0.5812149047851562,14.524062867760238,295.7826393500762,0.0126181276590049,7.139239331223082,227.98351457264027
49.94999999999863,0.01,125.0,0.5780293941497803,14.529875016808088,295.92787997875377,0.00884878077470229,7.139365512499672,228.05490696595248
49.95999999999863,0.01,125.0,0.5748412609100342,14.535655310749585,296.0731787289218,0.00507924786054087,7.139454000307419,228.12630062107746
49.96999999999863,0.01,125.0,0.5716507434844971,14.541403723358684,296.2185352820293,0.0013095661202907997,7.139504792786024,228.19769516108053
49.979999999998626,0.01,125.0,0.5684576034545898,14.547120230793528,296.3639493192628,-0.0024602272408110184,7.139517888447227,228.26909020900837
49.98999999999862,0.01,125.0,0.5652625560760498,14.552804806828073,296.50942052157075,-0.006230095016423909,7.139493286174819,228.3404853878928
49.99999999999862,0.01,125.0,0.5620648860931396,14.558457432388833,296.654948569639,-0.009999999999479148,7.139430985224655,228.41188032075453
50.00999999999862,0.01,125.0,0.5588648319244385,14.564078081249763,296.8005331439628,-0.013769904982534392,7.13933098522466,228.48327463060676
50.01999999999862,0.01,125.0,0.5556621551513672,14.569666729569006,296.9461739247753,-0.01753977275814943,7.139193286174835,228.55466794045898
50.029999999998616,0.01,125.0,0.5524578094482422,14.575223351120519,297.09187059207096,-0.021309566119249144,7.1390178884472535,228.6260598733207
50.039999999998614,0.01,125.0,0.5492503643035889,14.580747929215,297.23762282558215,-0.02507924785949925,7.138804792786061,228.69745005220517
50.04999999999861,0.01,125.0,0.5460419654846191,14.586240432858036,297.38343030487425,-0.028848780773660716,7.138554000307466,228.76883810013302
50.05999999999861,0.01,125.0,0.5428304672241211,14.591700852512881,297.5292927092028,-0.03261812765796551,7.138265512499729,228.8402236401361
50.06999999999861,0.01,125.0,0.5396173000335693,14.59712915718512,297.6752097177279,-0.03638725131048163,7.13793933122315,228.91160629526107
50.079999999998606,0.01,125.0,0.5364012718200684,14.602525330185456,297.8211810092997,-0.040156114531478146,7.137575458710045,228.98298568857328
50.089999999998604,0.01,125.0,0.5331835746765137,14.607889342903656,297.96720626260156,-0.04392468012380089,7.137173897564731,229.05436144316036
50.0999999999986,0.01,125.0,0.5299644470214844,14.61322117865042,298.1132851560306,-0.047692910893226755,7.136734650763493,229.125733182136
50.1099999999986,0.01,125.0,0.5267417430877686,14.618520823120633,298.2594173678171,-0.05146076964883934,7.136257721654561,229.19710052864363
50.1199999999986,0.01,125.0,0.5235180854797363,14.62378824055151,298.4056025760483,-0.055228219203391764,7.135743113958072,229.26846310586015
50.129999999998596,0.01,125.0,0.5202925205230713,14.629023421406307,298.5518404584538,-0.05899522237368214,7.135190831766038,229.33982053699972
50.139999999998594,0.01,125.0,0.5170645713806152,14.634226346611538,298.6981306926678,-0.06276174198090786,7.134600879542301,229.41117244531736
50.14999999999859,0.01,125.0,0.5138354301452637,14.639396992325343,298.84447295613387,-0.066527740851041,7.133973262122492,229.48251845411278
50.15999999999859,0.01,125.0,0.5106034278869629,14.644535346626794,298.9908669260571,-0.07029318181519101,7.133307984713982,229.55385818673398
50.16999999999859,0.01,125.0,0.5073707103729248,14.649641380905663,299.1373122795233,-0.07405802770997995,7.13260505289583,229.6251912665811
50.179999999998586,0.01,125.0,0.5041356086730957,14.654715088009391,299.28380869333233,-0.07782224137789667,7.13186447261873,229.69651731711005
50.189999999998584,0.01,125.0,0.5008983612060547,14.659756444096121,299.4303558442124,-0.08158578566767195,7.131086250204952,229.76783596183623
50.19999999999858,0.01,125.0,0.49765968322753906,14.664765427708181,299.5769534086533,-0.0853486234346409,7.130270392348275,229.83914682433826
50.20999999999858,0.01,125.0,0.4944193363189697,14.669742024540456,299.72360106293036,-0.08911071754111814,7.129416906113929,229.91044952826172
50.21999999999858,0.01,125.0,0.4911773204803467,14.674686217903645,299.87029848317576,-0.09287203085675155,7.128525798938518,229.98174369732286
50.229999999998576,0.01,125.0,0.487933874130249,14.679597991108448,300.01704534535475,-0.0966325262588972,7.12759707862995,230.05302895531221
50.239999999998574,0.01,125.0,0.48468804359436035,14.684477329849749,300.1638413252658,-0.10039216663298152,7.126630753367362,230.1243049260985
50.24999999999857,0.01,125.0,0.48144102096557617,14.689324210285692,300.3106860985643,-0.10415091487287609,7.125626831701032,230.19557123363214
50.25999999999857,0.01,125.0,0.4781930446624756,14.694138620495346,300.4575793406671,-0.1079087338812511,7.124585322552304,230.26682750194914
50.26999999999857,0.01,125.0,0.4749431610107422,14.69892055094197,300.604520726872,-0.1116655865699501,7.123506235213491,230.33807335517466
50.279999999998566,0.01,125.0,0.4716920852661133,14.703669982552077,300.7515099323814,-0.11542143586035156,7.122389579347792,230.40930841752677
50.289999999998564,0.01,125.0,0.46843886375427246,14.708386903404737,300.8985466322069,-0.11917624468374356,7.121235364989189,230.48053231332023
50.29999999999856,0.01,125.0,0.46518445014953613,14.713071292042278,301.0456305012409,-0.12292997598167676,7.120043602542351,230.5517446669701
50.30999999999856,0.01,125.0,0.4619290828704834,14.717723136543771,301.1927612141613,-0.12668259270633872,7.118814302782535,230.62294510299552
50.31999999999856,0.01,125.0,0.45867180824279785,14.722342427372475,301.3399384455267,-0.13043405782091522,7.117547476855472,230.69413324602334
50.329999999998556,0.01,125.0,0.4554135799407959,14.726929145454902,301.4871618698004,-0.13418433429996432,7.116243136277263,230.7653087207919
50.339999999998554,0.01,125.0,0.45215368270874023,14.73148328125431,301.6344311612549,-0.13793338512976913,7.114901292934264,230.83647115215464
50.34999999999855,0.01,125.0,0.44889259338378906,14.736004818081396,301.7817459940674,-0.14168117330871152,7.113521959082966,230.90762016508398
50.35999999999855,0.01,125.0,0.4456307888031006,14.740493744015232,301.9291060422482,-0.14542766184763517,7.1121051473498795,230.9787553846748
50.36999999999855,0.01,125.0,0.4423675537109375,14.744950051903263,302.0765109796883,-0.14917281377020863,7.110650870731403,231.04987643614828
50.379999999998546,0.01,125.0,0.4391028881072998,14.749373727440371,302.2239604802073,-0.15291659211329864,7.109159142593701,231.12098294485557
50.389999999998544,0.01,125.0,0.4358372688293457,14.753764756321443,302.3714542174817,-0.15665895992732226,7.107629976672569,231.1920745362815
50.39999999999854,0.01,125.0,0.432570219039917,14.758123129009736,302.5189918650449,-0.16039988027662003,7.106063387073296,231.2631508360482
50.40999999999854,0.01,125.0,0.4293022155761719,14.762448831200134,302.66657309633496,-0.1641393162398162,7.10445938827053,231.33421146991893
50.41999999999854,0.01,125.0,0.42603325843811035,14.766741853355894,302.81419758464693,-0.16787723091019177,7.102817995108132,231.40525606380163
50.429999999998536,0.01,125.0,0.4227638244628906,14.771002185940274,302.96186500318043,-0.17161358739603588,7.101139222799031,231.4762842437527
50.439999999998534,0.01,125.0,0.4194927215576172,14.775229824184903,303.1095750250398,-0.17534834882101846,7.0994230869250705,231.54729563598067
50.44999999999853,0.01,125.0,0.41622138023376465,14.779424751400478,303.25732732328163,-0.17908147832454988,7.09766960343686,231.61828986684992
50.45999999999853,0.01,125.0,0.4129481315612793,14.783586965202815,303.4051215707956,-0.18281293906215332,7.095878788653615,231.68926656288428
50.46999999999853,0.01,125.0,0.40967464447021484,14.787716446518427,303.5529574404476,-0.18654269420581557,7.094050659262994,231.7602253507708
50.479999999998526,0.01,125.0,0.4063997268676758,14.79181319296313,303.70083460491276,-0.1902707069443592,7.092185232320936,231.83116585736343
50.489999999998524,0.01,125.0,0.4031248092651367,14.795877190231804,303.84875273684236,-0.19399694048380142,7.090282525251492,231.9020877096866
50.49999999999852,0.01,125.0,0.39984846115112305,14.799908438324454,303.9967115087446,-0.19772135804772575,7.088342555846655,231.9729905349391
50.50999999999852,0.01,125.0,0.3965721130371094,14.803906922935965,304.14471059312785,-0.20144392287763233,7.086365342266178,232.04387396049756
50.51999999999852,0.01,125.0,0.393294095993042,14.807872644066336,304.2927496623572,-0.20516459823330915,7.084350903037402,232.1147376139202
50.529999999998516,0.01,125.0,0.3900158405303955,14.811805585026265,304.44082838879785,-0.20888334739319042,7.08229925705507,232.18558112295057
50.539999999998514,0.01,125.0,0.386737585067749,14.815705743431568,304.5889464446481,-0.2126001336547275,7.080210423581138,232.2564041155211
50.54999999999851,0.01,125.0,0.38345813751220703,14.819573119282245,304.7371035020824,-0.21631492033473834,7.078084422244592,232.3272062197569
50.55999999999851,0.01,125.0,0.38017773628234863,14.823407700657366,304.8852992332752,-0.22002767076977822,7.075921273041245,232.39798706397934
50.56999999999851,0.01,125.0,0.37689685821533203,14.827209478020189,305.0335333102817,-0.2237383483164971,7.073720996333548,232.46874627670974
50.579999999998506,0.01,125.0,0.37361621856689453,14.83097844660234,305.1818054050619,-0.2274469163520099,7.0714836128503835,232.53948348667305
50.589999999998504,0.01,125.0,0.3703348636627197,14.834714608788008,305.3301151895279,-0.23115333827424508,7.069209143686864,232.61019832280155
50.5999999999985,0.01,125.0,0.3670525550842285,14.838417957424635,305.47846233561575,-0.2348575775023148,7.066897610304122,232.6808904142384
50.6099999999985,0.01,125.0,0.3637702465057373,14.842088482975477,305.62684651519,-0.2385595974768711,7.064549034529099,232.75155939034144
50.6199999999985,0.01,125.0,0.3604867458343506,14.845726185440533,305.7752674000197,-0.24225936166047565,7.062163438554331,232.8222048806867
50.629999999998496,0.01,125.0,0.35720396041870117,14.849331052898876,305.9237246618741,-0.24595683353794753,7.059740844937727,232.89282651507224
50.639999999998494,0.01,125.0,0.35392022132873535,14.852903092503063,306.07221797240305,-0.249651976616732,7.057281276602348,232.96342392352162
50.64999999999849,0.01,125.0,0.35063648223876953,14.856442294716349,306.22074700332803,-0.25334475442725657,7.054784756836181,233.03399673628763
50.65999999999849,0.01,125.0,0.3473520278930664,14.859948659538736,306.36931142627515,-0.25703513052329935,7.052251309291909,233.10454458385598
50.66999999999849,0.01,125.0,0.3440673351287842,14.863422179817666,306.5179109128705,-0.26072306848233595,7.049680957986676,233.17506709694888
50.679999999998486,0.01,125.0,0.34078311920166016,14.866862853168954,306.66654513466864,-0.26440853190590763,7.0470737273018536,233.24556390652873
50.689999999998484,0.01,125.0,0.33749818801879883,14.87027068436097,306.8152137632003,-0.26809148441997827,7.044429641982795,233.31603464380174
50.69999999999848,0.01,125.0,0.3342139720916748,14.873645666241156,306.9639164700439,-0.27177188967529137,7.041748727138596,233.38647894022156
50.70999999999848,0.01,125.0,0.33092832565307617,14.876987805962072,307.1126529267063,-0.275449711347737,7.039031008241843,233.45689642749295
50.71999999999848,0.01,125.0,0.32764363288879395,14.880297089218603,307.26142280476586,-0.279124913138698,7.036276511128366,233.52728673757537
50.729999999998476,0.01,125.0,0.3243582248687744,14.88357352554749,307.41022577565803,-0.2827974587754165,7.033485261996979,233.59764950268664
50.739999999998474,0.01,125.0,0.3210735321044922,14.886817107796178,307.55906151091347,-0.2864673120113476,7.030657287409226,233.6679843553066
50.74999999999847,0.01,125.0,0.31778836250305176,14.890027843117222,307.7079296819914,-0.2901344366265256,7.027792614289113,233.73829092818067
50.75999999999847,0.01,125.0,0.31450343132019043,14.893205726742252,307.85682996042254,-0.2937987964279089,7.024891269922848,233.80856885432354
50.76999999999847,0.01,125.0,0.31121826171875,14.896350761055453,308.00576201768996,-0.29746035524974573,7.021953281958569,233.87881776702275
50.779999999998466,0.01,125.0,0.30793333053588867,14.89946294367264,308.1547255253005,-0.3011190769539266,7.018978678406072,233.94903729984233
50.789999999998464,0.01,125.0,0.30464887619018555,14.902542276977998,308.30372015473716,-0.3047749254303495,7.015967487636534,234.0192270866264
50.79999999999846,0.01,125.0,0.3013644218444824,14.9055887657399,308.4527455775069,-0.30842786459726385,7.012919738382231,234.08938676150274
50.80999999999846,0.01,125.0,0.2980802059173584,14.908602409958345,308.60180146516427,-0.3120778584016349,7.009835459736259,234.15951595888654
50.81999999999846,0.01,125.0,0.2947959899902344,14.911583212017518,308.75088748926385,-0.31572487081949513,7.006714681152243,234.2296143134839
50.829999999998456,0.01,125.0,0.29151272773742676,14.914531171917421,308.900003321384,-0.3193688658563086,7.003557432444048,234.2996814602954
50.839999999998454,0.01,125.0,0.28822922706604004,14.917446299194795,309.0491486331032,-0.3230098075473133,7.000363743785486,234.36971703461984
50.84999999999845,0.01,125.0,0.2849464416503906,14.920328591465456,309.1983230960951,-0.32664765995788475,6.997133645710013,234.4397206720577
50.85999999999845,0.01,125.0,0.2816636562347412,14.923178055881959,309.34752638200973,-0.33028238718388614,6.993867169110435,234.50969200851478
50.86999999999845,0.01,125.0,0.2783811092376709,14.925994692444306,309.49675816256854,-0.3339139533520313,6.990564345238597,234.57963068020587
50.87999999999845,0.01,125.0,0.2750992774963379,14.928778503536682,309.64601810949296,-0.33754232262022626,6.987225205705077,234.64953632365823
50.889999999998444,0.01,125.0,0.2718179225921631,14.931529496311645,309.79530589452827,-0.3411674591779312,6.983849782478876,234.71940857571525
50.89999999999844,0.01,125.0,0.2685372829437256,14.934247675537566,309.94462118949133,-0.3447893272465096,6.980438107887097,234.78924707354003
50.90999999999844,0.01,125.0,0.2652568817138672,14.936933048367003,310.0939636662467,-0.34840789107959014,6.9769902146146325,234.85905145461888
50.91999999999844,0.01,125.0,0.2619771957397461,14.939585617184141,310.2433329967303,-0.35202311496340644,6.973506135703837,234.928821356765
50.92999999999844,0.01,125.0,0.2586979866027832,14.942205389141538,310.3927288529021,-0.35563496321715643,6.969985904554203,234.99855641812204
50.939999999998435,0.01,125.0,0.2554194927215576,14.944792369007565,310.5421509067935,-0.35924340019336193,6.9664295549220325,235.06825627716756
50.94999999999843,0.01,125.0,0.25214171409606934,14.947346563934781,310.69159883048354,-0.36284839027819876,6.962837120920099,235.13792057271678
50.95999999999843,0.01,125.0,0.24886512756347656,14.94986798107574,310.8410722961229,-0.3664498978918742,6.959208637017318,235.20754894392596
50.96999999999843,0.01,125.0,0.2455883026123047,14.952356632351375,310.9905709759336,-0.37004788748896617,6.9555441380384,235.27714103029612
50.97999999999843,0.01,125.0,0.24231338500976562,14.954812515377498,311.1400945422571,-0.3736423235587617,6.951843659163511,235.3466964716765
50.989999999998425,0.01,125.0,0.23903846740722656,14.957235649227595,311.2896426674108,-0.3772331706256362,6.948107235927924,235.4162149082681
50.99999999999842,0.01,125.0,0.2357640266418457,14.959626033901667,311.43921502390305,-0.3808203932493706,6.944334904221668,235.48569598062736
51.00999999999842,0.01,125.0,0.23249125480651855,14.961983674168085,311.588811284242,-0.38440395602552985,6.940526700289174,235.55513932966957
51.01999999999842,0.01,125.0,0.2292189598083496,14.96430858671615,311.73843112098365,-0.3879838235858002,6.93668266072892,235.62454459667245
51.02999999999842,0.01,125.0,0.22594761848449707,14.966600776314234,311.8880742068508,-0.3915599605983259,6.932802822493063,235.69391142327973
51.039999999998415,0.01,125.0,0.22267723083496094,14.968860252499079,312.0377402146139,-0.3951323317680865,6.92888722288708,235.76323945150466
51.04999999999841,0.01,125.0,0.21940851211547852,14.971087024807428,312.1874288171389,-0.3987009018372128,6.9249358995694,235.83252832373353
51.05999999999841,0.01,125.0,0.216139554977417,14.973281109928582,312.3371396873869,-0.4022656355853629,6.920948890551029,235.9017776827292
51.06999999999841,0.01,125.0,0.21287298202514648,14.975442505478355,312.4868724984862,-0.4058264978300577,6.916926234195175,235.9709871716347
51.07999999999841,0.01,125.0,0.20960664749145508,14.977571235298607,312.636626923541,-0.40938345342701665,6.912867969216876,236.04015643397665
51.089999999998405,0.01,125.0,0.20634174346923828,14.979667301773521,312.7864026358939,-0.4129364672705279,6.908774134682607,236.1092851136688
51.0999999999984,0.01,125.0,0.20307707786560059,14.981730719208214,312.9361993089116,-0.41648550429378317,6.904644770009902,236.1783728550156
51.1099999999984,0.01,125.0,0.1998155117034912,14.98376148998687,313.0860166161037,-0.42003052946921193,6.900479914966965,236.24741930271568
51.1199999999984,0.01,125.0,0.19655346870422363,14.985759645103904,313.23585423100354,-0.42357150780885483,6.896279609672274,236.31642410186535
51.1299999999984,0.01,125.0,0.19329357147216797,14.987725179790946,313.38571182745454,-0.42710840436467723,6.892043894594186,236.38538689796206
51.139999999998395,0.01,125.0,0.1900346279144287,14.989658115505668,313.5355890792524,-0.4306411842289421,6.8877728105505405,236.454307336908
51.14999999999839,0.01,125.0,0.18677687644958496,14.99155846178481,313.68548566040744,-0.43416981253454223,6.883466398708252,236.52318506501348
51.15999999999839,0.01,125.0,0.18352103233337402,14.993426230549307,313.83540124502525,-0.437694254455333,6.879124700582907,236.59201972900055
51.16999999999839,0.01,125.0,0.1802661418914795,14.99526144087264,313.9853355073307,-0.4412144752064994,6.874747758038355,236.66081097600636
51.17999999999839,0.01,125.0,0.17701244354248047,14.997064102291555,314.1352881217394,-0.44473044004488793,6.870335613286291,236.72955845358672
51.189999999998385,0.01,125.0,0.17376041412353516,14.998834226726979,314.2852587627623,-0.44824211426933697,6.865888308885843,236.79826180971958
51.19999999999838,0.01,125.0,0.17051005363464355,15.000571830868214,314.43524710502953,-0.45174946322104764,6.8614058877431505,236.86692069280843
51.20999999999838,0.01,125.0,0.16726136207580566,15.00227693140456,314.5852528233382,-0.4552524522838938,6.856888393110941,236.93553475168585
51.21999999999838,0.01,125.0,0.16401338577270508,15.003949545025318,314.7352755926522,-0.45875104688479157,6.852335868588103,237.00410363561696
51.22999999999838,0.01,125.0,0.1607677936553955,15.005589678883045,314.88531508810246,-0.4622452124940287,6.847748358119256,237.07262699430282
51.239999999998375,0.01,125.0,0.15752363204956055,15.007197356819598,315.03537098489124,-0.46573491462559347,6.843125905994317,237.141104477884
51.24999999999837,0.01,125.0,0.154280424118042,15.008772593140092,315.1854429584594,-0.4692201188375384,6.838468556848062,237.20953573694393
51.25999999999837,0.01,125.0,0.15103983879089355,15.010315397381273,315.3355306843908,-0.47270079073230903,6.833776355659687,237.2779204225124
51.26999999999837,0.01,125.0,0.14780092239379883,15.011825795769182,315.48563383836455,-0.476176895957071,6.829049347752365,237.34625818606898
51.27999999999837,0.01,125.0,0.1445627212524414,15.01330380499312,315.6357520963222,-0.47964840020407706,6.824287578792795,237.4145486795465
51.289999999998365,0.01,125.0,0.1413271427154541,15.014749432205644,315.7858851343721,-0.483115269210974,6.819491094790755,237.48279155533442
51.29999999999836,0.01,125.0,0.1380927562713623,15.016162703632798,315.93603262869414,-0.48657746876116814,6.814659942098646,237.5509864662823
51.30999999999836,0.01,125.0,0.13486075401306152,15.017543631195512,316.08619425573045,-0.4900349646841516,6.809794167411035,237.61913306570327
51.31999999999836,0.01,125.0,0.13163065910339355,15.018892238735642,316.2363696920424,-0.49348772285582765,6.804893817764195,237.68723100737736
51.32999999999836,0.01,125.0,0.1284019947052002,15.020208545326676,316.3865586144297,-0.496935709198875,6.799958940535638,237.755279945555
51.339999999998355,0.01,125.0,0.12517595291137695,15.021492565273729,316.53676069988296,-0.5003788896830524,6.79498958344365,237.82327953496034
51.34999999999835,0.01,125.0,0.12195086479187012,15.022744324802842,316.6869756255357,-0.5038172303255628,6.78998579454682,237.89122943079477
51.35999999999835,0.01,125.0,0.1187291145324707,15.023963833450761,316.8372030687837,-0.5072506971913758,6.784947622243566,237.95912928874023
51.36999999999835,0.01,125.0,0.11550784111022949,15.025151124596086,316.9874427071182,-0.5106792563935518,6.779875115271653,238.02697876496265
51.37999999999835,0.01,125.0,0.1122899055480957,15.026306203007188,317.1376942183641,-0.5141028740935997,6.774768322707719,238.09477751611536
51.389999999998345,0.01,125.0,0.10907316207885742,15.02742910206267,317.28795728039415,-0.5175215165017987,6.769627293966784,238.1625251993424
51.39999999999834,0.01,125.0,0.10585880279541016,15.028519833683458,317.43823157141475,-0.5209351498775205,6.764452078801767,238.23022147228207
51.40999999999834,0.01,125.0,0.10264706611633301,15.029578421711411,317.58851676975155,-0.52434374052959,6.759242727302993,238.29786599307008
51.41999999999834,0.01,125.0,0.09943652153015137,15.030604892372574,317.7388125539686,-0.5277472548165855,6.753999289897698,238.3654584203431
51.42999999999834,0.01,125.0,0.09622931480407715,15.031599257587876,317.8891186028923,-0.5311456591471989,6.748721817349534,238.43299841324205
51.439999999998335,0.01,125.0,0.09302377700805664,15.032561550735917,318.03943459546815,-0.5345389199805555,6.743410360758062,238.50048563141553
51.44999999999833,0.01,125.0,0.08982062339782715,15.033491788505996,318.18976021097546,-0.5379270038265329,6.738064971558258,238.56791973502308
51.45999999999833,0.01,125.0,0.08661866188049316,15.034389994739975,318.34009512886047,-0.5413098772461153,6.732685701519994,238.63530038473866
51.46999999999833,0.01,125.0,0.0834205150604248,15.035256181358779,318.4904390288078,-0.5446875068517115,6.727272602747534,238.70262724175385
51.47999999999833,0.01,125.0,0.08022403717041016,15.036090386509382,318.6407915906214,-0.5480598593074735,6.721825727679017,238.7698999677813
51.489999999998325,0.01,125.0,0.07702994346618652,15.036892626881086,318.7911524944865,-0.5514269013296514,6.716345129085944,238.83711822505808
51.49999999999832,0.01,125.0,0.07383894920349121,15.037662926315747,318.94152142075524,-0.5547885996868923,6.710830860072649,238.90428167634892
51.50999999999832,0.01,125.0,0.07065010070800781,15.038401315807782,319.09189805001836,-0.5581449212005943,6.705282974075781,238.97138998494964
51.51999999999832,0.01,125.0,0.06746339797973633,15.039107816814862,319.2422820631764,-0.561495832745223,6.699701524863777,239.03844281469037
51.52999999999832,0.01,125.0,0.06427907943725586,15.03978245079466,319.3926731413445,-0.5648413012486265,6.694086566536326,239.105439829939
51.539999999998315,0.01,125.0,0.061098337173461914,15.040425241589032,319.54307096585245,-0.5681812936923852,6.68843815352384,239.17238069560435
51.54999999999831,0.01,125.0,0.05791878700256348,15.041036224960767,319.6934752182683,-0.5715157771121259,6.682756340586917,239.23926507713958
51.55999999999831,0.01,125.0,0.05474257469177246,15.041615412830792,319.8438855805179,-0.5748447185978357,6.677041182815797,239.30609264054544
51.56999999999831,0.01,125.0,0.051569461822509766,15.04216283857771,319.99430173464617,-0.5781680852942138,6.67129273562982,239.3728630523736
51.57999999999831,0.01,125.0,0.04839825630187988,15.042678533195934,320.1447233630319,-0.5814858444009651,6.665511054776879,239.43957597972988
51.589999999998305,0.01,125.0,0.04523015022277832,15.043162515758953,320.29515014836386,-0.5847979631731504,6.659696196332871,239.50623109027762
51.5999999999983,0.01,125.0,0.04206442832946777,15.04361481726118,320.44558177352144,-0.5881044089214981,6.653848216701141,239.57282805224094
51.6099999999983,0.01,125.0,0.03890228271484375,15.044035461544475,320.596017921694,-0.5914051490127161,6.647967172611927,239.63936653440794
51.6199999999983,0.01,125.0,0.03574228286743164,15.044424484371623,320.7464582763094,-0.5947001508698401,6.642053121121801,239.70584620613405
51.6299999999983,0.01,125.0,0.03258562088012695,15.044781907200298,320.8969025211531,-0.597989381972524,6.636106119613104,239.77226673734526
51.639999999998295,0.01,125.0,0.029430627822875977,15.0451077634091,321.0473503402251,-0.601272809857389,6.63012622579338,239.83862779854138
51.64999999999829,0.01,125.0,0.026279687881469727,15.045402069687327,321.1978014178591,-0.6045504021183308,6.6241134976948075,239.9049290607993
51.65999999999829,0.01,125.0,0.02313089370727539,15.045664866566142,321.34825543855595,-0.6078221264068296,6.618067993673625,239.97117019577624
51.66999999999829,0.01,125.0,0.01998591423034668,15.045896175503215,321.4987120872216,-0.6110879504322915,6.611989772409558,240.03735087571297
51.67999999999829,0.01,125.0,0.016843557357788086,15.046096034645519,321.6491710489766,-0.6143478419623553,6.6058788929052366,240.10347077343707
51.689999999998285,0.01,125.0,0.013704299926757812,15.046264470219096,321.79963200932303,-0.6176017688232004,6.599735414485615,240.1695295623661
51.69999999999828,0.01,125.0,0.010567426681518555,15.046401513218363,321.9500946540252,-0.6208496988998895,6.593559396797384,240.23552691651096
51.70999999999828,0.01,125.0,0.007433891296386719,15.046507187485178,322.10055866915735,-0.6240916001366569,6.587350899808387,240.30146251047893
51.71999999999828,0.01,125.0,0.0043048858642578125,15.04658152639814,322.25102374103216,-0.6273274405372498,6.581109983807021,240.367336019477
51.72999999999828,0.01,125.0,0.0011777877807617188,15.046624575256784,322.4014895562961,-0.6305571881652332,6.57483670940165,240.43314711931504
51.739999999998275,0.01,125.0,-0.0019459724426269531,15.046636353134591,322.5519558020486,-0.6337808111442951,6.568531137519999,240.49889548640905
51.74999999999827,0.01,125.0,-0.005067348480224609,15.046616893410166,322.70242216557995,-0.6369982776585814,6.562193329408557,240.56458079778423
51.75999999999827,0.01,125.0,-0.008183956146240234,15.046566219925364,322.85288833451403,-0.6402095559530002,6.555823346631972,240.6302027310783
51.76999999999827,0.01,125.0,-0.011298179626464844,15.046484380363902,323.00335399671326,-0.6434146143335242,6.549421251072443,240.6957609645446
51.77999999999827,0.01,125.0,-0.014409065246582031,15.046371398567636,323.15381884051686,-0.6466134211675281,6.542987104929109,240.76125517705532
51.789999999998265,0.01,125.0,-0.017516136169433594,15.04622730791517,323.3042825545025,-0.6498059448840726,6.536520970717435,240.8266850481046
51.79999999999826,0.01,125.0,-0.02062082290649414,15.046052146553476,323.45474482758164,-0.6529921539742414,6.5300229112685955,240.89205025781175
51.80999999999826,0.01,125.0,-0.023721694946289062,15.045845938324412,323.60520534904714,-0.6561720169914403,6.5234929897288545,240.9573504869244
51.81999999999826,0.01,125.0,-0.02681875228881836,15.045608721374949,323.75566380843037,-0.6593455025516982,6.516931269558941,241.0225854168217
51.82999999999826,0.01,125.0,-0.029912948608398438,15.04534053385206,323.9061198956441,-0.6625125793339973,6.510337814533425,241.0877547295173
51.839999999998255,0.01,125.0,-0.03300333023071289,15.045041404365977,324.0565733009826,-0.665673216080572,6.5037126887400865,241.1528581076626
51.84999999999825,0.01,125.0,-0.03608989715576172,15.04471137106367,324.20702371502625,-0.6688273815972063,6.497055956579282,241.21789523454999
51.85999999999825,0.01,125.0,-0.03917360305786133,15.044350472092113,324.35747082873684,-0.6719750447535672,6.490367682763312,241.28286579411576
51.86999999999825,0.01,125.0,-0.04225349426269531,15.043958736061533,324.50791433345773,-0.6751161744834829,6.483647932315777,241.34776947094338
51.87999999999825,0.01,125.0,-0.04532957077026367,15.043536201118906,324.65835392081834,-0.678250739785275,6.476896770570943,241.4126059502665
51.889999999998246,0.01,125.0,-0.048401832580566406,15.043082905411204,324.8087892828295,-0.6813787097220524,6.470114263173092,241.4773749179722
51.89999999999824,0.01,125.0,-0.051471710205078125,15.042598887085399,324.95922011188355,-0.6845000534220079,6.463300476075872,241.54207606060393
51.90999999999824,0.01,125.0,-0.05453634262084961,15.042084169983347,325.1096461007544,-0.6876147400787465,6.456455475541653,241.60670906536467
51.91999999999824,0.01,125.0,-0.05759763717651367,15.041538806557138,325.2600669424542,-0.690722738951561,6.449579328140867,241.67127362012008
51.92999999999824,0.01,125.0,-0.06065511703491211,15.040962830185373,325.41048233051976,-0.693824019365761,6.442672100751353,241.73576941340147
51.939999999998236,0.01,125.0,-0.06370973587036133,15.040356279015024,325.56089195882157,-0.6969185507129643,6.435733860557697,241.80019613440896
51.949999999998234,0.01,125.0,-0.06675958633422852,15.03971918165632,325.7112955216117,-0.7000063024513887,6.4287646750505685,241.86455347301452
51.95999999999823,0.01,125.0,-0.06980609893798828,15.039051585792977,325.8616927134282,-0.7030872441061747,6.421764612026056,241.92884111976502
51.96999999999823,0.01,125.0,-0.07284832000732422,15.038353524803597,326.01208322928613,-0.7061613452696757,6.414733739584996,241.99305876588528
51.97999999999823,0.01,125.0,-0.07588720321655273,15.037625041603524,326.16246676453414,-0.7092285756017471,6.407672126132301,242.05720610328112
51.989999999998226,0.01,125.0,-0.07892179489135742,15.03686616957136,326.31284301495015,-0.7122889048300707,6.400579840376285,242.12128282454242
51.999999999998224,0.01,125.0,-0.08195209503173828,15.036076951622446,326.4632116766458,-0.7153423027504257,6.393456951327985,242.18528862294616
52.00999999999822,0.01,125.0,-0.08497858047485352,15.035257430672129,326.613572446162,-0.7183887392270106,6.386303528300482,242.24922319245943
52.01999999999822,0.01,125.0,-0.08800172805786133,15.03440764486738,326.76392502046866,-0.7214281841927311,6.379119640908214,242.31308622774242
52.02999999999822,0.01,125.0,-0.0910196304321289,15.033527627586802,326.9142690969173,-0.7244606076494853,6.371905359066288,242.37687742415147
52.039999999998216,0.01,125.0,-0.09403419494628906,15.03261743128248,327.0646043731931,-0.7274859796684814,6.364660752989795,242.44059647774213
52.049999999998214,0.01,125.0,-0.09704446792602539,15.031677089333018,327.2149305475059,-0.7305042703905223,6.357385893193111,242.504243085272
52.05999999999821,0.01,125.0,-0.1000509262084961,15.030706644653758,327.3652473183992,-0.7335154500262906,6.350080850489207,242.56781694420394
52.06999999999821,0.01,125.0,-0.10305356979370117,15.029706135391674,327.5155543848457,-0.7365194888566653,6.342745695988945,242.6313177527088
52.07999999999821,0.01,125.0,-0.10605096817016602,15.028675599693736,327.6658514461996,-0.7395163572329896,6.3353805011003805,242.6947452096687
52.089999999998206,0.01,125.0,-0.10904455184936523,15.027615090012034,327.8161382021965,-0.7425060255773855,6.327985337528052,242.7580990146797
52.099999999998204,0.01,125.0,-0.11203384399414062,15.026524644493541,327.9664143530966,-0.7454884643830372,6.320560277272279,242.82137886805495
52.1099999999982,0.01,125.0,-0.11501836776733398,15.0254043060536,328.1166795995415,-0.7484636442144705,6.313105392628451,242.88458447082766
52.1199999999982,0.01,125.0,-0.11799955368041992,15.024254122375927,328.266933642602,-0.7514315357078654,6.305620756186308,242.94771552475393
52.1299999999982,0.01,125.0,-0.12097644805908203,15.023074126839123,328.41717618382575,-0.7543921095713342,6.298106440829231,243.0107717323158
52.139999999998196,0.01,125.0,-0.1239480972290039,15.021864362358533,328.56740692509413,-0.7573453365852015,6.290562519733519,243.07375279672408
52.149999999998194,0.01,125.0,-0.12691593170166016,15.020624881386244,328.71762556871766,-0.7602911876023154,6.282989066367668,243.1366584219214
52.15999999999819,0.01,125.0,-0.12987899780273438,15.019355722069227,328.8678318175315,-0.7632296335483094,6.275386154491647,243.19948831258506
52.16999999999819,0.01,125.0,-0.13283729553222656,15.0180569320912,329.0180253747522,-0.7661606454219112,6.267753858156166,243.26224217412997
52.17999999999819,0.01,125.0,-0.13579225540161133,15.016728559135878,329.16820594407307,-0.7690841942952206,6.260092251701948,243.3249197127115
52.189999999998186,0.01,125.0,-0.13874149322509766,15.015370636581862,329.3183732296644,-0.7720002513139833,6.252401409758997,243.38752063522853
52.199999999998184,0.01,125.0,-0.14168643951416016,15.01398322164961,329.46852693603023,-0.7749087876979012,6.244681407245859,243.45004464932612
52.20999999999818,0.01,125.0,-0.14462757110595703,15.01256635725447,329.61866676824667,-0.7778097747408871,6.236932319368882,243.51249146339856
52.21999999999818,0.01,125.0,-0.14756393432617188,15.01112008154341,329.7687924318192,-0.7807031838113738,6.229154221621474,243.57486078659224
52.22999999999818,0.01,125.0,-0.15049457550048828,15.009644442200148,329.91890363263457,-0.783588986352585,6.221347189783362,243.63715232880844
52.239999999998176,0.01,125.0,-0.15342187881469727,15.008139496445144,330.06900007705656,-0.7864671538828082,6.213511299919838,243.69936580070626
52.249999999998174,0.01,125.0,-0.1563434600830078,15.006605277656998,330.219081472021,-0.7893376579956951,6.205646628381011,243.76150091370545
52.25999999999817,0.01,125.0,-0.15926027297973633,15.00504184305617,330.36914752479754,-0.792200470360532,6.197753251801055,243.82355737998924
52.26999999999817,0.01,125.0,-0.16217327117919922,15.003449240326372,330.51919794322805,-0.7950555627225104,6.189831247097452,243.88553491250724
52.27999999999817,0.01,125.0,-0.16508150100708008,15.00182750761458,330.6692324356313,-0.7979029069030277,6.181880691470228,243.9474332249782
52.289999999998166,0.01,125.0,-0.1679840087890625,15.00017669260451,330.81925071070737,-0.80074247479994,6.1739016624011995,244.00925203189288
52.299999999998164,0.01,125.0,-0.1708817481994629,14.99849685251662,330.9692524776334,-0.8035742383878616,6.165894237653202,244.07099104851687
52.30999999999816,0.01,125.0,-0.17377662658691406,14.996788035034626,331.11923744615854,-0.8063981697184323,6.157858495269325,244.13264999089338
52.31999999999816,0.01,125.0,-0.1766643524169922,14.995050268768757,331.2692053265088,-0.8092142409205837,6.149794513572142,244.19422857584607
52.32999999999816,0.01,125.0,-0.17954730987548828,14.993283625244588,331.4191558291965,-0.8120224242008331,6.141702371162938,244.25572652098177
52.339999999998156,0.01,125.0,-0.18242645263671875,14.991488152145834,331.5690886654489,-0.8148226918435484,6.133582146920931,244.31714354469338
52.349999999998154,0.01,125.0,-0.18529987335205078,14.989663887619468,331.7190035469703,-0.8176150162112121,6.125433920002497,244.37847936616257
52.35999999999815,0.01,125.0,-0.18816757202148438,14.987810888885948,331.8689001858465,-0.8203993697447163,6.1172577698403865,244.43973370536258
52.36999999999815,0.01,125.0,-0.19103145599365234,14.985929213165733,332.01877829473534,-0.8231757249636095,6.109053776142941,244.50090628306097
52.37999999999815,0.01,125.0,-0.19388961791992188,14.984018898605797,332.16863758686696,-0.8259440544663895,6.100822018893306,244.5619968208224
52.389999999998146,0.01,125.0,-0.19674301147460938,14.982080002426597,332.318477775853,-0.8287043309307651,6.092562578348645,244.6230050410113
52.399999999998144,0.01,125.0,-0.19959115982055664,14.980112572311851,332.46829857587727,-0.8314565271139155,6.084275535039339,244.6839306667948
52.40999999999814,0.01,125.0,-0.20243406295776367,14.978116660713646,332.6180997016004,-0.8342006158527788,6.075960969768201,244.7447734221452
52.41999999999814,0.01,125.0,-0.20527219772338867,14.976092320084069,332.7678808682075,-0.83693657006431,6.067618963609675,244.80553303184286
52.42999999999814,0.01,125.0,-0.20810508728027344,14.974039598106836,332.9176417914083,-0.8396643627457393,6.059249597909034,244.86620922147895
52.439999999998136,0.01,125.0,-0.21093225479125977,14.971958547234035,333.06738218738934,-0.8423839669748604,6.050852954281578,244.92680171745803
52.449999999998134,0.01,125.0,-0.21375370025634766,14.969849224686122,333.21710177286167,-0.8450953559102715,6.042429114611831,244.98731024700083
52.45999999999813,0.01,125.0,-0.21657133102416992,14.96771168768356,333.3668002651085,-0.8477985027916614,6.0339781610527305,245.04773453814695
52.46999999999813,0.01,125.0,-0.21938228607177734,14.965545974373319,333.51647738198534,-0.8504933809400647,6.025500176024815,245.10807431975746
52.47999999999813,0.01,125.0,-0.22218847274780273,14.963352151512602,333.66613284172905,-0.853179963758116,6.016995242215416,245.1683293215177
52.489999999998126,0.01,125.0,-0.2249889373779297,14.961130266785124,333.81576636324417,-0.8558582247303306,6.0084634425778365,245.22849927393983
52.499999999998124,0.01,125.0,-0.2277846336364746,14.958880377411345,333.965377665912,-0.8585281374233568,5.999904860330535,245.2885839083656
52.50999999999812,0.01,125.0,-0.2305746078491211,14.956602531074981,334.11496646968607,-0.8611896754862284,5.991319578956303,245.3485829569689
52.51999999999812,0.01,125.0,-0.23335886001586914,14.95429678499649,334.2645324949968,-0.8638428126506451,5.9827076822014424,245.40849615275846
52.52999999999812,0.01,125.0,-0.23613882064819336,14.951963196396331,334.4140754628467,-0.8664875227312081,5.974069254074938,245.46832322958045
52.539999999998116,0.01,125.0,-0.23891162872314453,14.94960180818985,334.56359509481064,-0.8691237796256999,5.965404378847627,245.5280639221212
52.549999999998114,0.01,125.0,-0.24168014526367188,14.94721269190262,334.7130911128925,-0.871751557315332,5.956713141051372,245.58771796590966
52.55999999999811,0.01,125.0,-0.24444198608398438,14.944795890449983,334.86256323981155,-0.8743708298649936,5.947995625478221,245.64728509732015
52.56999999999811,0.01,125.0,-0.24719905853271484,14.942351470589143,335.01201119871604,-0.8769815714235282,5.939251917179573,245.7067650535749
52.57999999999811,0.01,125.0,-0.24995040893554688,14.939879480003816,335.1614347134219,-0.8795837562239642,5.930482101465339,245.7661575727467
52.589999999998106,0.01,125.0,-0.25269651412963867,14.93737997591446,335.3108335082219,-0.8821773585837916,5.921686263903101,245.82546239376134
52.599999999998104,0.01,125.0,-0.2554359436035156,14.934853010773164,335.460207307981,-0.884762352905205,5.912864490317265,245.88467925640037
52.6099999999981,0.01,125.0,-0.25817012786865234,14.93229865133713,335.60955583808874,-0.8873387136753482,5.904016866788215,245.94380790130353
52.6199999999981,0.01,125.0,-0.26089906692504883,14.929716950058443,335.7588788246021,-0.8899064154665832,5.8951434796514635,246.0028480699714
52.6299999999981,0.01,125.0,-0.26362180709838867,14.927107959389193,335.90817599410263,-0.8924654329367332,5.886244415496799,246.06179950476792
52.639999999998096,0.01,125.0,-0.2663383483886719,14.924471741318209,336.0574470736965,-0.895015740829323,5.877319761167434,246.12066194892287
52.649999999998094,0.01,125.0,-0.26904964447021484,14.921808357834323,336.2066917911096,-0.8975573139738487,5.868369603759143,246.17943514653453
52.65999999999809,0.01,125.0,-0.2717552185058594,14.919117861389621,336.35590987468794,-0.9000901272860043,5.859394030619406,246.2381188425721
52.66999999999809,0.01,125.0,-0.27445459365844727,14.916400309204564,336.5051010533018,-0.9026141557679475,5.850393129346547,246.2967127828783
52.67999999999809,0.01,125.0,-0.2771482467651367,14.913655763267979,336.65426505639385,-0.9051293745085389,5.841366987788869,246.35521671417175
52.689999999998086,0.01,125.0,-0.27983665466308594,14.910884280800328,336.8034016140265,-0.9076357586835795,5.8323156940437855,246.4136303840496
52.699999999998084,0.01,125.0,-0.2825174331665039,14.908085914253698,336.95251045683443,-0.910133283556072,5.823239336456951,246.47195354099003
52.70999999999808,0.01,125.0,-0.28519344329833984,14.905260739922033,337.1015913159769,-0.9126219244764572,5.814138003621393,246.5301859343546
52.71999999999808,0.01,125.0,-0.28786373138427734,14.902408805489051,337.2506439233761,-0.9151016568828483,5.80501178437663,246.5883273143908
52.72999999999808,0.01,125.0,-0.2905268669128418,14.89953016817521,337.399668011431,-0.917572456301293,5.795860767807803,246.64637743223454
52.739999999998076,0.01,125.0,-0.2931852340698242,14.896624899506081,337.54866331311274,-0.920034298345993,5.786685043244792,246.70433603991262
52.749999999998074,0.01,125.0,-0.2958364486694336,14.893693047165383,337.69762956210775,-0.9224871587195641,5.777484700261334,246.76220289034507
52.75999999999807,0.01,125.0,-0.29848146438598633,14.890734682678689,337.84656649257937,-0.9249310132132674,5.7682598286741396,246.81997773734767
52.76999999999807,0.01,125.0,-0.30112171173095703,14.88774986803483,337.99547383940615,-0.9273658377072402,5.759010518542008,246.8776603356344
52.77999999999807,0.01,125.0,-0.3037552833557129,14.88473865091752,338.14435133808644,-0.9297916081707502,5.749736860164938,246.9352504408198
52.78999999999807,0.01,125.0,-0.3063821792602539,14.881701098083964,338.2931987245956,-0.9322083006624253,5.740438944083232,246.99274780942145
52.799999999998064,0.01,125.0,-0.3090028762817383,14.878637276291363,338.4420157355764,-0.9346158913304807,5.73111686107661,247.05015219886226
52.80999999999806,0.01,125.0,-0.311617374420166,14.875547247528546,338.59080210833923,-0.9370143564129739,5.721770702163307,247.10746336747303
52.81999999999806,0.01,125.0,-0.3142261505126953,14.872431073784345,338.7395575808145,-0.9394036722380176,5.712400558599179,247.16468107449467
52.82999999999806,0.01,125.0,-0.31682825088500977,14.869288812279219,338.8882818915523,-0.9417838152240315,5.703006521876801,247.22180508008066
52.83999999999806,0.01,125.0,-0.3194246292114258,14.86612052977037,339.03697477967506,-0.9441547618799684,5.693588683724562,247.2788351452994
52.849999999998055,0.01,125.0,-0.32201337814331055,14.862926283478256,339.18563598497275,-0.9465164888055362,5.684147136105764,247.33577103213665
52.85999999999805,0.01,125.0,-0.3245973587036133,14.859706149696823,339.3342652478075,-0.9488689726914492,5.674681971217711,247.3926125034977
52.86999999999805,0.01,125.0,-0.32717418670654297,14.856460176109788,339.48286230930444,-0.951212190319636,5.665193281490799,247.44935932320988
52.87999999999805,0.01,125.0,-0.3297443389892578,14.853188434242723,339.6314269110655,-0.9535461185634869,5.655681159587605,247.50601125602478
52.88999999999805,0.01,125.0,-0.332308292388916,14.849890990852831,339.7799587954079,-0.9558707343880752,5.646145698401972,247.56256806762065
52.899999999998045,0.01,125.0,-0.3348660469055176,14.846567907928943,339.92845770531636,-0.958186014850376,5.636586991058093,247.61902952460466
52.90999999999804,0.01,125.0,-0.3374166488647461,14.843219247459889,340.0769233843956,-0.9604919370995084,5.627005130909591,247.67539539451522
52.91999999999804,0.01,125.0,-0.33996105194091797,14.839845080971243,340.2253555768702,-0.9627884783769534,5.617400211538598,247.73166544582432
52.92999999999804,0.01,125.0,-0.3424997329711914,14.836445470451833,340.37375402767987,-0.9650756160167704,5.607772326754831,247.7878394479397
52.93999999999804,0.01,125.0,-0.3450312614440918,14.833020473122122,340.52211848238437,-0.9673533274458395,5.598121570594665,247.84391717120724
52.949999999998035,0.01,125.0,-0.34755611419677734,14.829570160507682,340.67044868711554,-0.9696215901840635,5.588448037320208,247.89989838691318
52.95999999999803,0.01,125.0,-0.35007429122924805,14.826094599365716,340.8187443887206,-0.9718803818446071,5.578751821418369,247.95578286728636
52.96999999999803,0.01,125.0,-0.3525862693786621,14.822593856453423,340.9670053347142,-0.9741296801341115,5.569033017599925,248.01157038550053
52.97999999999803,0.01,125.0,-0.3550910949707031,14.819067993759637,341.1152312732787,-0.9763694628529052,5.559291720798586,248.06726071567653
52.98999999999803,0.01,125.0,-0.3575887680053711,14.815517082809931,341.26342195321627,-0.9785997078952395,5.549528026170059,248.1228536328845
52.999999999998025,0.01,125.0,-0.36008119583129883,14.811941195129878,341.41157712404436,-0.9808203932494991,5.539742029091109,248.17834891314618
53.00999999999802,0.01,125.0,-0.3625664710998535,14.808340383171565,341.5596965359956,-0.983031496998411,5.529933825158616,248.23374633343707
53.01999999999802,0.01,125.0,-0.36504364013671875,14.804714718460566,341.7077799398273,-0.9852329973192785,5.520103510188633,248.28904567168865
53.02999999999802,0.01,125.0,-0.36751604080200195,14.8010642820592,341.85582708701185,-0.9874248724841775,5.510251180215443,248.34424670679053
53.03999999999802,0.01,125.0,-0.3699798583984375,14.79738912165118,342.0038377298324,-0.9896071008601875,5.500376931490603,248.39934921859268
53.049999999998015,0.01,125.0,-0.3724379539489746,14.793689323067197,342.1518116210489,-0.991779660909598,5.490480860482003,248.45435298790758
53.05999999999801,0.01,125.0,-0.37488889694213867,14.789964943527707,342.29974851427954,-0.9939425311901131,5.480563063872909,248.5092577965124
53.06999999999801,0.01,125.0,-0.3773322105407715,14.786216054558286,342.4476481637148,-0.9960956903550793,5.47062363856101,248.56406342715113
53.07999999999801,0.01,125.0,-0.37976980209350586,14.78244273245288,342.5955103242604,-0.998239117153687,5.460662681657461,248.61876966353674
53.08999999999801,0.01,125.0,-0.382199764251709,14.778645034431946,342.7433347515849,-1.000372790431174,5.450680290485926,248.6733762903533
53.099999999998005,0.01,125.0,-0.38462352752685547,14.77482303678943,342.8911212019292,-1.0024966891290519,5.440676562581617,248.72788309325816
53.109999999998,0.01,125.0,-0.3870396614074707,14.770976801514163,343.0388694322971,-1.0046107922852925,5.430651595690328,248.78228985888396
53.119999999998,0.01,125.0,-0.3894495964050293,14.767106404900089,343.18657920031217,-1.006715079034554,5.420605487767477,248.83659637484084
53.129999999998,0.01,125.0,-0.39185142517089844,14.76321190893604,343.3342502643611,-1.008809528608378,5.410538336977134,248.8908024297185
53.139999999998,0.01,125.0,-0.39424657821655273,14.759293394684331,343.48188238345045,-1.010894120335388,5.400450241691052,248.94490781308826
53.149999999997995,0.01,125.0,-0.3966355323791504,14.755350928902166,343.6294753173973,-1.01296883364151,5.390341300487701,248.99891231550515
53.15999999999799,0.01,125.0,-0.3990159034729004,14.751384573578376,343.77702882668626,-1.0150336480501565,5.380211612151288,249.05281572851
53.16999999999799,0.01,125.0,-0.40139007568359375,14.747394414543647,343.92454267242204,-1.017088543182445,5.370061275670788,249.1066178446315
53.17999999999799,0.01,125.0,-0.40375661849975586,14.743380513786812,344.07201661656745,-1.019133498757393,5.359890390238966,249.1603184573882
53.18999999999799,0.01,125.0,-0.4061160087585449,14.739342947601816,344.2194504217053,-1.0211684945921096,5.349699055251394,249.21391736129058
53.199999999997985,0.01,125.0,-0.40846920013427734,14.735281787514232,344.3668438511813,-1.0231935106020098,5.339487370305475,249.2674143518431
53.20999999999798,0.01,125.0,-0.4108147621154785,14.73119709551289,344.5141966690564,-1.0252085268010052,5.329255435199457,249.32080922554613
53.21999999999798,0.01,125.0,-0.41315221786499023,14.727088947891737,344.6615086400115,-1.0272135233016952,5.319003349931449,249.37410177989813
53.22999999999798,0.01,125.0,-0.4154834747314453,14.722957425713087,344.8087795294904,-1.029208480315578,5.308731214698434,249.42729181339743
53.23999999999798,0.01,125.0,-0.41780710220336914,14.718802590965774,344.9560091037475,-1.0311933781532294,5.29843912989528,249.4803791255444
53.249999999997975,0.01,125.0,-0.4201235771179199,14.714624519943742,345.10319712965713,-1.0331681972245106,5.28812719611375,249.53336351684334
53.25999999999797,0.01,125.0,-0.42243194580078125,14.710423284172563,345.2503433748565,-1.0351329180387572,5.277795514141507,249.58624478880446
53.26999999999797,0.01,125.0,-0.42473459243774414,14.706198964714556,345.3974476076982,-1.0370875212049635,5.267444184961122,249.63902274394587
53.27999999999797,0.01,125.0,-0.4270286560058594,14.70195161879018,345.5445095973453,-1.0390319874319875,5.2570733097490745,249.69169718579548
53.28999999999797,0.01,125.0,-0.42931556701660156,14.697681332230122,345.6915291135332,-1.0409662975287346,5.246682989874757,249.74426791889294
53.299999999997965,0.01,125.0,-0.4315943717956543,14.693388176559957,345.8385059268555,-1.0428904324043409,5.236273326899472,249.7967347487917
53.30999999999796,0.01,125.0,-0.4338665008544922,14.689072232842001,345.98543980862104,-1.0448043730683765,5.22584442257543,249.84909748206067
53.31999999999796,0.01,125.0,-0.43613195419311523,14.684733567833456,346.13233053094945,-1.0467081006310148,5.215396378844749,249.9013559262864
53.32999999999796,0.01,125.0,-0.4383888244628906,14.680372248291526,346.2791778666278,-1.0486015963032362,5.204929297838441,249.95350989007486
53.33999999999796,0.01,125.0,-0.44063854217529297,14.675988360046897,346.4259815891107,-1.0504848413970045,5.194443281875411,250.00555918305324
53.349999999997955,0.01,125.0,-0.44288015365600586,14.671581974625145,346.57274147271113,-1.0523578173254469,5.183938433461443,250.05750361587198
53.35999999999795,0.01,125.0,-0.4451146125793457,14.667153173088586,346.7194572924574,-1.0542205056030491,5.173414855288191,250.1093430002066
53.36999999999795,0.01,125.0,-0.4473419189453125,14.662702026962794,346.86612882418825,-1.056072887845832,5.1628726502321625,250.16107714875946
53.37999999999795,0.01,125.0,-0.44956111907958984,14.658228607773342,347.01275584445784,-1.0579149457715267,5.152311921353706,250.21270587526178
53.38999999999795,0.01,125.0,-0.45177316665649414,14.653732996582548,347.15933813053556,-1.0597466611997688,5.1417327718959935,250.2642289944753
53.399999999997945,0.01,125.0,-0.4539775848388672,14.649215264915984,347.30587546050134,-1.0615680160522627,5.131135305283998,250.31564632219425
53.40999999999794,0.01,125.0,-0.4561738967895508,14.644675489067597,347.45236761315044,-1.0633789923529733,5.120519625123477,250.36695767524708
53.41999999999794,0.01,125.0,-0.45836305618286133,14.640113750099703,347.5988143680411,-1.065179572228298,5.109885835199949,250.4181628714983
53.42999999999794,0.01,125.0,-0.4605436325073242,14.635530119537876,347.74521550554203,-1.0669697379072358,5.099234039477668,250.4692617298503
53.43999999999794,0.01,125.0,-0.46271705627441406,14.630924683212804,347.8915708067374,-1.0687494717215784,5.088564342098598,250.52025407024507
53.449999999997935,0.01,125.0,-0.46488332748413086,14.62629751265006,348.0378800535695,-1.0705187561060678,5.0778768473813845,250.57113971366604
53.45999999999793,0.01,125.0,-0.467041015625,14.62164867937522,348.184143028696,-1.072277573598583,5.067171659820326,250.62191848213985
53.46999999999793,0.01,125.0,-0.4691915512084961,14.61697826921897,348.3303595154897,-1.0740259068403075,5.056448884084342,250.67259019873805
53.47999999999793,0.01,125.0,-0.47133350372314453,14.612286353706887,348.47652929818184,-1.0757637385758942,5.0457086250159415,250.72315468757887
53.48999999999793,0.01,125.0,-0.4734683036804199,14.607573018669656,348.62265216171886,-1.0774910516536476,5.034950987630185,250.77361177382903
53.499999999997925,0.01,125.0,-0.47559547424316406,14.602838335632853,348.76872789190554,-1.0792078290256863,5.02417607711365,250.82396128370533
53.50999999999792,0.01,125.0,-0.47771453857421875,14.598082380890423,348.9147562752618,-1.0809140537481077,5.013383998823396,250.87420304447645
53.51999999999792,0.01,125.0,-0.4798250198364258,14.593305235504682,349.0607370990707,-1.0826097089811655,5.002574858285917,250.92433688446468
53.52999999999792,0.01,125.0,-0.48192834854125977,14.588506985306319,349.2066701514257,-1.0842947779894243,4.991748761196107,250.97436263304752
53.53999999999792,0.01,125.0,-0.4840230941772461,14.583687701820907,349.35255522127875,-1.0859692441419344,4.980905813416215,251.02428012065948
53.549999999997915,0.01,125.0,-0.4861106872558594,14.578847470879134,349.4983920982969,-1.0876330909123932,4.970046120974798,251.07408917879363
53.55999999999791,0.01,125.0,-0.488189697265625,14.573986364006577,349.64418057300566,-1.0892863018793009,4.959169790065676,251.12378964000337
53.56999999999791,0.01,125.0,-0.4902610778808594,14.569104467033922,349.7899204366457,-1.0909288607261345,4.948276927046885,251.173381337904
53.57999999999791,0.01,125.0,-0.4923243522644043,14.564201856255114,349.93561148131596,-1.0925607512415032,4.937367638439627,251.22286410717447
53.58999999999791,0.01,125.0,-0.49437999725341797,14.55927861273247,350.08125349987847,-1.094181957319303,4.9264420309272134,251.27223778355886
53.599999999997905,0.01,125.0,-0.496427059173584,14.554334812759937,350.22684628600575,-1.0957924629588875,4.915500211354023,251.32150220386814
53.6099999999979,0.01,125.0,-0.49846553802490234,14.549370542168202,350.3723896341333,-1.097392252265213,4.904542286724436,251.37065720598167
53.6199999999979,0.01,125.0,-0.5004973411560059,14.544385886787953,350.51788333955494,-1.098981309449007,4.893568364201786,251.4197026288489
53.6299999999979,0.01,125.0,-0.5025200843811035,14.539380913376394,350.6633271984228,-1.1005596188269178,4.882578551107298,251.46863831249092
53.6399999999979,0.01,125.0,-0.5045347213745117,14.534355712532584,350.8087210075565,-1.1021271648216657,4.871572954919031,251.517464098002
53.649999999997895,0.01,125.0,-0.5065412521362305,14.529310365318839,350.9540645646818,-1.1036839319622065,4.860551683270817,251.56617982755117
53.65999999999789,0.01,125.0,-0.508540153503418,14.524244952797478,351.09935766833496,-1.1052299048838787,4.849514843951197,251.61478534438388
53.66999999999789,0.01,125.0,-0.5105299949645996,14.519159551262444,351.2446001178629,-1.1067650683285502,4.83846254490236,251.6632804928234
53.67999999999789,0.01,125.0,-0.5125117301940918,14.5140542513128,351.3897917133755,-1.1082894071447809,4.827394894219077,251.7116651182724
53.68999999999789,0.01,125.0,-0.5144858360290527,14.50892913401086,351.5349322558886,-1.1098029062879586,4.816312000147632,251.7599390672146
53.699999999997885,0.01,125.0,-0.5164527893066406,14.50378427565057,351.68002154722865,-1.11130555082046,4.805213971084755,251.80810218721606
53.70999999999788,0.01,125.0,-0.5184097290039062,14.498619747757505,351.82505938998514,-1.1127973259117911,4.794100915576553,251.8561543269269
53.71999999999788,0.01,125.0,-0.5203585624694824,14.493435650467468,351.97004558746266,-1.1142782168387313,4.7829729423174365,251.90409533608266
53.72999999999788,0.01,125.0,-0.5222992897033691,14.488232064842775,352.1149799439673,-1.1157482089854864,4.771830160149052,251.95192506550583
53.73999999999788,0.01,125.0,-0.5242323875427246,14.483009071945743,352.25986226461566,-1.117207287843829,4.7606726780591995,251.99964336710732
53.749999999997875,0.01,125.0,-0.526155948638916,14.477766748070316,352.4046923553351,-1.1186554390132368,4.749500605180764,252.0472500938879
53.75999999999787,0.01,125.0,-0.5280709266662598,14.472505188583927,352.5494700228158,-1.1200926482010454,4.738314050790634,252.0947450999397
53.76999999999787,0.01,125.0,-0.5299792289733887,14.467224479317265,352.6941950747016,-1.1215189012225772,4.727113124308626,252.1421282404476
53.77999999999787,0.01,125.0,-0.5318775177001953,14.461924687027532,352.83886731949474,-1.1229341840012923,4.715897935296402,252.18939937169066
53.78999999999787,0.01,125.0,-0.5337691307067871,14.45660591185053,352.983486566365,-1.1243384825689224,4.704668593456391,252.2365583510436
53.799999999997866,0.01,125.0,-0.535651683807373,14.451268220543463,353.12805262548346,-1.1257317830656048,4.693425208630704,252.28360503697817
53.80999999999786,0.01,125.0,-0.5375247001647949,14.445911703705391,353.27256530768886,-1.1271140717400292,4.68216789080005,252.33053928906446
53.81999999999786,0.01,125.0,-0.5393896102905273,14.440536456703745,353.41702442472587,-1.128485334949561,4.670896750082652,252.37736096797246
53.82999999999786,0.01,125.0,-0.5412464141845703,14.435142560600841,353.5614297892929,-1.1298455591603875,4.659611896733159,252.42406993547328
53.83999999999786,0.01,125.0,-0.5430946350097656,14.429730096458997,353.7057812148989,-1.1311947309476467,4.648313441141557,252.4706660544406
53.849999999997856,0.01,125.0,-0.5449342727661133,14.424299150108899,353.85007851586346,-1.1325328369955547,4.6370014938320825,252.51714918885202
53.859999999997854,0.01,125.0,-0.5467662811279297,14.418849807381239,353.99432150736453,-1.1338598640975464,4.625676165462129,252.56351920379032
53.86999999999785,0.01,125.0,-0.5485882759094238,14.41338214456996,354.1385100054383,-1.1351757991564013,4.614337566821155,252.60977596544492
53.87999999999785,0.01,125.0,-0.5504031181335449,14.407896261810867,354.282643826884,-1.136480629184369,4.602985808829594,252.65591934111313
53.88999999999785,0.01,125.0,-0.5522079467773438,14.402392230629532,354.4267227895021,-1.1377743413033068,4.591621002537752,252.7019491992014
53.899999999997846,0.01,125.0,-0.5540051460266113,14.39687015116176,354.57074671180834,-1.1390569227447953,4.580243259124721,252.7478654092268
53.909999999997844,0.01,125.0,-0.555793285369873,14.391330099701495,354.71471541331994,-1.140328360850275,4.568852689897275,252.79366784181803
53.91999999999784,0.01,125.0,-0.5575718879699707,14.385772166847797,354.8586287143169,-1.1415886430711666,4.557449406288774,252.839356368717
53.92999999999784,0.01,125.0,-0.5593433380126953,14.380196447968098,355.00248643598536,-1.1428377569689905,4.546033519858065,252.8849308627799
53.93999999999784,0.01,125.0,-0.5611062049865723,14.374603014587972,355.14628840046504,-1.1440756902154983,4.534605142288377,252.93039119797848
53.949999999997836,0.01,125.0,-0.562859058380127,14.368991952538108,355.2900344306109,-1.14530243059279,4.523164385386224,252.97573724940136
53.959999999997834,0.01,125.0,-0.564603328704834,14.363363361954308,355.43372435013623,-1.1465179659934304,4.511711361080298,253.02096889325523
53.96999999999783,0.01,125.0,-0.5663399696350098,14.357717328667261,355.57735798375575,-1.1477222844205788,4.5002461814203665,253.06608600686602
53.97999999999783,0.01,125.0,-0.5680675506591797,14.352053928970912,355.7209351570424,-1.1489153739880955,4.488768958576163,253.1110884686802
53.98999999999783,0.01,125.0,-0.5697860717773438,14.346373253464321,355.8644556963321,-1.1500972229206698,4.477279804836284,253.15597615826596
53.999999999997826,0.01,125.0,-0.571495532989502,14.34067539274655,356.00791942886667,-1.151267819553931,4.4657788326070795,253.2007489563143
54.009999999997824,0.01,125.0,-0.5731968879699707,14.334960437416655,356.1513261827941,-1.1524271523345604,4.454266154411543,253.24540674464035
54.01999999999782,0.01,125.0,-0.5748882293701172,14.329228468536956,356.2946757871682,-1.1535752098204128,4.4427418828882,253.28994940618446
54.02999999999782,0.01,125.0,-0.5765714645385742,14.323479586243256,356.43796807185356,-1.1547119806806254,4.431206130789998,253.33437682501332
54.03999999999782,0.01,125.0,-0.5782451629638672,14.31771387159787,356.58120286771594,-1.1558374536957265,4.419659010983194,253.3786888863212
54.049999999997816,0.01,125.0,-0.5799107551574707,14.311931419968234,356.7243800064319,-1.1569516177577541,4.408100636446239,253.42288547643105
54.059999999997814,0.01,125.0,-0.581568717956543,14.30613231241666,356.86749932063157,-1.1580544618703563,4.396531120268664,253.4669664827955
54.06999999999781,0.01,125.0,-0.5832157135009766,14.300316625237095,357.0105606437557,-1.1591459751489084,4.384950575649962,253.51093179399817
54.07999999999781,0.01,125.0,-0.5848550796508789,14.294484468102086,357.15356381000805,-1.1602261468206156,4.3733591158984755,253.55478129975467
54.08999999999781,0.01,125.0,-0.5864849090576172,14.288635917305578,357.29650865468903,-1.161294966224618,4.361756854430272,253.59851489091363
54.099999999997806,0.01,125.0,-0.588106632232666,14.282771068215004,357.43939501386205,-1.1623524228121012,4.350143904768029,253.64213245945794
54.109999999997804,0.01,125.0,-0.5897173881530762,14.276890001892678,357.5822227245442,-1.1633985061463936,4.33852038053991,253.6856338985056
54.1199999999978,0.01,125.0,-0.5913209915161133,14.270992828011149,357.7249916245631,-1.1644332059030764,4.326886395478448,253.729019102311
54.1299999999978,0.01,125.0,-0.5929150581359863,14.265079618095989,357.86770155284313,-1.1654565118700813,4.3152420634194195,253.7722879662658
54.1399999999978,0.01,125.0,-0.5944995880126953,14.25915046751463,358.01035234902406,-1.1664684139477899,4.303587498300721,253.81544038689998
54.149999999997796,0.01,125.0,-0.5960755348205566,14.253205471634503,358.1529438536992,-1.1674689021491378,4.2919228141612455,253.85847626188297
54.159999999997794,0.01,125.0,-0.5976424217224121,14.2472447162863,358.2954759084155,-1.1684579665997117,4.280248125139757,253.90139549002458
54.16999999999779,0.01,125.0,-0.5992007255554199,14.241268292069076,358.4379483555783,-1.1694355975378428,4.268563545473762,253.94419797127597
54.17999999999779,0.01,125.0,-0.6007490158081055,14.235276284813523,358.580361038499,-1.17040178531471,4.256869189498386,253.9868836067307
54.18999999999779,0.01,125.0,-0.6022896766662598,14.229268794655443,358.72271380134714,-1.1713565203944285,4.245165171645241,254.02945229862567
54.199999999997786,0.01,125.0,-0.6038198471069336,14.223245897888782,358.86500648929365,-1.1722997933541492,4.2334516064412995,254.07190395034212
54.209999999997784,0.01,125.0,-0.6053414344787598,14.217207699417715,359.0072389482725,-1.17323159488415,4.22172860850776,254.11423846640653
54.21999999999778,0.01,125.0,-0.6068534851074219,14.21115428507293,359.14941102526666,-1.1741519157879239,4.209996292558921,254.1564557524916
54.22999999999778,0.01,125.0,-0.6083569526672363,14.205085750221857,359.2915225681174,-1.175060746982276,4.198254773401045,254.1985557154172
54.23999999999778,0.01,125.0,-0.6098508834838867,14.199002180695185,359.43357342561956,-1.1759580794974105,4.1865041659312245,254.2405382631512
54.249999999997776,0.01,125.0,-0.611335277557373,14.192903671860348,359.5755634474265,-1.1768439044770158,4.174744585136253,254.2824033048105
54.259999999997774,0.01,125.0,-0.6128110885620117,14.186790319084775,359.71749248414505,-1.1777182131783588,4.162976146091485,254.32415075066183
54.26999999999777,0.01,125.0,-0.6142773628234863,14.180662208199156,359.85936038733587,-1.1785809969723635,4.151198963959704,254.36578051212274
54.27999999999777,0.01,125.0,-0.6157345771789551,14.174519434570922,360.0011670094178,-1.1794322473437036,4.139413153989983,254.40729250176233
54.28999999999777,0.01,125.0,-0.617182731628418,14.168362088799134,360.1429122037635,-1.180271955890882,4.127618831516548,254.44868663330223
54.299999999997766,0.01,125.0,-0.618621826171875,14.16219026148285,360.2845958246515,-1.181100114326313,4.115816111957642,254.48996282161738
54.309999999997764,0.01,125.0,-0.6200509071350098,14.156004043221133,360.4262177272663,-1.1819167144764076,4.104005110814382,254.53112098273695
54.31999999999776,0.01,125.0,-0.6214709281921387,14.149803534149784,360.5677777676985,-1.1827217482816532,4.0921859436696195,254.57216103384508
54.32999999999776,0.01,125.0,-0.6228818893432617,14.143588824867864,360.70927580303993,-1.1835152077966893,4.080358726186805,254.61308289328176
54.33999999999776,0.01,125.0,-0.6242842674255371,14.137360005974433,360.85071169128855,-1.1842970851903927,4.06852357410884,254.6538864805436
54.349999999997756,0.01,125.0,-0.625676155090332,14.131117163300178,360.99208529134825,-1.185067372745947,4.056680603256939,254.69457171628468
54.359999999997754,0.01,125.0,-0.6270589828491211,14.124860401749276,361.13339646298124,-1.1858260628609265,4.044829929529482,254.73513852231724
54.36999999999775,0.01,125.0,-0.6284322738647461,14.118589811920785,361.2746450669987,-1.1865731480473667,4.032971668900875,254.77558682161254
54.37999999999775,0.01,125.0,-0.629796028137207,14.11230548918214,361.4158309651179,-1.1873086209318364,4.021105937420404,254.81591653830154
54.38999999999775,0.01,125.0,-0.6311516761779785,14.106007528900768,361.5569540200097,-1.1880324742555173,4.009232851211088,254.85612759767574
54.399999999997746,0.01,125.0,-0.6324973106384277,14.09969601213899,361.6980140952987,-1.188744700874267,3.9973525264685352,254.89621992618785
54.409999999997744,0.01,125.0,-0.6338329315185547,14.093371039032608,361.83901105542003,-1.189445293758698,3.985465079459795,254.93619345145254
54.41999999999774,0.01,125.0,-0.635159969329834,14.087032709717423,361.97994476581033,-1.1901342459942414,3.97357062652221,254.97604810224712
54.42999999999774,0.01,125.0,-0.636476993560791,14.080681110024127,362.1208150929075,-1.1908115507812158,3.9616692840622703,255.01578380851234
54.43999999999774,0.01,125.0,-0.6377854347229004,14.07431634008852,362.2616219040077,-1.1914772014348967,3.9497611685544607,255.05540050135295
54.449999999997736,0.01,125.0,-0.6390824317932129,14.067938485741292,362.4023650674086,-1.1921311913855819,3.937846396540114,255.09489811303848
54.459999999997734,0.01,125.0,-0.6403722763061523,14.061547661423361,362.543044452266,-1.192773514178653,3.9259250846262606,255.13427657700387
54.46999999999773,0.01,125.0,-0.6416511535644531,14.0551439386603,362.68365992888016,-1.193404163474645,3.913997349484476,255.17353582785012
54.47999999999773,0.01,125.0,-0.6429214477539062,14.048727427124657,362.82421136826673,-1.1940231330493023,3.902063307849732,255.21267580134494
54.48999999999773,0.01,125.0,-0.6441812515258789,14.042298212647118,362.96469864253794,-1.194630416793646,3.890123076519241,255.25169643442342
54.499999999997726,0.01,125.0,-0.6454329490661621,14.03585640013186,363.1051216246644,-1.1952260087140312,3.878176772351307,255.2905976651886
54.509999999997724,0.01,125.0,-0.6466736793518066,14.0294020706412,363.2454801886657,-1.195809902932205,3.866224512264169,255.3293794329121
54.51999999999772,0.01,125.0,-0.6479058265686035,14.022935333847684,363.3857742093721,-1.1963820936853673,3.8542664132348494,255.36804167803473
54.52999999999772,0.01,125.0,-0.6491274833679199,14.016456275582,363.5260035627105,-1.1969425753262277,3.8423025922979983,255.40658434216706
54.53999999999772,0.01,125.0,-0.6503405570983887,14.009965000748322,363.6661681254663,-1.197491342323057,3.8303331665447384,255.44500736809005
54.549999999997716,0.01,125.0,-0.6515436172485352,14.003461595177338,363.80626777547377,-1.1980283892597479,3.8183582531215103,255.4833106997555
54.559999999997714,0.01,125.0,-0.6527371406555176,13.996946159004855,363.9463023914255,-1.1985537108358626,3.8063779692289152,255.5214942822867
54.56999999999771,0.01,125.0,-0.6539211273193359,13.990418787598301,364.0862718530155,-1.19906730186669,3.794392432120559,255.559558061979
54.57999999999771,0.01,125.0,-0.6550955772399902,13.983879576325108,364.22617604089146,-1.1995691572832943,3.782401759101895,255.59750198630022
54.58999999999771,0.01,125.0,-0.6562600135803223,13.97732862055271,364.3660148366547,-1.2000592721325642,3.770406067529064,255.63532600389124
54.599999999997706,0.01,125.0,-0.6574149131774902,13.970766020416908,364.5057881228602,-1.2005376415772646,3.758405474807741,255.67303006456652
54.609999999997704,0.01,125.0,-0.6585602760314941,13.964191871285134,364.64549578306435,-1.2010042608960827,3.7464000983919705,255.71061411931458
54.6199999999977,0.01,125.0,-0.659696102142334,13.95760626852482,364.78513770177716,-1.201459125483673,3.7343900557830123,255.7480781202985
54.6299999999977,0.01,125.0,-0.6608223915100098,13.951009307503398,364.92471376446235,-1.2019022308507068,3.722375464528178,255.78542202085632
54.6399999999977,0.01,125.0,-0.6619391441345215,13.9444010835883,365.06422385753734,-1.202333572623912,3.7103564422196733,255.8226457755016
54.649999999997696,0.01,125.0,-0.6630449295043945,13.937781692146956,365.2036678683732,-1.20275314654612,3.6983331064934366,255.85974933992378
54.659999999997694,0.01,125.0,-0.6641426086425781,13.931151242851913,365.34304568529467,-1.203160948476306,3.6863055750279776,255.8967326709887
54.66999999999769,0.01,125.0,-0.6652302742004395,13.924509816765488,365.48235719772316,-1.2035569743896286,3.674273965543217,255.933595726739
54.67999999999769,0.01,125.0,-0.6663079261779785,13.917857514023485,365.6216022958908,-1.2039412203774729,3.662238395799323,255.97033846639442
54.68999999999769,0.01,125.0,-0.6673750877380371,13.911194434761706,365.760780871031,-1.2043136826474852,3.650198983595551,256.0069608503524
54.69999999999769,0.01,125.0,-0.6684331893920898,13.904520683884327,365.89989281537856,-1.2046743575236138,3.638155846769078,256.04346284018834
54.709999999997684,0.01,125.0,-0.6694822311401367,13.897836351990406,366.0389380222174,-1.2050232414461435,3.6261091031938446,256.079844398656
54.71999999999768,0.01,125.0,-0.6705212593078613,13.891141529679006,366.17791638573726,-1.20536033097173,3.6140588707793855,256.1161054896879
54.72999999999768,0.01,125.0,-0.6715483665466309,13.884436317085928,366.31682780103404,-1.2056856227734365,3.6020052674696705,256.1522460783957
54.73999999999768,0.01,125.0,-0.6725678443908691,13.877720833420463,366.4556721642049,-1.2059991136407644,3.5899484112419384,256.1882661310704
54.74999999999768,0.01,125.0,-0.673576831817627,13.870995154976557,366.5944493725391,-1.2063008004796847,3.577888420105533,256.2241656151828
54.759999999997675,0.01,125.0,-0.6745777130126953,13.864259386658382,366.73315932408883,-1.2065906803126707,3.5658254121007387,256.25994449938383
54.76999999999767,0.01,125.0,-0.6755661964416504,13.857513609528256,366.8718019179554,-1.206868750278725,3.5537595052976143,256.29560275350485
54.77999999999767,0.01,125.0,-0.676546573638916,13.85075794756384,367.01037705405065,-1.2071350076334095,3.5416908177948296,256.3311403485578
54.78999999999767,0.01,125.0,-0.6775155067443848,13.843992481827453,367.1488846335263,-1.2073894497488717,3.529619467718498,256.36655725673575
54.79999999999767,0.01,125.0,-0.6784768104553223,13.83721732676001,367.28732455834455,-1.2076320741138706,3.5175455732210117,256.40185345141293
54.809999999997665,0.01,125.0,-0.6794261932373047,13.830432558655458,367.4256967316121,-1.2078628783338015,3.5054692524798754,256.43702890714513
54.81999999999766,0.01,125.0,-0.6803665161132812,13.823638296723086,367.56400105719865,-1.2080818601307202,3.49339062369654,256.47208359966993
54.82999999999766,0.01,125.0,-0.681297779083252,13.816834631561955,367.70223744016585,-1.2082890173433645,3.4813098050952354,256.5070175059069
54.83999999999766,0.01,125.0,-0.682218074798584,13.810021653771123,367.8404057864814,-1.2084843479271767,3.469226914921804,256.54183060395786
54.84999999999766,0.01,125.0,-0.6831283569335938,13.803199473023138,367.9785060030191,-1.2086678499543222,3.4571420714425347,256.5765228731071
54.859999999997655,0.01,125.0,-0.6840295791625977,13.796368189453803,368.11653799774933,-1.2088395216137107,3.4450553929429937,256.6110942938215
54.86999999999765,0.01,125.0,-0.6849212646484375,13.789527893662179,368.25450167964385,-1.208999361211012,3.432966997726859,256.64554484775095
54.87999999999765,0.01,125.0,-0.6858015060424805,13.782678681015696,368.39239695858043,-1.2091473671686737,3.420877004114751,256.6798745177282
54.88999999999765,0.01,125.0,-0.6866726875305176,13.775820665955273,368.5302237453906,-1.2092835380259366,3.4087855304430668,256.7140832877693
54.89999999999765,0.01,125.0,-0.6875343322753906,13.76895393907997,368.66798195205007,-1.20940787243885,3.39669269506281,256.74817114307376
54.909999999997645,0.01,125.0,-0.6883854866027832,13.762078595757217,368.8056714914408,-1.2095203691802827,3.384598616338424,256.78213807002436
54.91999999999764,0.01,125.0,-0.6892266273498535,13.75519474089119,368.94329227739837,-1.2096210271399377,3.3725034126466236,256.81598405618774
54.92999999999764,0.01,125.0,-0.6900582313537598,13.748302474617692,369.08084422480727,-1.2097098453243613,3.3604072023752267,256.8497090903142
54.93999999999764,0.01,125.0,-0.6908798217773438,13.741401892304156,369.2183272495534,-1.209786822856954,3.3483101039219854,256.88331316233797
54.94999999999764,0.01,125.0,-0.6916909217834473,13.734493094086384,369.35574126847644,-1.2098519589779786,3.3362122356934183,256.9167962633772
54.959999999997635,0.01,125.0,-0.6924920082092285,13.72757618486855,369.4930861994173,-1.2099052530445682,3.324113716103641,256.95015838573414
54.96999999999763,0.01,125.0,-0.6932830810546875,13.72065126478646,369.630361961266,-1.2099467045307313,3.3120146635731977,256.9833995228952
54.97999999999763,0.01,125.0,-0.6940655708312988,13.713718433975915,369.7675684739138,-1.2099763130273589,3.299915196527893,257.0165196695309
54.98999999999763,0.01,125.0,-0.6948370933532715,13.706777778267604,369.90470565825353,-1.209994078242227,3.287815433397622,257.0495188214962
54.99999999999763,0.01,125.0,-0.6955976486206055,13.699829407334073,370.0417734360362,-1.21,3.275715492615202,257.08239697583014
55.009999999997625,0.01,125.0,-0.6963496208190918,13.692873430847868,370.1787717301095,-1.2099940782422327,3.2636154926152043,257.1151541307563
55.01999999999762,0.01,125.0,-0.6970911026000977,13.685909934639678,370.31570046441794,-1.2099763130273702,3.2515155518327843,257.14779028568245
55.02999999999762,0.01,125.0,-0.697822093963623,13.678939023613678,370.45255956376434,-1.2099467045307482,3.239415788702513,257.18030544120074
55.03999999999762,0.01,125.0,-0.6985435485839844,13.671960802674043,370.58934895400046,-1.2099052530445906,3.2273163216572076,257.2126995990878
55.04999999999762,0.01,125.0,-0.6992549896240234,13.664975367188205,370.7260685620272,-1.2098519589780068,3.215217269126764,257.24497276230437
55.059999999997615,0.01,125.0,-0.6999564170837402,13.657982817291966,370.86271831569906,-1.2097868228569877,3.203118749536986,257.27712493499564
55.06999999999761,0.01,125.0,-0.7006473541259766,13.65098325312113,370.99929814387195,-1.2097098453244006,3.1910208813084187,257.309156122491
55.07999999999761,0.01,125.0,-0.7013287544250488,13.643976779579871,371.13580797640316,-1.2096210271399825,3.178923782855177,257.3410663313041
55.08999999999761,0.01,125.0,-0.7019996643066406,13.636963492035623,371.2722477441989,-1.2095203691803333,3.1668275725837796,257.37285556913264
55.09999999999761,0.01,125.0,-0.702660083770752,13.629943495392558,371.4086173791193,-1.2094078724389064,3.154732368891979,257.4045238448585
55.109999999997605,0.01,125.0,-0.7033119201660156,13.622916894554852,371.5449168140732,-1.2092835380259985,3.142638290167592,257.4360711685474
55.1199999999976,0.01,125.0,-0.7039523124694824,13.615883775353193,371.6811459830187,-1.2091473671687412,3.1305454547873346,257.46749755144907
55.1299999999976,0.01,125.0,-0.7045822143554688,13.6088442522285,371.8173048207722,-1.208999361211085,3.1184539811156498,257.49880300599693
55.1399999999976,0.01,125.0,-0.705202579498291,13.601798430084948,371.95339326329446,-1.2088395216137895,3.106363987503541,257.52998754580807
55.1499999999976,0.01,125.0,-0.705812931060791,13.594746404289966,372.0894112475953,-1.2086678499544068,3.0942755922874055,257.5610511856831
55.159999999997595,0.01,125.0,-0.7064132690429688,13.587688274979358,372.2253587116382,-1.2084843479272664,3.082188913787864,257.59199394160595
55.16999999999759,0.01,125.0,-0.7070050239562988,13.58062414228893,372.36123559438795,-1.2082890173434602,3.070104070308594,257.62281583074383
55.17999999999759,0.01,125.0,-0.7075848579406738,13.573554092049367,372.4970418358108,-1.2080818601308216,3.0580211801351616,257.6535168714469
55.18999999999759,0.01,125.0,-0.7081546783447266,13.566478243469962,372.63277737673127,-1.2078628783339083,3.0459403615338556,257.6840970832483
55.19999999999759,0.01,125.0,-0.708714485168457,13.559396696686516,372.76844215916594,-1.2076320741139832,3.033861732750519,257.7145564868636
55.209999999997585,0.01,125.0,-0.7092633247375488,13.552309551834833,372.9040361261328,-1.2073894497489897,3.021785412009381,257.74489510419113
55.21999999999758,0.01,125.0,-0.7098031044006348,13.545216918587458,373.0395592216511,-1.2071350076335332,3.0097115175118936,257.77511295831124
55.22999999999758,0.01,125.0,-0.7103323936462402,13.538118887543453,373.1750113908369,-1.2068687502788544,2.9976401674355606,257.80521007348636
55.23999999999758,0.01,125.0,-0.7108521461486816,13.531015563606992,373.3103925797123,-1.2065906803128055,2.9855714799327746,257.8351864751607
55.24999999999758,0.01,125.0,-0.7113609313964844,13.523907042145506,373.44570273534833,-1.2063008004798252,2.973505573129649,257.86504218996004
55.259999999997575,0.01,125.0,-0.7118592262268066,13.516793432831543,373.5809418057698,-1.2059991136409107,2.961442565124853,257.89477724569133
55.26999999999757,0.01,125.0,-0.712348461151123,13.509674840569277,373.7161097400981,-1.2056856227735884,2.9493825739884465,257.92439167134256
55.27999999999757,0.01,125.0,-0.7128276824951172,13.502551355957767,373.85120648850375,-1.2053603309718877,2.937325717760713,257.95388549708247
55.28999999999757,0.01,125.0,-0.7132949829101562,13.495423079132816,373.9862320020633,-1.2050232414463062,2.9252721144509968,257.9832587542601
55.29999999999757,0.01,125.0,-0.7137541770935059,13.488290129303717,374.1211862328546,-1.2046743575237824,2.9132218820365363,258.0125114754046
55.309999999997565,0.01,125.0,-0.7142009735107422,13.481152587532783,374.2560691341476,-1.2043136826476595,2.901175138461301,258.04164369422494
55.31999999999756,0.01,125.0,-0.7146377563476562,13.474010577797678,374.3908806600229,-1.2039412203776523,2.8891320016348265,258.07065544560953
55.32999999999756,0.01,125.0,-0.7150664329528809,13.466864200234204,374.52562076580085,-1.2035569743898142,2.8770925894310526,258.09954676562586
55.33999999999756,0.01,125.0,-0.7154836654663086,13.459713535904676,374.6602894078032,-1.2031609484764967,2.865057019687157,258.1283176915202
55.34999999999756,0.01,125.0,-0.7158908843994141,13.452558699250014,374.7948865431622,-1.2027531465463168,2.8530254102023944,258.15696826171705
55.359999999997555,0.01,125.0,-0.7162866592407227,13.445399790406022,374.9294121301547,-1.2023335726241144,2.8409978787369337,258.18549851581906
55.36999999999755,0.01,125.0,-0.7166748046875,13.438236923813616,375.0638661280587,-1.2019022308509142,2.8289745430106947,258.2139084946064
55.37999999999755,0.01,125.0,-0.7170515060424805,13.431070175766742,375.1982484972968,-1.2014591254838864,2.816955520702188,258.24219824003654
55.38999999999755,0.01,125.0,-0.7174172401428223,13.423899660706319,375.3325591990544,-1.2010042608963016,2.8049409294473517,258.27036779524354
55.39999999999755,0.01,125.0,-0.7177734375,13.416725488304891,375.46679819566145,-1.200537641577489,2.7929308868383913,258.298417204538
55.409999999997545,0.01,125.0,-0.7181181907653809,13.409547753929893,375.6009654505445,-1.2000592721327945,2.7809255104226187,258.32634651340635
55.41999999999754,0.01,125.0,-0.7184538841247559,13.40236657202224,375.7350609280838,-1.1995691572835294,2.7689249177012933,258.35415576851057
55.42999999999754,0.01,125.0,-0.7187790870666504,13.395182033180994,375.86908459380396,-1.1990673018669313,2.7569292261284604,258.38184501768757
55.43999999999754,0.01,125.0,-0.7190942764282227,13.387994242310329,376.00303641413575,-1.1985537108361095,2.7449385531097934,258.40941430994883
55.44999999999754,0.01,125.0,-0.7193989753723145,13.380803299546049,376.1369163565588,-1.1980283892599999,2.7329530160014346,258.43686369547993
55.459999999997535,0.01,125.0,-0.719693660736084,13.373609309792327,376.27072438955423,-1.1974913423233151,2.720972732108837,258.4641932256399
55.46999999999753,0.01,125.0,-0.719977855682373,13.366412373184968,376.40446048265215,-1.1969425753264913,2.708997818685606,258.491402952961
55.47999999999753,0.01,125.0,-0.720252513885498,13.359212594628145,376.538124606384,-1.1963820936856366,2.6970283929323435,258.5184929311478
55.48999999999753,0.01,125.0,-0.7205157279968262,13.352010069489292,376.67171673233025,-1.1958099029324798,2.6850645719954898,258.5454632150771
55.49999999999753,0.01,125.0,-0.720768928527832,13.344804912209325,376.8052368330251,-1.195226008714311,2.6731064729661673,258.57231386079707
55.509999999997525,0.01,125.0,-0.7210121154785156,13.337597222924048,376.9386848821472,-1.194630416793932,2.6611542128790266,258.5990449255267
55.51999999999752,0.01,125.0,-0.721245288848877,13.330387101769263,377.0720608543764,-1.1940231330495938,2.6492079087110896,258.62565646765546
55.52999999999752,0.01,125.0,-0.7214679718017578,13.323174648880777,377.2053647253941,-1.1934041634749415,2.637267677380596,258.6521485467426
55.53999999999752,0.01,125.0,-0.7216806411743164,13.31595996916276,377.33859647188285,-1.1927735141789557,2.625333635745849,258.6785212235164
55.54999999999752,0.01,125.0,-0.7218828201293945,13.308743162751018,377.4717560715745,-1.19213119138589,2.613405900604062,258.70477455987384
55.559999999997515,0.01,125.0,-0.7220749855041504,13.301524334549725,377.60484350320195,-1.1914772014352104,2.6014845886902056,258.7309086188799
55.56999999999751,0.01,125.0,-0.722257137298584,13.294303584694685,377.73785874654743,-1.1908115507815349,2.589569816675856,258.75692346476677
55.57999999999751,0.01,125.0,-0.7224273681640625,13.2870810133217,377.8708017823943,-1.1901342459945654,2.5776617011680427,258.78281916293355
55.58999999999751,0.01,125.0,-0.7225894927978516,13.27985673964006,378.0036725925275,-1.189445293759028,2.5657603587080993,258.8085957799452
55.59999999999751,0.01,125.0,-0.7227396965026855,13.272630844712083,378.1364711599239,-1.188744700874603,2.5538659057705115,258.8342533835323
55.609999999997505,0.01,125.0,-0.7228803634643555,13.265403447747058,378.269197468371,-1.1880324742558577,2.541978458761768,258.85979204259
55.6199999999975,0.01,125.0,-0.7230100631713867,13.258174644112415,378.40185150284844,-1.1873086209321833,2.530098134019212,258.8852118271776
55.6299999999975,0.01,125.0,-0.7231302261352539,13.250944543480703,378.5344332492895,-1.1865731480477182,2.5182250478098926,258.9105128085178
55.6399999999975,0.01,125.0,-0.7232398986816406,13.243713241219352,378.6669426947243,-1.1858260628612847,2.506359316329418,258.9356950589959
55.6499999999975,0.01,125.0,-0.7233400344848633,13.236480842232536,378.7993798271365,-1.1850673727463106,2.4945010557008076,258.9607586521592
55.659999999997495,0.01,125.0,-0.7234287261962891,13.22924744188769,378.9317446355588,-1.1842970851907606,2.4826503819733468,258.9857036627162
55.66999999999749,0.01,125.0,-0.7235074043273926,13.222013154625728,379.0640371099777,-1.1835152077970637,2.4708074111214415,259.01053016653594
55.67999999999749,0.01,125.0,-0.7235770225524902,13.214778080582455,379.1962572415239,-1.1827217482820331,2.458972259043473,259.0352382406472
55.68999999999749,0.01,125.0,-0.7236342430114746,13.207542310356931,379.32840502232966,-1.181916714476793,2.4471450415606553,259.0598279632376
55.69999999999749,0.01,125.0,-0.7236828804016113,13.200305967926818,379.4604804454332,-1.1811001143267037,2.4353258744158897,259.0842994136532
55.709999999997486,0.01,125.0,-0.7237205505371094,13.193069139122803,379.5924835051124,-1.1802719558912775,2.423514873272625,259.10865267239734
55.71999999999748,0.01,125.0,-0.723747730255127,13.185831933617434,379.7244141965036,-1.1794322473441055,2.4117121537137143,259.13288782113005
55.72999999999748,0.01,125.0,-0.7237653732299805,13.178594456314885,379.85627251583975,-1.178580996972771,2.3999178312402756,259.1570049426672
55.73999999999748,0.01,125.0,-0.7237715721130371,13.171356802582586,379.9880584604029,-1.1777182131787707,2.3881320212705504,259.1810041209796
55.74999999999748,0.01,125.0,-0.7237677574157715,13.164119086861458,380.1197720284287,-1.1768439044774341,2.3763548391387648,259.2048854411923
55.759999999997476,0.01,125.0,-0.7237534523010254,13.156881409287301,380.2514132192973,-1.1759580794978344,2.3645864000939927,259.2286489895837
55.769999999997474,0.01,125.0,-0.7237300872802734,13.149643874764292,380.3829820333902,-1.1750607469827055,2.3528268192990165,259.2522948535846
55.77999999999747,0.01,125.0,-0.7236957550048828,13.14240657389149,380.5144784721378,-1.1741519157883586,2.3410762118291917,259.2758231217776
55.78999999999747,0.01,125.0,-0.7236509323120117,13.135169616341443,380.6459025378767,-1.173231594884589,2.3293346926713103,259.29923388389585
55.79999999999747,0.01,125.0,-0.7235970497131348,13.127933107018324,380.7772542340401,-1.1722997933545949,2.317602376722467,259.3225272308226
55.809999999997466,0.01,125.0,-0.7235302925109863,13.120697136521194,380.90853356511025,-1.1713565203948797,2.3058793787889234,259.3457032545898
55.819999999997464,0.01,125.0,-0.7234554290771484,13.113461833596086,381.03974053647545,-1.1704017853151656,2.2941658135849767,259.3687620483777
55.82999999999746,0.01,125.0,-0.7233691215515137,13.106227279305315,381.17087515481137,-1.1694355975383046,2.2824617957318276,259.3917037065135
55.83999999999746,0.01,125.0,-0.723273754119873,13.098993588089801,381.3019374276044,-1.1684579666001793,2.270767439756447,259.41452832447084
55.84999999999746,0.01,125.0,-0.7231674194335938,13.091760850548603,381.43292736348525,-1.1674689021496107,2.2590828600904476,259.4372359988684
55.859999999997456,0.01,125.0,-0.7230510711669922,13.084529176354268,381.5638449719907,-1.1664684139482682,2.2474081710689537,259.4598268274693
55.869999999997454,0.01,125.0,-0.7229232788085938,13.0772986656426,381.69469026375424,-1.165456511870564,2.2357434869294734,259.48230090918
55.87999999999745,0.01,125.0,-0.7227869033813477,13.070069432854515,381.8254632504106,-1.1644332059035656,2.22408892181077,259.5046583440493
55.88999999999745,0.01,125.0,-0.7226386070251465,13.062841563820703,381.95616394473916,-1.1633985061468883,2.212444589751737,259.5268992332674
55.89999999999745,0.01,125.0,-0.7224817276000977,13.055615177750452,382.08679236037733,-1.1623524228126,2.2008106046902705,259.5490236791649
55.909999999997446,0.01,125.0,-0.7223138809204102,13.048390360474453,382.2173485121548,-1.1612949662251233,2.1891870804621467,259.5710317852118
55.919999999997444,0.01,125.0,-0.7221341133117676,13.041167221665251,382.3478324157595,-1.1602261468211252,2.177574130799898,259.5929236560164
55.92999999999744,0.01,125.0,-0.7219462394714355,13.033945880532135,382.4782440879761,-1.1591459751494246,2.165971869331689,259.6146993973244
55.93999999999744,0.01,125.0,-0.7217483520507812,13.026726418137422,382.6085835467814,-1.158054461870878,2.154380409580197,259.6363591160177
55.94999999999744,0.01,125.0,-0.7215390205383301,13.019508934616915,382.73885081096273,-1.15695161775828,2.1427998649614906,259.6579029201135
55.959999999997436,0.01,125.0,-0.7213191986083984,13.012293544411534,382.8690459003089,-1.155837453696259,2.13123034878391,259.67933091876307
55.969999999997434,0.01,125.0,-0.7210893630981445,13.005080352425452,382.999168835753,-1.1547119806811632,2.11967197424695,259.7006432222509
55.97999999999743,0.01,125.0,-0.7208495140075684,12.997869458794472,383.1292196392772,-1.153575209820956,2.108124854440141,259.7218399419934
55.98999999999743,0.01,125.0,-0.7205996513366699,12.990660963654397,383.25919833386513,-1.1524271523351088,2.096589102341934,259.7429211905378
55.99999999999743,0.01,125.0,-0.7203383445739746,12.983454967141032,383.38910494350165,-1.1512678195544837,2.085064830818585,259.7638870815612
56.009999999997426,0.01,125.0,-0.7200679779052734,12.976251583695294,383.51893949317304,-1.150097222921229,2.0735521526230425,259.7847377298694
56.019999999997424,0.01,125.0,-0.71978759765625,12.969050903916242,383.64870200901,-1.14891537398866,2.0620511803938326,259.8054732513956
56.02999999999742,0.01,125.0,-0.7194957733154297,12.961853027939682,383.77839251804915,-1.1477222844211472,2.050562026653948,259.82609376319954
56.03999999999742,0.01,125.0,-0.7191953659057617,12.954658070206529,383.9080110483285,-1.1465179659940057,2.039084803809739,259.84659938346607
56.04999999999742,0.01,125.0,-0.7188839912414551,12.947466116547472,384.0375576290305,-1.1453024305933706,2.0276196241498012,259.8669902315042
56.059999999997416,0.01,125.0,-0.7185606956481934,12.94027727663506,384.16703229019595,-1.1440756902160842,2.01616659984387,259.88726642774566
56.069999999997414,0.01,125.0,-0.718228816986084,12.933091669678578,384.29643506296225,-1.1428377569695818,2.004725842941711,259.9074280937441
56.07999999999741,0.01,125.0,-0.7178859710693359,12.925909381508719,384.425765979659,-1.1415886430717619,1.9932974653720177,259.92747535217353
56.08999999999741,0.01,125.0,-0.7175335884094238,12.918730521798027,384.55502507347404,-1.1403283608508767,1.9818815789413022,259.94740832682726
56.09999999999741,0.01,125.0,-0.7171716690063477,12.911555185913935,384.684212378692,-1.1390569227454022,1.9704782953327957,259.96722714261665
56.109999999997406,0.01,125.0,-0.7167983055114746,12.904383469223873,384.8133279305511,-1.1377743413039176,1.9590877261053439,259.98693192557
56.119999999997404,0.01,125.0,-0.7164149284362793,12.89721548616876,384.9423717652433,-1.1364806291849865,1.947709982692307,260.00652280283106
56.1299999999974,0.01,125.0,-0.7160215377807617,12.890051336884397,385.071343920105,-1.1351757991570242,1.9363451764004593,260.025999902658
56.1399999999974,0.01,125.0,-0.7156181335449219,12.88289112150659,385.2002444334738,-1.1338598640981745,1.9249934184088913,260.04536335442197
56.1499999999974,0.01,125.0,-0.715205192565918,12.875734940171142,385.3290733446889,-1.1325328369961882,1.9136548197679117,260.06461328860604
56.159999999997396,0.01,125.0,-0.714780330657959,12.868582888245484,385.45783069409055,-1.131194730948284,1.902329491397952,260.0837498368037
56.169999999997394,0.01,125.0,-0.7143464088439941,12.861435084938906,385.586516522973,-1.1298455591610317,1.8910175440884716,260.10277313171764
56.17999999999739,0.01,125.0,-0.7139010429382324,12.854291620850468,385.7151308738224,-1.1284853349502102,1.8797190884968635,260.12168330715855
56.18999999999739,0.01,125.0,-0.7134475708007812,12.847152610421087,385.84367379003083,-1.127114071740682,1.8684342351473637,260.14048049804353
56.19999999999739,0.01,125.0,-0.712982177734375,12.84001813471308,385.972145316135,-1.1257317830662645,1.857163094429959,260.159164840395
56.209999999997386,0.01,125.0,-0.7125067710876465,12.832888312935738,386.10054549748213,-1.124338482569586,1.8459057765992988,260.1777364713393
56.219999999997384,0.01,125.0,-0.7120218276977539,12.825763245224863,386.22887438061144,-1.1229341840019624,1.8346623917736051,260.1961955291053
56.22999999999738,0.01,125.0,-0.7115263938903809,12.818643026947887,386.3571320130637,-1.1215189012232527,1.8234330499335878,260.21454215302305
56.23999999999738,0.01,125.0,-0.7110214233398438,12.811527763008986,386.48531844333314,-1.1200926482017246,1.8122178609213575,260.2327764835224
56.24999999999738,0.01,125.0,-0.7105050086975098,12.80441754877559,386.6134337209632,-1.1186554390139227,1.8010169344393425,260.2508986621316
56.259999999997376,0.01,125.0,-0.7099800109863281,12.797312498688616,386.74147789645093,-1.1172072878445203,1.7898303800492055,260.268908831476
56.269999999997374,0.01,125.0,-0.7094435691833496,12.790212698578754,386.8694510214378,-1.1157482089861825,1.7786583071707625,260.2868071352765
56.27999999999737,0.01,125.0,-0.7088980674743652,12.783118262886923,386.99735314842354,-1.1142782168394327,1.7675008250809028,260.3045937183482
56.28999999999737,0.01,125.0,-0.7083406448364258,12.77602928221218,387.12518433105237,-1.1127973259124961,1.7563580429125107,260.322268726599
56.29999999999737,0.01,125.0,-0.7077751159667969,12.768945875763817,387.25294462387444,-1.1113055508211716,1.745230069653388,260.33983230702813
56.309999999997366,0.01,125.0,-0.7071981430053711,12.76186812460415,387.38063408263207,-1.1098029062886756,1.7341170141451785,260.35728460772464
56.319999999997364,0.01,125.0,-0.7066116333007812,12.754796143174099,387.5082527638781,-1.1082894071455012,1.723018985082294,260.3746257778661
56.32999999999736,0.01,125.0,-0.7060151100158691,12.747730026841092,387.6358007253098,-1.1067650683292773,1.711936091010841,260.3918559677169
56.33999999999736,0.01,125.0,-0.7054085731506348,12.740669875740934,387.7632780255782,-1.105229904884611,1.7008684403275505,260.408975328627
56.34999999999736,0.01,125.0,-0.7047915458679199,12.733615790009429,387.8906847243356,-1.1036839319629441,1.6898161412787065,260.42598401303025
56.359999999997356,0.01,125.0,-0.7041640281677246,12.726567874550751,388.01802088223565,-1.1021271648224085,1.6787793019590793,260.442882174443
56.369999999997354,0.01,125.0,-0.7035274505615234,12.719526234269075,388.1452865609811,-1.1005596188276638,1.6677580303108575,260.4596699674626
56.37999999999735,0.01,125.0,-0.7028803825378418,12.712490959763462,388.27248182332374,-1.0989813094497598,1.656752434122583,260.4763475477657
56.38999999999735,0.01,125.0,-0.7022223472595215,12.705462155938084,388.39960673292137,-1.0973922522659711,1.6457626210280876,260.49291507210694
56.39999999999735,0.01,125.0,-0.7015552520751953,12.69843993246549,388.5266613544807,-1.095792462959649,1.63478869850543,260.50937269831724
56.409999999997346,0.01,125.0,-0.7008781433105469,12.69142437994474,388.65364575380534,-1.094181957320071,1.6238307738758357,260.5257205853023
56.419999999997344,0.01,125.0,-0.700190544128418,12.684415598511636,388.78055999760477,-1.0925607512422766,1.6128889543026372,260.54195889304106
56.42999999999734,0.01,125.0,-0.6994929313659668,12.677413693070353,388.9074041535899,-1.090928860726913,1.6019633467902166,260.5580877825841
56.43999999999734,0.01,125.0,-0.6987862586975098,12.670418763756695,389.0341782905206,-1.0892863018800842,1.5910540581829495,260.574107416052
56.44999999999734,0.01,125.0,-0.6980681419372559,12.663430901169722,389.1608824781581,-1.08763309091318,1.5801611951641508,260.59001795663386
56.459999999997336,0.01,125.0,-0.6973400115966797,12.65645021975035,389.28751678716975,-1.085969244142728,1.5692848642550212,260.6058195685855
56.469999999997334,0.01,125.0,-0.6966028213500977,12.649476819634385,389.41408128936723,-1.0842947779902228,1.5584251718135962,260.6215124172281
56.47999999999733,0.01,125.0,-0.695854663848877,12.642510791420886,389.54057605756356,-1.0826097089819673,1.547582224033696,260.6370966689462
56.48999999999733,0.01,125.0,-0.6950969696044922,12.635552244782398,389.66700116547776,-1.0809140537489161,1.5367561269438785,260.6525724911865
56.49999999999733,0.01,125.0,-0.6943297386169434,12.628601275086353,389.79335668792555,-1.079207829026498,1.5259469864063915,260.66794005245595
56.509999999997326,0.01,125.0,-0.6935515403747559,12.621657977700185,389.9196427006764,-1.0774910516544662,1.5151549081161286,260.68319952232
56.519999999997324,0.01,125.0,-0.6927642822265625,12.614722462296438,390.0458592804533,-1.0757637385767178,1.5043799975995862,260.6983510714012
56.52999999999732,0.01,125.0,-0.6919660568237305,12.607794819474174,390.17200650507624,-1.0740259068411342,1.4936223602138212,260.7133948713772
56.53999999999732,0.01,125.0,-0.6911582946777344,12.600875158905938,390.298084453271,-1.0722775735994166,1.482882101145412,260.72833109497935
56.54999999999732,0.01,125.0,-0.6903414726257324,12.593963575959162,390.42409320486,-1.0705187561069063,1.47215932540942,260.7431599159908
56.559999999997316,0.01,125.0,-0.6895136833190918,12.587060161232905,390.55003284061956,-1.06874947172242,1.4614541378483532,260.7578815092449
56.569999999997314,0.01,125.0,-0.6886768341064453,12.580165024399715,390.67590344223186,-1.0669697379080842,1.4507666431311312,260.7724960506234
56.57999999999731,0.01,125.0,-0.6878290176391602,12.573278256058652,390.80170509247586,-1.0651795722291495,1.4400969457520525,260.7870037170547
56.58999999999731,0.01,125.0,-0.6869716644287109,12.566399965882262,390.92743787503645,-1.063378992353832,1.4294451500297631,260.8014046865122
56.59999999999731,0.01,125.0,-0.6861052513122559,12.559530249237977,391.05310187469524,-1.0615680160531262,1.4188113601062269,260.8156991380125
56.60999999999731,0.01,125.0,-0.6852269172668457,12.552669196724855,391.1786971771876,-1.059746661200635,1.4081956799456978,260.82988725161357
56.619999999997304,0.01,125.0,-0.6843404769897461,12.545816927552188,391.3042238691548,-1.0579149457723998,1.3975982133336935,260.843969208413
56.6299999999973,0.01,125.0,-0.6834440231323242,12.538973522782292,391.42968203843026,-1.0560728878467103,1.3870190638759716,260.85794519054633
56.6399999999973,0.01,125.0,-0.6825370788574219,12.532139082550971,391.555071773658,-1.0542205056039322,1.3764583349975066,260.8718153811851
56.6499999999973,0.01,125.0,-0.6816196441650391,12.525313711762399,391.6803931644835,-1.0523578173263348,1.3659161299414693,260.8855799645351
56.6599999999973,0.01,125.0,-0.6806926727294922,12.51849751532075,391.80564630160114,-1.0504848413978953,1.355392551768208,260.8992391258345
56.669999999997295,0.01,125.0,-0.6797575950622559,12.511690588593456,391.9308312767543,-1.048601596304134,1.344887703354231,260.9127930513522
56.67999999999729,0.01,125.0,-0.6788110733032227,12.504893012642835,392.05594818264024,-1.0467081006319174,1.3344016873911917,260.92624192838576
56.68999999999729,0.01,125.0,-0.6778550148010254,12.498104901909805,392.18099711276665,-1.0448043730692818,1.3239346063848747,260.9395859452597
56.69999999999729,0.01,125.0,-0.6768894195556641,12.491326351761796,392.30597816178573,-1.0428904324052533,1.313486562654184,260.95282529132356
56.70999999999729,0.01,125.0,-0.6759128570556641,12.48455745756624,392.43089142530334,-1.0409662975296519,1.3030576583301337,260.9659601569501
56.719999999997285,0.01,125.0,-0.6749267578125,12.477798328995684,392.555736999879,-1.0390319874329095,1.292647995354839,260.97899073353335
56.72999999999728,0.01,125.0,-0.6739315986633301,12.47104906141756,392.68051498316896,-1.0370875212058903,1.2822576754805122,260.9919172134869
56.73999999999728,0.01,125.0,-0.6729273796081543,12.464309745430928,392.80522547378314,-1.0351329180396867,1.2718868002684554,261.0047397902417
56.74999999999728,0.01,125.0,-0.671912670135498,12.457580471634847,392.9298685712374,-1.0331681972254472,1.2615354710880606,261.0174586582444
56.75999999999728,0.01,125.0,-0.6708874702453613,12.450861344933493,393.0544443759537,-1.0311933781541707,1.2512037891158083,261.03007401295525
56.769999999997275,0.01,125.0,-0.6698541641235352,12.44415247023104,393.17895298940306,-1.029208480316522,1.2408918553342687,261.0425860508464
56.77999999999727,0.01,125.0,-0.6688098907470703,12.437453928589807,393.3033945141053,-1.027213523302646,1.2305997705311056,261.05499496939973
56.78999999999727,0.01,125.0,-0.667755126953125,12.430765829682338,393.4277690533912,-1.0252085268019606,1.2203276352980812,261.06730096710504
56.79999999999727,0.01,125.0,-0.6666922569274902,12.424088278412809,393.552076711688,-1.02319351060297,1.2100755500300637,261.079504243458
56.80999999999727,0.01,125.0,-0.665618896484375,12.417421355843535,393.6763175944721,-1.0211684945930746,1.1998436149240361,261.0916049989583
56.819999999997265,0.01,125.0,-0.6645350456237793,12.410765166878694,393.80049180803053,-1.0191334987583605,1.1896319299781075,261.1036034351075
56.82999999999726,0.01,125.0,-0.6634416580200195,12.404119816422456,393.92459945969927,-1.0170885431834196,1.179440594990526,261.11549975440727
56.83999999999726,0.01,125.0,-0.6623396873474121,12.397485399842257,394.0486406578635,-1.0150336480511357,1.169269709558694,261.12729416035717
56.84999999999726,0.01,125.0,-0.6612286567687988,12.390862002968785,394.17261551186186,-1.0129688336424916,1.1591193730781846,261.1389868574528
56.85999999999726,0.01,125.0,-0.6601066589355469,12.384249716401097,394.29652413189154,-1.0108941203363768,1.1489896847417618,261.1505780511836
56.869999999997255,0.01,125.0,-0.6589751243591309,12.377648649811743,394.42036662905554,-1.008809528609369,1.1388807435384,261.162067948031
56.87999999999725,0.01,125.0,-0.6578326225280762,12.371058898568153,394.54414311555365,-1.0067150790355521,1.1287926482523083,261.17345675546636
56.88999999999725,0.01,125.0,-0.6566829681396484,12.364480572342874,394.6678537045393,-1.0046107922862952,1.1187254974619547,261.18474468194887
56.89999999999725,0.01,125.0,-0.655522346496582,12.357913742661479,394.7914985102627,-1.0024966891300566,1.1086793895390938,261.1959319369235
56.90999999999725,0.01,125.0,-0.654353141784668,12.351358519196515,394.9150776476893,-1.0003727904321862,1.0986544226477952,261.2070187308189
56.919999999997245,0.01,125.0,-0.6531729698181152,12.344814987778669,395.03859123288123,-0.9982391171547036,1.0886506947434753,261.21800527504536
56.92999999999724,0.01,125.0,-0.6519842147827148,12.338283258080489,395.162039382759,-0.9960956903561006,1.0786683035719302,261.2288917819928
56.93999999999724,0.01,125.0,-0.6507863998413086,12.331763415932663,395.2854222153398,-0.9939425311911392,1.0687073466683712,261.2396784650285
56.94999999999724,0.01,125.0,-0.6495771408081055,12.325255551934251,395.4087398494991,-0.991779660910626,1.0587679213564618,261.25036553849515
56.95999999999724,0.01,125.0,-0.6483597755432129,12.318759780526172,395.53199240501846,-0.9896071008612227,1.0488501247473576,261.26095321770873
56.969999999997235,0.01,125.0,-0.647132396697998,12.312276182770741,395.65518000282367,-0.9874248724852173,1.0389540537387474,261.2714417189562
56.97999999999723,0.01,125.0,-0.6458954811096191,12.305804858803763,395.77830276465136,-0.9852329973203203,1.0290798050138972,261.28183125949363
56.98999999999723,0.01,125.0,-0.6446499824523926,12.299345903992668,395.90136081323936,-0.9830314969994597,1.019227475040696,261.2921220575438
56.99999999999723,0.01,125.0,-0.6433939933776855,12.292899404168145,396.02435427227925,-0.9808203932505526,1.0093971600707035,261.3023143322942
57.00999999999723,0.01,125.0,-0.6421284675598145,12.28646546423437,396.1472832663209,-0.9785997078962976,0.9995889561381999,261.3124083038949
57.019999999997225,0.01,125.0,-0.6408538818359375,12.280044179558773,396.27014792096327,-0.9763694628539676,0.9898029590592389,261.3224041934563
57.02999999999722,0.01,125.0,-0.6395688056945801,12.273635640740416,396.39294836275883,-0.974129680135176,0.9800392644307011,261.3323022230469
57.03999999999722,0.01,125.0,-0.6382756233215332,12.267239952683472,396.5156847191662,-0.9718803818456787,0.9702979676293513,261.3421026156912
57.04999999999722,0.01,125.0,-0.6369724273681641,12.260857196450258,396.638357118693,-0.9696215901851395,0.9605791638108965,261.3518055953675
57.05999999999722,0.01,125.0,-0.6356606483459473,12.254487472176578,396.7609656906575,-0.9673533274469176,0.950882947909047,261.3614113870056
57.069999999997215,0.01,125.0,-0.63433837890625,12.24813086569312,396.88351056537925,-0.9650756160178554,0.9412094146345797,261.3709202164847
57.07999999999721,0.01,125.0,-0.6330070495605469,12.241787481904058,397.00599187403617,-0.9627884783780428,0.9315586584744031,261.38033231063105
57.08999999999721,0.01,125.0,-0.6316661834716797,12.235457411408454,397.1284097488552,-0.9604919371006024,0.9219307736906246,261.3896478972158
57.09999999999721,0.01,125.0,-0.6303167343139648,12.22914074957374,397.25076432296925,-0.9581860148514745,0.9123258543196204,261.3988672049527
57.10999999999721,0.01,125.0,-0.6289567947387695,12.222837582230602,397.37305573046496,-0.9558707343891755,0.9027439941711076,261.4079904634959
57.119999999997205,0.01,125.0,-0.6275882720947266,12.216548014283216,397.4952841062872,-0.9535461185645941,0.8931852868272178,261.41701790343757
57.1299999999972,0.01,125.0,-0.6262097358703613,12.21027213156227,397.61744958643004,-0.9512121903207478,0.8836498256415737,261.42594975630584
57.1399999999972,0.01,125.0,-0.6248221397399902,12.204010034203568,397.7395523077456,-0.9488689726925628,0.8741377037383681,261.43478625456225
57.1499999999972,0.01,125.0,-0.6234259605407715,12.197761812806169,397.86159240808763,-0.9465164888066568,0.8646490140114443,261.44352763159964
57.1599999999972,0.01,125.0,-0.6220202445983887,12.191527553200762,397.98357002621566,-0.9441547618810906,0.8551838491233796,261.45217412173974
57.169999999997195,0.01,125.0,-0.6206049919128418,12.18530735075478,398.10548530174765,-0.941783815225161,0.8457423015045706,261.460725960231
57.17999999999719,0.01,125.0,-0.6191806793212891,12.179101300835653,398.22733837525516,-0.9394036722391512,0.8363244633523209,261.46918338324605
57.18999999999719,0.01,125.0,-0.6177468299865723,12.172909494042441,398.34912938826346,-0.9370143564141094,0.8269304266299313,261.4775466278796
57.19999999999719,0.01,125.0,-0.616304874420166,12.166732025742578,398.47085848320387,-0.9346158913316231,0.8175602830657921,261.4858159321459
57.20999999999719,0.01,125.0,-0.6148519515991211,12.160568976998377,398.5925258034613,-0.9322083006635722,0.8082141241524777,261.49399153497654
57.219999999997185,0.01,125.0,-0.6133904457092285,12.154420457482386,398.71413149323126,-0.9297916081719013,0.7988920411458439,261.50207367621806
57.22999999999718,0.01,125.0,-0.6119198799133301,12.148286553025295,398.83567569780604,-0.9273658377083955,0.7895941250641267,261.5100625966295
57.23999999999718,0.01,125.0,-0.6104402542114258,12.142167354226164,398.9571585633363,-0.9249310132144244,0.7803204666870446,261.51795853788013
57.24999999999718,0.01,125.0,-0.6089515686035156,12.136062951684051,399.0785802368785,-0.9224871587207282,0.7710711565549022,261.525761742547
57.25999999999718,0.01,125.0,-0.6074533462524414,12.129973435998018,399.1999408663953,-0.9200342983471612,0.7618462849676968,261.53347245411254
57.269999999997175,0.01,125.0,-0.6059455871582031,12.123898902535494,399.3212406007553,-0.9175724563024626,0.752645941984227,261.5410909169622
57.27999999999717,0.01,125.0,-0.6044297218322754,12.117839446663913,399.44247958978065,-0.915101656884025,0.7434702174212041,261.5486173763821
57.28999999999717,0.01,125.0,-0.6029043197631836,12.11179514944559,399.56365798424724,-0.9126219244776382,0.7343192008523657,261.5560520785563
57.29999999999717,0.01,125.0,-0.6013698577880859,12.10576610624796,399.6847759357417,-0.9101332835572572,0.7251929816075912,261.56339527056485
57.30999999999717,0.01,125.0,-0.5998268127441406,12.099752407670081,399.8058335968042,-0.9076357586847689,0.7160916487720204,261.5706472003809
57.319999999997165,0.01,125.0,-0.5982742309570312,12.093754139542641,399.9268311208809,-0.9051293745097296,0.7070152911851745,261.5778081168686
57.32999999999716,0.01,125.0,-0.5967121124267578,12.087771397233071,400.04776866227627,-0.9026141557691453,0.697963997440079,261.58487826978046
57.33999999999716,0.01,125.0,-0.5951423645019531,12.081804276108805,400.1686463762486,-0.9000901272872063,0.6889378558823893,261.5918579097549
57.34999999999716,0.01,125.0,-0.593562126159668,12.075852852463786,400.2894644190097,-0.8975573139750521,0.6799369546095191,261.5987472883137
57.35999999999716,0.01,125.0,-0.591972827911377,12.06991723120219,400.4102229475343,-0.8950157408305334,0.6709613814697704,261.6055466578598
57.369999999997155,0.01,125.0,-0.5903759002685547,12.063997502923078,400.5309221198463,-0.8924654329379477,0.6620112240614668,261.6122562716745
57.37999999999715,0.01,125.0,-0.5887699127197266,12.058093743920393,400.65156209487554,-0.8899064154678019,0.6530865697320891,261.6188763839151
57.38999999999715,0.01,125.0,-0.5871548652648926,12.052206044793197,400.7721430323147,-0.8873387136765708,0.6441875055774129,261.6254072496124
57.39999999999715,0.01,125.0,-0.5855302810668945,12.046334496140549,400.8926650927626,-0.884762352906429,0.635314118440649,261.6318491246682
57.40999999999715,0.01,125.0,-0.5838971138000488,12.040479193329881,401.013128437724,-0.8821773585850226,0.6264664949115865,261.63820226585256
57.419999999997145,0.01,125.0,-0.5822534561157227,12.034640222191882,401.13353322965725,-0.8795837562251992,0.617644721325738,261.6444669308017
57.42999999999714,0.01,125.0,-0.5806035995483398,12.028817687630726,401.25387963187916,-0.8769815714247642,0.6088488837634878,261.65064337801493
57.43999999999714,0.01,125.0,-0.5789437294006348,12.023011651635244,401.37416780875543,-0.8743708298662368,0.6000790680492419,261.65673186685257
57.44999999999714,0.01,125.0,-0.5772733688354492,12.017222214341238,401.49439792527176,-0.8717515573165763,0.5913353597505813,261.66273265753307
57.45999999999714,0.01,125.0,-0.5755972862243652,12.011449480652885,401.6145701474151,-0.8691237796269511,0.5826178441774172,261.6686460111306
57.469999999997135,0.01,125.0,-0.5739107131958008,12.005693507790642,401.7346846422216,-0.8664875227324633,0.5739266063811495,261.6744721895724
57.47999999999713,0.01,125.0,-0.5722150802612305,11.999954400658686,401.8547415772995,-0.8638428126519012,0.5652617311538265,261.6802114556362
57.48999999999713,0.01,125.0,-0.5705113410949707,11.994232249856074,401.97474112130607,-0.8611896754874916,0.5566233030273092,261.6858640729477
57.49999999999713,0.01,125.0,-0.5687990188598633,11.988527136445125,402.0946834438046,-0.8585281374246241,0.548011406272436,261.691430305978
57.50999999999713,0.01,125.0,-0.5670766830444336,11.982839146256527,402.21456871516904,-0.8558582247316018,0.5394261248981915,261.6969104200407
57.519999999997125,0.01,125.0,-0.5653471946716309,11.977168379426084,402.33439710663157,-0.8531799637593912,0.5308675426508772,261.70230468128966
57.52999999999712,0.01,125.0,-0.5636076927185059,11.971514907479369,402.4541687904258,-0.8504933809413409,0.522335743013285,261.7076133567162
57.53999999999712,0.01,125.0,-0.5618600845336914,11.965878830552185,402.57388393950055,-0.8477985027929446,0.5138308092038733,261.7128367141463
57.54999999999712,0.01,125.0,-0.5601038932800293,11.960260229706849,402.69354272780606,-0.8450953559115585,0.5053528241759455,261.71797502223836
57.55999999999712,0.01,125.0,-0.5583381652832031,11.95465919077405,402.8131453301031,-0.8423839669761484,0.4969018706168316,261.72302855048014
57.569999999997115,0.01,125.0,-0.5565662384033203,11.949075809121219,402.9326919220108,-0.8396643627470342,0.4884780309470718,261.7279975691863
57.57999999999711,0.01,125.0,-0.554783821105957,11.943510146737186,403.05218268010196,-0.8369365700656087,0.48008138731960315,261.73288234949575
57.58999999999711,0.01,125.0,-0.5529923439025879,11.937962308526128,403.1716177815693,-0.8342006158540815,0.4717120216189487,261.73768316336896
57.59999999999711,0.01,125.0,-0.5511937141418457,11.932432385087104,403.29099740465455,-0.831456527115222,0.46337001546040957,261.74240028358514
57.60999999999711,0.01,125.0,-0.5493850708007812,11.926920447945687,403.4103217285054,-0.8287043309320722,0.455055450189259,261.74703398373975
57.619999999997106,0.01,125.0,-0.5475687980651855,11.92142659723768,403.52959093298483,-0.8259440544677036,0.44676840687993996,261.7515845382417
57.6299999999971,0.01,125.0,-0.545743465423584,11.91595090925703,403.6488051989572,-0.8231757249649273,0.4385089663352646,261.7560522223105
57.6399999999971,0.01,125.0,-0.5439105033874512,11.910493474602795,403.7679647080497,-0.820399369746035,0.43027720908561695,261.7604373119738
57.6499999999971,0.01,125.0,-0.5420689582824707,11.905054369568921,403.8870696427957,-0.8176150162125377,0.42207321538815823,261.76474008406467
57.6599999999971,0.01,125.0,-0.5402178764343262,11.899633679986097,404.0061201864914,-0.8148226918448778,0.4138970652260345,261.76896081621857
57.669999999997096,0.01,125.0,-0.5383591651916504,11.894231501221755,404.12511652329124,-0.8120224242021663,0.40574883830758735,261.77309978687083
57.679999999997094,0.01,125.0,-0.536491870880127,11.88884790956984,404.24405883830343,-0.8092142409219206,0.3976286140655673,261.7771572752539
57.68999999999709,0.01,125.0,-0.5346159934997559,11.88348299086104,404.3629473173991,-0.8063981697197697,0.38953647165634975,261.78113356139454
57.69999999999709,0.01,125.0,-0.5327315330505371,11.878136830926044,404.4817821473077,-0.8035742383892059,0.38147248995915367,261.7850289261111
57.70999999999709,0.01,125.0,-0.5308380126953125,11.87280951559554,404.6005635156169,-0.8007424748012879,0.3734367475752632,261.7888436510107
57.719999999997086,0.01,125.0,-0.5289373397827148,11.867501135468588,404.7192916107728,-0.7979029069043763,0.3654293228272519,261.7925780184865
57.729999999997084,0.01,125.0,-0.5270290374755859,11.862211762070762,404.83796662212745,-0.7950555627238659,0.3574502937582097,261.7962323117148
57.73999999999708,0.01,125.0,-0.5251107215881348,11.856941471696008,404.95658873974816,-0.7922004703618879,0.3494997381309726,261.79980681465236
57.74999999999708,0.01,125.0,-0.5231842994689941,11.851690364480127,405.0751581544651,-0.7893376579970578,0.3415777334273553,261.8033018120337
57.75999999999708,0.01,125.0,-0.5212502479553223,11.846458521485438,405.1936750581099,-0.7864671538841747,0.3336843568473863,261.80671758936796
57.769999999997076,0.01,125.0,-0.5193076133728027,11.841246019005887,405.3121396433247,-0.7835889863539518,0.3258196853085461,261.81005443293645
57.779999999997074,0.01,125.0,-0.5173568725585938,11.83605294287216,405.43055210351474,-0.7807031838127475,0.31798379544500815,261.81331262978955
57.78999999999707,0.01,125.0,-0.5153975486755371,11.830879374146575,405.5489126329434,-0.7778097747422644,0.31017676360688223,261.816492467744
57.79999999999707,0.01,125.0,-0.5134310722351074,11.82572539865982,405.6672214266849,-0.7749087876992787,0.3023986658594611,261.81959423538007
57.80999999999707,0.01,125.0,-0.5114560127258301,11.82059108793747,405.7854786806715,-0.7720002513153679,0.2946495779824699,261.82261822203867
57.819999999997066,0.01,125.0,-0.5094714164733887,11.815476527810212,405.9036845915508,-0.7690841942966052,0.28692957546931774,261.8255647178185
57.829999999997064,0.01,125.0,-0.5074806213378906,11.81038181364548,406.0218393568289,-0.7661606454233028,0.2792387335263532,261.8284340135732
57.83999999999706,0.01,125.0,-0.5054807662963867,11.805307007432102,406.1399431749653,-0.7632296335497045,0.27157712707212167,261.83122640090846
57.84999999999706,0.01,125.0,-0.503471851348877,11.800252199769139,406.25799624503964,-0.7602911876037108,0.26394483073662617,261.8339421721792
57.85999999999706,0.01,125.0,-0.5014557838439941,11.795217481255651,406.3759987670373,-0.7573453365866037,0.25634191886059055,261.8365816204866
57.869999999997056,0.01,125.0,-0.4994320869445801,11.790202923417212,406.49395094184985,-0.7543921095727399,0.248768465494726,261.8391450396752
57.879999999997054,0.01,125.0,-0.49739980697631836,11.785208602547767,406.611852971084,-0.7514315357092746,0.2412245443990001,261.84163272433017
57.88999999999705,0.01,125.0,-0.4953594207763672,11.780234604478006,406.7297050571094,-0.7484636442158831,0.23371022904190886,261.84404496977413
57.89999999999705,0.01,125.0,-0.49331092834472656,11.775281010270243,406.84750740315417,-0.7454884643844498,0.2262255925997515,261.84638207206456
57.90999999999705,0.01,125.0,-0.4912552833557129,11.770347900986797,406.96526021325684,-0.7425060255788051,0.2187707079559085,261.84864432799054
57.919999999997046,0.01,125.0,-0.48919105529785156,11.765435348153241,407.0829636922667,-0.7395163572344126,0.21134564770012193,261.8508320350701
57.929999999997044,0.01,125.0,-0.4871187210083008,11.760543437600264,407.2006180457482,-0.7365194888580883,0.20395048412777927,261.8529454915471
57.93999999999704,0.01,125.0,-0.48503875732421875,11.755672250390182,407.3182234801242,-0.7335154500277203,0.19658528923919985,261.85498499638834
57.94999999999704,0.01,125.0,-0.48295068740844727,11.750821862816942,407.43578020262805,-0.7305042703919555,0.1892501347389241,261.85695084928074
57.95999999999704,0.01,125.0,-0.4808540344238281,11.745992355942859,407.5532884212562,-0.7274859796699179,0.181945092035006,261.85884335062815
57.969999999997036,0.01,125.0,-0.47875118255615234,11.741183815598621,407.6707483448156,-0.7244606076509252,0.17467023223830827,261.8606628015485
57.979999999997034,0.01,125.0,-0.4766397476196289,11.736396303773061,407.7881601829716,-0.7214281841941709,0.16742562616180046,261.8624095038709
57.98999999999703,0.01,125.0,-0.474520206451416,11.731629906296865,407.90552414600927,-0.7183887392284573,0.16021134431986017,261.8640837601325
57.99999999999703,0.01,125.0,-0.4723930358886719,11.726884704232353,408.02284044507223,-0.7153423027518756,0.15302745692757702,261.86568587357567
58.00999999999703,0.01,125.0,-0.4702572822570801,11.722160773873467,408.1401092921145,-0.7122889048315205,0.14587403390005968,261.86721614814496
58.019999999997026,0.01,125.0,-0.46811437606811523,11.717458201050897,408.25733089985323,-0.7092285756032035,0.1387511448517459,261.86867488848395
58.029999999997024,0.01,125.0,-0.46596384048461914,11.712777057290218,408.3745054818637,-0.7061613452711321,0.13165885909571526,261.87006239993246
58.03999999999702,0.01,125.0,-0.4638066291809082,11.708117418885372,408.4916332524366,-0.7030872441076379,0.12459724564300534,261.8713789885234
58.04999999999702,0.01,125.0,-0.4616403579711914,11.703479352593565,408.60871442662545,-0.700006302452855,0.11756637320193036,261.87262496097986
58.05999999999702,0.01,125.0,-0.45946693420410156,11.698862949013854,408.7257492201514,-0.6969185507144303,0.1105663101774032,261.87380062471186
58.069999999997016,0.01,125.0,-0.45728492736816406,11.694268279671814,408.8427378496415,-0.6938240193672337,0.10359712467026029,261.87490628781364
58.079999999997014,0.01,125.0,-0.4550962448120117,11.689695430398134,408.9596805324382,-0.6907227389530369,0.09665888447658934,261.87594225906037
58.08999999999701,0.01,125.0,-0.4528994560241699,11.685144467950014,409.07657748674217,-0.687614740080222,0.08975165708706034,261.87690884790516
58.09999999999701,0.01,125.0,-0.4506950378417969,11.680615473389773,409.19342893142164,-0.6845000534234902,0.0828755096862595,261.87780636447604
58.10999999999701,0.01,125.0,-0.4484834671020508,11.676108523011356,409.3102350861555,-0.6813787097235343,0.07603050915202596,261.8786351195729
58.119999999997006,0.01,125.0,-0.44626474380493164,11.671623688340336,409.4269961713856,-0.6782507397867634,0.06921672205479197,261.87939542466444
58.129999999997004,0.01,125.0,-0.44403743743896484,11.667161040902288,409.543712408269,-0.6751161744849747,0.06243421465692568,261.880087591885
58.139999999997,0.01,125.0,-0.441802978515625,11.6627206665279,409.66038401867803,-0.6719750447550585,0.05568305291207728,261.8807119340316
58.149999999997,0.01,125.0,-0.4395618438720703,11.658302636742745,409.7770112253433,-0.6688273815987041,0.04896330246452803,261.88126876456073
58.159999999997,0.01,125.0,-0.43731212615966797,11.653907018304025,409.8935942517107,-0.665673216082073,0.042275028648542316,261.8817583975854
58.169999999996996,0.01,125.0,-0.435056209564209,11.64953389704243,410.0101333218937,-0.6625125793355013,0.03561829648772291,261.88218114787185
58.179999999996994,0.01,125.0,-0.43279218673706055,11.645183334946788,410.1266286608641,-0.6593455025532053,0.028993170694369217,261.8825373308367
58.18999999999699,0.01,125.0,-0.43052005767822266,11.640855413079418,410.2430804942136,-0.6561720169929468,0.022399715668838475,261.8828272625437
58.19999999999699,0.01,125.0,-0.4282417297363281,11.636550212502637,410.35948904834436,-0.6529921539757545,0.015837995498910313,261.8830512597004
58.20999999999699,0.01,125.0,-0.42595434188842773,11.632267795205275,410.47585455046936,-0.6498059448855888,0.009308073959154067,261.8832096396554
58.219999999996986,0.01,125.0,-0.4236617088317871,11.628008251786392,410.5921772284214,-0.6466134211690436,0.0028100145102994715,261.88330272039497
58.229999999996984,0.01,125.0,-0.42136049270629883,11.623771634698075,410.70845731093925,-0.6434146143350463,-0.0036561197013896783,261.8833308205401
58.23999999999698,0.01,125.0,-0.4190521240234375,11.619558029771014,410.8246950272862,-0.6402095559545254,-0.010090265844738861,261.8832942593431
58.24999999999698,0.01,125.0,-0.4167366027832031,11.615367508530781,410.9408906075839,-0.6369982776601095,-0.01649236140428284,261.8831933566846
58.25999999999698,0.01,125.0,-0.4144148826599121,11.61120014250295,411.0570442826692,-0.6337808111458262,-0.02286234418088267,261.8830284330706
58.269999999996976,0.01,125.0,-0.41208457946777344,11.607055993676353,411.1731562840942,-0.6305571881667636,-0.02920015229233967,261.8827998096288
58.279999999996974,0.01,125.0,-0.4097471237182617,11.602935147881675,411.28922684403096,-0.6273274405387865,-0.03550572417400605,261.88250780810586
58.28999999999697,0.01,125.0,-0.40740299224853516,11.598837676644493,411.40525619550976,-0.6240916001381965,-0.041778998579392664,261.8821527508641
58.29999999999697,0.01,125.0,-0.40505218505859375,11.594763646722008,411.5212445722762,-0.6208496989014284,-0.048019914580773385,261.8817349608783
58.30999999999697,0.01,125.0,-0.4026937484741211,11.590713124871423,411.6371922087434,-0.6176017688247458,-0.05422841156978643,261.8812547617325
58.319999999996966,0.01,125.0,-0.4003276824951172,11.586686187386682,411.7530993399921,-0.6143478419639036,-0.06040442925803266,261.88071247761684
58.329999999996964,0.01,125.0,-0.39795589447021484,11.582682910561733,411.86896620186593,-0.6110879504338426,-0.06654790767767048,261.88010843332427
58.33999999999696,0.01,125.0,-0.39557647705078125,11.578703351617031,411.9847930309715,-0.6078221264083836,-0.07265878718200769,261.8794429542475
58.34999999999696,0.01,125.0,-0.3931884765625,11.574747586846524,412.10058006448764,-0.6045504021198838,-0.07873700844609031,261.87871636637567
58.35999999999696,0.01,125.0,-0.3907957077026367,11.5708157020809,412.2163275403561,-0.6012728098589485,-0.08478251246728795,261.8779289962912
58.369999999996956,0.01,125.0,-0.3883953094482422,11.566907745003874,412.33203569737685,-0.5979893819740864,-0.09079524056587623,261.87708117116654
58.379999999996954,0.01,125.0,-0.3859877586364746,11.563023791909393,412.4477047748269,-0.5947001508714013,-0.09677513438561591,261.87617321876087
58.38999999999695,0.01,125.0,-0.383573055267334,11.559163914323028,412.56333501274594,-0.5914051490142839,-0.10272213589432874,261.875205467417
58.39999999999695,0.01,125.0,-0.3811507225036621,11.555328183770355,412.6789266518891,-0.5881044089230648,-0.10863618738447041,261.8741782460581
58.40999999999695,0.01,125.0,-0.3787226676940918,11.551516676545319,412.7944799337268,-0.5847979631747235,-0.11451723147369988,261.87309188418425
58.419999999996946,0.01,125.0,-0.37628841400146484,11.54772944986838,412.9099951004922,-0.581485844402541,-0.12036521110544596,261.8719467118695
58.429999999996944,0.01,125.0,-0.37384557723999023,11.543966565728365,413.02547239499086,-0.5781680852957887,-0.1261800695494702,261.87074305975847
58.43999999999694,0.01,125.0,-0.3713960647583008,11.540228109955965,413.14091206064813,-0.574844718599417,-0.13196175040242694,261.869481259063
58.44999999999694,0.01,125.0,-0.3689417839050293,11.536514149308383,413.25631434174767,-0.5715157771137098,-0.13771019758841996,261.86816164155897
58.45999999999694,0.01,125.0,-0.36647939682006836,11.532824731469333,413.3716794832407,-0.5681812936939717,-0.14342535535955592,261.8667845395831
58.469999999996936,0.01,125.0,-0.36400938034057617,11.529159937501133,413.4870077305554,-0.5648413012502156,-0.1491071682964945,261.86535028602947
58.479999999996934,0.01,125.0,-0.36153364181518555,11.525519843697728,413.60229932993036,-0.5614958327468109,-0.15475558130899553,261.8638592143465
58.48999999999693,0.01,125.0,-0.3590512275695801,11.521904507279576,413.7175545283673,-0.5581449212021886,-0.16037053963646253,261.86231165853343
58.49999999999693,0.01,125.0,-0.35656261444091797,11.518313995003881,413.8327735734401,-0.5547885996884891,-0.1659519888484833,261.8607079531371
58.50999999999693,0.01,125.0,-0.3540658950805664,11.514748368859472,413.9479567133901,-0.551426901331247,-0.1714998748453671,261.8590484332486
58.51999999999693,0.01,125.0,-0.3515644073486328,11.511207709908668,414.0631041970787,-0.5480598593090754,-0.17701414385867847,261.8573334345001
58.529999999996924,0.01,125.0,-0.34905529022216797,11.507692065835181,414.17821627417777,-0.544687506853316,-0.18249474245176814,261.8555632930615
58.53999999999692,0.01,125.0,-0.3465399742126465,11.50420151293296,414.2932931948361,-0.5413098772477222,-0.18794161752030022,261.853738345637
58.54999999999692,0.01,125.0,-0.34401798248291016,11.500736113190834,414.4083352099654,-0.5379270038281423,-0.19335471629277637,261.8518589294618
58.55999999999692,0.01,125.0,-0.3414888381958008,11.497295933366006,414.52334257109726,-0.5345389199821635,-0.1987339863310567,261.84992538229886
58.56999999999692,0.01,125.0,-0.3389549255371094,11.493881044984049,414.6383155304309,-0.5311456591488133,-0.2040793755308773,261.84793804243554
58.579999999996915,0.01,125.0,-0.3364124298095703,11.490491495728678,414.7532543408807,-0.5277472548182023,-0.20939083212236437,261.8458972486802
58.58999999999691,0.01,125.0,-0.333864688873291,11.487127371430583,414.86815925583795,-0.5243437405312054,-0.21466830467054535,261.843803340359
58.59999999999691,0.01,125.0,-0.33130931854248047,11.483788724541851,414.98303052955225,-0.5209351498791422,-0.21991174207585634,261.8416566573123
58.60999999999691,0.01,125.0,-0.3287491798400879,11.480475631356427,415.09786841679767,-0.5175215165034226,-0.22512109357464674,261.83945753989155
58.61999999999691,0.01,125.0,-0.32618236541748047,11.477188139558027,415.2126731731112,-0.514102874095226,-0.23029630873967993,261.8372063289558
58.629999999996905,0.01,125.0,-0.3236079216003418,11.473926315903853,415.32744505450677,-0.5106792563951805,-0.23543733748063117,261.8349033658684
58.6399999999969,0.01,125.0,-0.3210287094116211,11.470690236687851,415.4421843176658,-0.507250697193003,-0.24054413004458197,261.83254899249357
58.6499999999969,0.01,125.0,-0.31844186782836914,11.467479949593736,415.55689122003264,-0.5038172303271963,-0.24561663701651099,261.83014355119315
58.6599999999969,0.01,125.0,-0.31585025787353516,11.464295530915454,415.67156601952854,-0.5003788896846882,-0.25065480931978196,261.827687384823
58.6699999999969,0.01,125.0,-0.3132510185241699,11.461137028336719,415.7862089748377,-0.4969357092005091,-0.25565859821662784,261.82518083672977
58.679999999996895,0.01,125.0,-0.31064558029174805,11.458004518151478,415.900820345121,-0.49348772285746795,-0.2606279553086319,261.8226242507476
58.68999999999689,0.01,125.0,-0.30803489685058594,11.454898062348562,416.0154003903025,-0.4900349646857902,-0.26556283253720564,261.8200179711945
58.69999999999689,0.01,125.0,-0.3054184913635254,11.451817713380057,416.12994937092594,-0.4865774687628129,-0.27046318218406257,261.8173623428691
58.70999999999689,0.01,125.0,-0.3027949333190918,11.448763528466422,416.24446754805973,-0.483115269212621,-0.27532895687168973,261.8146577110473
58.71999999999689,0.01,125.0,-0.30016517639160156,11.445735579133231,416.3589551833444,-0.47964840020572236,-0.280160109563815,261.8119044214786
58.729999999996885,0.01,125.0,-0.2975306510925293,11.442733927369316,416.4734125391357,-0.4761768959587225,-0.2849565935658713,261.8091028203829
58.73999999999688,0.01,125.0,-0.2948884963989258,11.439758620858392,416.5878398784094,-0.47270079073396254,-0.2897183625254576,261.80625325444726
58.74999999999688,0.01,125.0,-0.29224157333374023,11.436809735894403,416.70223746461795,-0.4692201188391941,-0.2944453704327963,261.803356070822
58.75999999999688,0.01,125.0,-0.28958797454833984,11.433887320161066,416.81660556197687,-0.4657349146272513,-0.2991375716211873,261.8004116171177
58.76999999999688,0.01,125.0,-0.2869281768798828,11.430991440415584,416.93094443517845,-0.46224521249568484,-0.3037949207674589,261.7974202414015
58.779999999996875,0.01,125.0,-0.28426265716552734,11.428122158646785,417.0452543495826,-0.45875104688645374,-0.30841737289241483,261.7943822921938
58.78999999999687,0.01,125.0,-0.28159189224243164,11.42527953207513,417.15953557116904,-0.455252452285558,-0.31300488336127846,261.79129811846485
58.79999999999687,0.01,125.0,-0.2789139747619629,11.422463613152706,417.2737883664898,-0.45174946322271,-0.3175574078841331,261.78816806963124
58.80999999999687,0.01,125.0,-0.2762303352355957,11.419674473405086,417.3880130026213,-0.44824211427100535,-0.32207490251635934,261.7849924955524
58.81999999999687,0.01,125.0,-0.2735419273376465,11.416912170052731,417.5022097473553,-0.4447304400465583,-0.3265573236590685,261.7817717465272
58.829999999996865,0.01,125.0,-0.2708473205566406,11.414176750779355,417.61637886905584,-0.4412144752081719,-0.3310046280595332,261.7785061732906
58.83999999999686,0.01,125.0,-0.26814699172973633,11.411468277573789,417.7305206365636,-0.4376942544570075,-0.33541677281161403,261.77519612701
58.84999999999686,0.01,125.0,-0.2654399871826172,11.408786807656492,417.8446353193393,-0.4341698125362147,-0.33979371535618325,261.7718419592819
58.85999999999686,0.01,125.0,-0.2627277374267578,11.406132407784666,417.95872318741584,-0.43064118423062053,-0.3441354134815445,261.76844402212834
58.86999999999686,0.01,125.0,-0.2600107192993164,11.403505130410398,418.0727845114937,-0.42710840436635766,-0.3484418253238499,261.76500266799354
58.879999999996855,0.01,125.0,-0.25728702545166016,11.400905023217405,418.1868195627978,-0.42357150781053327,-0.3527129093675126,261.7615182497403
58.88999999999685,0.01,125.0,-0.25455808639526367,11.398332152962888,418.3008286130299,-0.42003052947089625,-0.3569486244456171,261.7579911206466
58.89999999999685,0.01,125.0,-0.25182294845581055,11.395786572098936,418.4148119345595,-0.41648550429546943,-0.3611489297403252,261.75442163440215
58.90999999999685,0.01,125.0,-0.2490825653076172,11.393268342614379,418.5287698002805,-0.412936467272216,-0.3653137847832791,261.75081014510477
58.91999999999685,0.01,125.0,-0.2463359832763672,11.390777516961302,418.6427024837066,-0.40938345342870663,-0.36944314945600043,261.74715700725693
58.929999999996845,0.01,125.0,-0.24358510971069336,11.388314157128539,418.7566102588762,-0.40582649783174557,-0.3735369839902867,261.74346257576235
58.93999999999684,0.01,125.0,-0.2408280372619629,11.385878306031433,418.87049340044746,-0.4022656355870566,-0.3775952489686033,261.73972720592246
58.94999999999684,0.01,125.0,-0.2380661964416504,11.383470025658815,418.9843521835077,-0.3987009018389084,-0.3816179053244731,261.7359512534328
58.95999999999684,0.01,125.0,-0.23529720306396484,11.381089363694398,419.0981868837643,-0.39513233176977985,-0.38560491434286137,261.7321350743796
58.96999999999684,0.01,125.0,-0.23252391815185547,11.37873639166376,419.2119977774012,-0.39155996060002507,-0.38955623766055836,261.72827902523613
58.979999999996835,0.01,125.0,-0.22974586486816406,11.376411152482241,419.32578514131785,-0.3879838235874971,-0.3934718372665578,261.7243834628595
58.98999999999683,0.01,125.0,-0.2269611358642578,11.37411369383356,419.43954925284265,-0.38440395602723254,-0.397351675502432,261.7204487444869
58.99999999999683,0.01,125.0,-0.22417163848876953,11.371844082474919,419.55329038978095,-0.38082039325107503,-0.4011957150627036,261.71647522773185
59.00999999999683,0.01,125.0,-0.22137737274169922,11.369602366090032,419.6670088306057,-0.37723317062733835,-0.40500391899521354,261.7124632705812
59.01999999999683,0.01,125.0,-0.21857690811157227,11.367388592362616,419.78070485426656,-0.37364232356046967,-0.40877625070148615,261.70841323139126
59.029999999996825,0.01,125.0,-0.21577167510986328,11.3652028232815,419.8943787401902,-0.3700478874906758,-0.4125126739370901,261.70432546888424
59.03999999999682,0.01,125.0,-0.21296119689941406,11.363045106530402,420.008030768423,-0.36644989789358545,-0.41621315281199617,261.70020034214485
59.04999999999682,0.01,125.0,-0.2101449966430664,11.360915494561409,420.12166121948826,-0.36284839027991167,-0.4198776517909313,261.69603821061673
59.05999999999682,0.01,125.0,-0.20732355117797852,11.358814044594979,420.23527037443387,-0.35924340019507245,-0.4235061356937297,261.6918394340988
59.06999999999682,0.01,125.0,-0.2044978141784668,11.356740809083199,420.3488585148798,-0.35563496321887267,-0.4270985696956797,261.6876043727419
59.079999999996815,0.01,125.0,-0.20166683197021484,11.354695830941415,420.4624259229706,-0.35202311496512434,-0.43065491932786776,261.6833333870449
59.08999999999681,0.01,125.0,-0.19883060455322266,11.352679162621714,420.57597288128,-0.34840789108130754,-0.4341751504775183,261.6790268378516
59.09999999999681,0.01,125.0,-0.19598913192749023,11.350690856576183,420.6894996729062,-0.3447893272482307,-0.4376592293883307,261.6746850863468
59.10999999999681,0.01,125.0,-0.19314193725585938,11.348730965256909,420.80300658147195,-0.3411674591796537,-0.4411071226608123,261.6703084940529
59.11999999999681,0.01,125.0,-0.19028949737548828,11.34679954588435,420.9164938911245,-0.33754232262194833,-0.4445187972526082,261.6658974228263
59.129999999996805,0.01,125.0,-0.18743371963500977,11.344896650910595,421.02996188658335,-0.333913953353757,-0.447894220478827,261.66145223485375
59.1399999999968,0.01,125.0,-0.1845722198486328,11.343022313714245,421.14341085309246,-0.3302823871856112,-0.4512333600123639,261.65697329264896
59.1499999999968,0.01,125.0,-0.18170499801635742,11.34117659151576,421.2568410762296,-0.3266476599596113,-0.45453618388421935,261.6524609590488
59.1599999999968,0.01,125.0,-0.1788344383239746,11.339359541535597,421.37025284214474,-0.32300980754904346,-0.4578026604838148,261.64791559721
59.1699999999968,0.01,125.0,-0.17595767974853516,11.337571197152357,421.4836464375601,-0.31936886585803814,-0.4610327585593046,261.6433375706051
59.179999999996795,0.01,125.0,-0.17307662963867188,11.335811620354873,421.5970221495316,-0.3157248708212282,-0.4642264472178843,261.63872724301956
59.18999999999679,0.01,125.0,-0.17019081115722656,11.334080854058486,421.7103802657351,-0.3120778584033693,-0.46738369592609597,261.6340849785474
59.19999999999679,0.01,125.0,-0.1672992706298828,11.332378945946914,421.8237210742757,-0.3084278645989976,-0.47050447451012906,261.6294111415881
59.20999999999679,0.01,125.0,-0.16440439224243164,11.330705953240615,421.93704486373514,-0.3047749254320868,-0.4735887531561184,261.624706096843
59.21999999999679,0.01,125.0,-0.16150474548339844,11.329061909318192,422.0503519232675,-0.30111907695566315,-0.4766365024104387,261.6199702093114
59.229999999996785,0.01,125.0,-0.1585993766784668,11.327446861863358,422.16364254236066,-0.2974603552514836,-0.4796476931799947,261.6152038442873
59.23999999999678,0.01,125.0,-0.15569019317626953,11.325860868096573,422.2769170109793,-0.2937987964296503,-0.48262229673250895,261.6104073673555
59.24999999999678,0.01,125.0,-0.15277481079101562,11.32430396616481,422.3901756196602,-0.2901344366282662,-0.48556028469680484,261.60558114438817
59.25999999999678,0.01,125.0,-0.1498560905456543,11.322776218056902,422.5034186593218,-0.2864673120130916,-0.48846162906308693,261.6007255415412
59.26999999999678,0.01,125.0,-0.14693260192871094,11.321277657151445,422.61664642150237,-0.2827974587771576,-0.49132630218321727,261.59584092525057
59.279999999996775,0.01,125.0,-0.14400482177734375,11.319808331132158,422.7298591980739,-0.2791249131404425,-0.4941542767709883,261.59092766222875
59.28999999999677,0.01,125.0,-0.14107227325439453,11.318368282914385,422.8430572813852,-0.2754497113494848,-0.49694552590239216,261.58598611946104
59.29999999999677,0.01,125.0,-0.13813447952270508,11.31695756018184,422.9562409642143,-0.2717718896770383,-0.49970002301588645,261.581016664202
59.30999999999677,0.01,125.0,-0.1351938247680664,11.315576215386614,423.0694105398161,-0.2680914844217264,-0.5024177419126563,261.57601966397186
59.31999999999677,0.01,125.0,-0.1322484016418457,11.314224277138933,423.1825663019699,-0.26440853190765906,-0.505098656756873,261.57099548655276
59.329999999996765,0.01,125.0,-0.12929821014404297,11.312901793122515,423.2957085447413,-0.2607230684840865,-0.5077427420759492,261.5659444999852
59.33999999999676,0.01,125.0,-0.1263422966003418,11.311608811021076,423.4088375626725,-0.25703513052505317,-0.5103499727607895,261.56086707256446
59.34999999999676,0.01,125.0,-0.12338495254516602,11.310345388055072,423.5219536507827,-0.25334475442900944,-0.5129203240660396,261.55576357283684
59.35999999999676,0.01,125.0,-0.12042045593261719,11.30911153852962,423.6350571046632,-0.249651976618486,-0.5154537716103292,261.5506343695962
59.36999999999676,0.01,125.0,-0.11745262145996094,11.307907333970295,423.74814822004845,-0.2459568335397047,-0.5179502913765136,261.5454798318801
59.379999999996755,0.01,125.0,-0.11448097229003906,11.306732807755695,423.86122729338814,-0.2422593616622319,-0.5204098597119101,261.5403003289663
59.38999999999675,0.01,125.0,-0.11150360107421875,11.305587998032795,423.9742946214657,-0.23855959747863048,-0.5228324533285319,261.53509623036916
59.39999999999675,0.01,125.0,-0.10852432250976562,11.304472962022054,424.087350501446,-0.23485757750407524,-0.5252180493033177,261.5298679058359
59.40999999999675,0.01,125.0,-0.10553836822509766,11.303387718796957,424.2003952310662,-0.23115333827600448,-0.527566625078358,261.52461572534287
59.41999999999675,0.01,125.0,-0.10255002975463867,11.302332335114706,424.3134291082541,-0.22744691635377237,-0.5298781584611176,261.5193400590921
59.429999999996745,0.01,125.0,-0.09955692291259766,11.30130683481716,424.42645243160524,-0.22373834831825853,-0.5321526276246549,261.5140412775075
59.43999999999674,0.01,125.0,-0.09656095504760742,11.300311265588034,424.5394654999534,-0.22002767077154065,-0.534390011107837,261.50871975123124
59.44999999999674,0.01,125.0,-0.09355878829956055,11.299345656037557,424.65246861260925,-0.21631492033650387,-0.536590287815552,261.50337585112015
59.45999999999674,0.01,125.0,-0.09055376052856445,11.298410068154562,424.7654620691696,-0.21260013365649186,-0.5387534370189165,261.498009948242
59.46999999999674,0.01,125.0,-0.08754491806030273,11.297504530549276,424.8784461698511,-0.2088833473949578,-0.540879438355481,261.4926224138718
59.479999999996735,0.01,125.0,-0.08453178405761719,11.296629081368673,424.99142121515655,-0.20516459823507746,-0.5429682718294302,261.4872136194883
59.48999999999673,0.01,125.0,-0.08151483535766602,11.295783763528098,425.10438750597024,-0.20144392287939947,-0.5450199178117806,261.48178393677
59.49999999999673,0.01,125.0,-0.07849407196044922,11.294968615174522,425.2173453436055,-0.19772135804949587,-0.5470343570405742,261.47633373759186
59.50999999999673,0.01,125.0,-0.07546854019165039,11.294183674454917,425.3302950297572,-0.1939969404855703,-0.5490115706210688,261.4708633940215
59.51999999999673,0.01,125.0,-0.07244062423706055,11.293428989053,425.44323686650176,-0.19027070694612894,-0.5509515400259241,261.46537327831527
59.529999999996726,0.01,125.0,-0.06940841674804688,11.292704582810629,425.5561711563923,-0.18654269420758826,-0.552854247095385,261.459863762915
59.53999999999672,0.01,125.0,-0.06637144088745117,11.292010498643148,425.66909820222037,-0.18281293906392468,-0.5547196740374605,261.4543352204441
59.54999999999672,0.01,125.0,-0.06333065032958984,11.291346784234273,425.7820183072068,-0.17908147832632418,-0.5565478034280994,261.4487880237037
59.55999999999672,0.01,125.0,-0.0602874755859375,11.290713477730977,425.8949317750491,-0.17534834882279354,-0.5583386182113623,261.4432225456694
59.56999999999672,0.01,125.0,-0.057239532470703125,11.290110602975117,426.0078389098264,-0.17161358739780963,-0.5600921016995899,261.4376391594873
59.579999999996716,0.01,125.0,-0.05418872833251953,11.289538207650411,426.1207400158561,-0.1678772309119684,-0.5618082375735677,261.4320382384703
59.589999999996714,0.01,125.0,-0.051134586334228516,11.288996320367087,426.2336353979326,-0.16413931624159142,-0.5634870098826871,261.42642015609454
59.59999999999671,0.01,125.0,-0.04807615280151367,11.288484974503744,426.34652536113623,-0.16039988027839597,-0.5651284030451027,261.4207852859957
59.60999999999671,0.01,125.0,-0.045013427734375,11.288004212975729,426.45941021088123,-0.156658959929101,-0.5667324018478863,261.4151340019652
59.61999999999671,0.01,125.0,-0.04194831848144531,11.287554078698385,426.572290253011,-0.15291659211507597,-0.568298991447177,261.40946667794674
59.629999999996706,0.01,125.0,-0.03887939453125,11.287134595513571,426.6851657937979,-0.1491728137719887,-0.5698281573683275,261.40378368803226
59.639999999996704,0.01,125.0,-0.03580617904663086,11.286745801568259,426.79803713975303,-0.14542766184941167,-0.5713198855060471,261.39808540645856
59.6499999999967,0.01,125.0,-0.032731056213378906,11.286387739777792,426.9109045977687,-0.14168117331049077,-0.5727741621245409,261.3923722076035
59.6599999999967,0.01,125.0,-0.029651165008544922,11.28606042921566,427.02376847516643,-0.1379333851315511,-0.5741909738576455,261.3866444659823
59.6699999999967,0.01,125.0,-0.026567459106445312,11.285763917565575,427.13662907945854,-0.13418433430174476,-0.5755703077089608,261.3809025562437
59.679999999996696,0.01,125.0,-0.023482322692871094,11.28549824297451,427.24948671863416,-0.13043405782269835,-0.576912151051978,261.3751468531666
59.689999999996694,0.01,125.0,-0.02039194107055664,11.285263419747581,427.3623417010639,-0.1266825927081224,-0.5782164916302047,261.3693777316561
59.69999999999669,0.01,125.0,-0.01729869842529297,11.285059500336876,427.47519433526134,-0.12292997598345887,-0.5794833175572857,261.3635955667398
59.70999999999669,0.01,125.0,-0.014204025268554688,11.284886513352623,427.5880449302647,-0.11917624468552832,-0.58071261731712,261.3578007335642
59.71999999999669,0.01,125.0,-0.011103630065917969,11.284744473099938,427.7008937953982,-0.1154214358621347,-0.581904379763975,261.351993607391
59.729999999996686,0.01,125.0,-0.008001327514648438,11.284633436799279,427.81374124012916,-0.1116655865717337,-0.5830585941225961,261.34617456359337
59.739999999996684,0.01,125.0,-0.0048961639404296875,11.284553423524132,427.92658757449715,-0.10790873388303733,-0.5841752499883132,261.34034397765214
59.74999999999668,0.01,125.0,-0.0017862319946289062,11.284504461884728,428.03943310873234,-0.1041509148746606,-0.5852543373271433,261.3345022251523
59.75999999999668,0.01,125.0,0.0013256072998046875,11.284486599564781,428.1522781533512,-0.1003921666347686,-0.5862958464758896,261.328649681779
59.76999999999668,0.01,125.0,0.004440784454345703,11.28449985563778,428.2651230193468,-0.09663252626068472,-0.587299768142237,261.3227867233142
59.779999999996676,0.01,125.0,0.007559776306152344,11.284544263482323,428.37796801790313,-0.09287203085853735,-0.5882660934048437,261.3169137256328
59.789999999996674,0.01,125.0,0.01068115234375,11.284619861245384,428.49081346053794,-0.08911071754290643,-0.5891948137134289,261.31103106469874
59.79999999999667,0.01,125.0,0.013804912567138672,11.284726672768821,428.60365965915037,-0.08534862343642742,-0.5900859208888577,261.30513911656163
59.80999999999667,0.01,125.0,0.01693248748779297,11.284864721894493,428.71650692587804,-0.08158578566945882,-0.5909394071232218,261.2992382573527
59.81999999999667,0.01,125.0,0.020061492919921875,11.285034046769372,428.82935557309696,-0.07782224137968599,-0.5917552649799163,261.2933288632815
59.829999999996666,0.01,125.0,0.023195743560791016,11.28523466169857,428.94220591356464,-0.07405802771176745,-0.5925334873937129,261.2874113106317
59.839999999996664,0.01,125.0,0.026331424713134766,11.285466619134178,429.0550582601816,-0.07029318181698092,-0.5932740676708305,261.28148597575773
59.84999999999666,0.01,125.0,0.029470443725585938,11.28572993338131,429.16791292637294,-0.0665277408528312,-0.5939769994890002,261.275553235081
59.85999999999666,0.01,125.0,0.03261137008666992,11.286024637818565,429.2807702257067,-0.06276174198269618,-0.5946422768975284,261.26961346508614
59.86999999999666,0.01,125.0,0.03575611114501953,11.286350751519432,429.39363047208485,-0.05899522237547283,-0.5952698943173552,261.26366704231714
59.879999999996656,0.01,125.0,0.038903236389160156,11.286708312630882,429.5064939796,-0.05522821920518054,-0.5958598465411098,261.25771434337395
59.889999999996654,0.01,125.0,0.042054176330566406,11.287097344994773,429.6193610627263,-0.051460769650628325,-0.5964121287331615,261.25175574490856
59.89999999999665,0.01,125.0,0.045206546783447266,11.28751788675808,429.7322320361762,-0.04769291089501805,-0.5969267364296676,261.24579162362124
59.90999999999665,0.01,125.0,0.04836130142211914,11.287969952225914,429.84510721504375,-0.043924680125590226,-0.5974036655386177,261.2398223562569
59.91999999999665,0.01,125.0,0.051518917083740234,11.288453565240136,429.957986914566,-0.04015611453326977,-0.5978429123398735,261.2338483196015
59.929999999996646,0.01,125.0,0.05467987060546875,11.288968754410973,430.07087145021836,-0.03638725131226912,-0.5982444734852062,261.22786989047813
59.939999999996644,0.01,125.0,0.057842254638671875,11.289515553117027,430.1837611377625,-0.03261812765975525,-0.5986083459983288,261.2218874457433
59.94999999999664,0.01,125.0,0.061008453369140625,11.290093975663414,430.2966562932936,-0.028848780775452686,-0.5989345272749262,261.2159013622833
59.95999999999664,0.01,125.0,0.06417608261108398,11.290704060197106,430.40955723305024,-0.025079247861289157,-0.5992230150826807,261.2099120170106
59.96999999999664,0.01,125.0,0.06734609603881836,11.291345821023217,430.5224642736522,-0.02130956612104125,-0.5994738075612935,261.2039197868598
59.979999999996636,0.01,125.0,0.07051944732666016,11.292019281983606,430.6353777318624,-0.017539772759941577,-0.599686903222504,261.19792504878416
59.989999999996634,0.01,125.0,0.07369565963745117,11.292724476456872,430.74829792468216,-0.013769904984324436,-0.5998623009501033,261.1919281797519
59.99999999999663,0.01,125.0,0.07687234878540039,11.293461433053245,430.8612251694467,-0.010000000001271332,-0.5999999999999465,261.18592955674245
60.00999999999663,0.01,125.0,0.08005285263061523,11.294230156541099,430.9741597837772,-0.006230095018213953,-0.6000999999999591,261.1799295567425
60.01999999999663,0.01,125.0,0.08323526382446289,11.295030685067404,431.0871020853426,-0.0024602272426010353,-0.6001623009501412,261.17392855674245
60.029999999996626,0.01,125.0,0.08641958236694336,11.295863037705649,431.2000523921933,0.0013095661184986968,-0.6001869032225672,261.16792693373293
60.039999999996624,0.01,125.0,0.08960723876953125,11.29672723352932,431.3130110225703,0.005079247858750958,-0.6001738075613822,261.1619250647007
60.04999999999662,0.01,125.0,0.09279632568359375,11.297623305917014,431.4259782949056,0.008848780772910328,-0.6001230150827946,261.1559233266251
60.05999999999662,0.01,125.0,0.09598636627197266,11.29855126917385,431.53895452796473,0.012618127657213036,-0.6000345272750656,261.14992209647426
60.06999999999662,0.01,125.0,0.0991811752319336,11.29951113283657,431.6519400406564,0.016387251309731336,-0.5999083459984934,261.1439217512015
60.079999999996616,0.01,125.0,0.10237598419189453,11.300502944588889,431.7649351519848,0.020156114530727902,-0.5997444734853962,261.1379226677415
60.089999999996614,0.01,125.0,0.10557365417480469,11.301526704430808,431.87794018143063,0.023924680123052836,-0.5995429123400889,261.13192522300665
60.09999999999661,0.01,125.0,0.10877370834350586,11.302582440972555,431.9909554484749,0.027692910892476635,-0.5993036655388585,261.12592979388324
60.10999999999661,0.01,125.0,0.11197519302368164,11.30367017805599,432.1039812728846,0.03146076964808718,-0.5990267364299338,261.11993675722783
60.11999999999661,0.01,125.0,0.11517953872680664,11.304789929986226,432.2170179746651,0.03522821920264394,-0.5987121287334529,261.1139464898635
60.129999999996606,0.01,125.0,0.11838579177856445,11.305941725373494,432.33006587396494,0.03899522237293228,-0.5983598465414266,261.1079593685762
60.139999999996604,0.01,125.0,0.12159347534179688,11.30712558329128,432.4431252912187,0.042761741980155976,-0.5979698943176973,261.10197577011076
60.1499999999966,0.01,125.0,0.12480306625366211,11.308341518044697,432.55619654705157,0.04652774085029137,-0.5975422768978959,261.0959960711676
60.1599999999966,0.01,125.0,0.12801456451416016,11.309589548707233,432.669279962232,0.05029318181444147,-0.5970769994893931,261.0900206483986
60.1699999999966,0.01,125.0,0.1312274932861328,11.310869694352375,432.78237585771905,0.054058027709232674,-0.5965740676712488,261.0840498784037
60.179999999996596,0.01,125.0,0.13444280624389648,11.312181969285236,432.8954845546626,0.0578222413771474,-0.5960334873941565,261.078084137727
60.189999999996594,0.01,125.0,0.13766002655029297,11.313526397347674,433.0086063743554,0.06158578566692068,-0.5954552649803851,261.07212380285307
60.19999999999659,0.01,125.0,0.14087772369384766,11.314902997613176,433.12174163832884,0.06534862343389404,-0.5948394071237161,261.06616925020325
60.20999999999659,0.01,125.0,0.14409828186035156,11.316311774850114,433.23489066830496,0.06911071754036932,-0.5941859208893773,261.060220856132
60.21999999999659,0.01,125.0,0.14732027053833008,11.317752757668718,433.3480537860534,0.07287203085600502,-0.5934948137139737,261.0542789969231
60.229999999996586,0.01,125.0,0.1505451202392578,11.319225960374101,433.4612313136301,0.07663252625814869,-0.5927660934054139,261.0483440487859
60.239999999996584,0.01,125.0,0.15376949310302734,11.320731411576494,433.5744235732338,0.08039216663223318,-0.5919997681428325,261.04241638785186
60.24999999999658,0.01,125.0,0.1569967269897461,11.322269106507525,433.68763088734954,0.08415091487213004,-0.5911958464765104,261.03649639017044
60.25999999999658,0.01,125.0,0.16022491455078125,11.323839073777423,433.8008535784146,0.08790873388050315,-0.5903543373277892,261.0305844317057
60.26999999999658,0.01,125.0,0.16345500946044922,11.32544132292293,433.91409196915237,0.0916655865692002,-0.5894752499889844,261.0246808883324
60.279999999996576,0.01,125.0,0.1666860580444336,11.327075873017534,434.02734638238155,0.09542143585960611,-0.5885585941232926,261.0187861358325
60.289999999996574,0.01,125.0,0.16991949081420898,11.328742733597979,434.1406171411117,0.09917624468299621,-0.5876043797646967,261.01290054989124
60.29999999999657,0.01,125.0,0.17315340042114258,11.33044192850612,434.25390456844764,0.10292997598093175,-0.586612617317867,261.0070245060936
60.30999999999657,0.01,125.0,0.17638921737670898,11.332173462510331,434.3672089877327,0.10668259270559181,-0.5855833175580578,261.0011583799204
60.31999999999657,0.01,125.0,0.17962646484375,11.333937354684098,434.48053072235774,0.11043405782016852,-0.584516491631002,260.9953025467448
60.329999999996566,0.01,125.0,0.18286418914794922,11.335733619332535,434.59387009590455,0.11418433429921998,-0.5834121510528006,260.9894573818285
60.339999999996564,0.01,125.0,0.18610525131225586,11.337562261224013,434.70722743209785,0.11793338512902292,-0.5822703077098087,260.983623260318
60.34999999999656,0.01,125.0,0.1893448829650879,11.339423313737136,434.8206030547101,0.12168117330796345,-0.5810909738585187,260.97780055724087
60.35999999999656,0.01,125.0,0.19258832931518555,11.341316762566786,434.93399728784743,0.12542766184688947,-0.5798741621254393,260.9719896475023
60.36999999999656,0.01,125.0,0.1958303451538086,11.343242645859938,435.0474104554731,0.1291728137694632,-0.5786198855069706,260.96619090588104
60.379999999996556,0.01,125.0,0.19907569885253906,11.345200949311476,435.16084288193167,0.1329165921125556,-0.5773281573692762,260.960404707026
60.389999999996554,0.01,125.0,0.20232200622558594,11.3471917063,435.27429489142474,0.1366589599265774,-0.5759989914481509,260.9546314254523
60.39999999999655,0.01,125.0,0.2055673599243164,11.349214926362256,435.3877668084877,0.14039988027587333,-0.5746324018488854,260.94887143553785
60.40999999999655,0.01,125.0,0.2088165283203125,11.351270599961499,435.5012589577513,0.14413931623907406,-0.573228403046127,260.94312511151935
60.41999999999655,0.01,125.0,0.2120647430419922,11.353358765244701,435.6147716637509,0.1478772309094478,-0.5717870098837365,260.9373928274889
60.42999999999655,0.01,125.0,0.21531391143798828,11.355479412675122,435.7283052514033,0.15161358739529013,-0.5703082375746423,260.93167495739004
60.439999999996544,0.01,125.0,0.2185659408569336,11.357632551789502,435.84186004553004,0.15534834882027512,-0.5687921017006897,260.9259718750143
60.44999999999654,0.01,125.0,0.2218170166015625,11.359818211198071,435.95543637104794,0.15908147832380684,-0.5672386182124873,260.9202839539973
60.45999999999654,0.01,125.0,0.22507047653198242,11.362036381364087,436.0690345531599,0.16281293906141273,-0.5656478034292496,260.91461156781514
60.46999999999654,0.01,125.0,0.22832393646240234,11.364287086129407,436.1826549169735,0.16654269420507323,-0.5640196740386357,260.9089550897809
60.47999999999654,0.01,125.0,0.23157882690429688,11.366570325494031,436.29629778783476,0.17027070694361512,-0.5623542470965853,260.9033148930405
60.489999999996535,0.01,125.0,0.2348337173461914,11.368886113763073,436.4099634910897,0.1739969404830619,-0.5606515400271496,260.8976913505695
60.49999999999653,0.01,125.0,0.23809003829956055,11.371234450936536,436.5236523522273,0.1777213580469845,-0.5589115706223193,260.89208483516927
60.50999999999653,0.01,125.0,0.2413463592529297,11.37361535131953,436.63736469673665,0.18144392287689354,-0.5571343570418499,260.886495719463
60.51999999999653,0.01,125.0,0.24460458755493164,11.37602881491206,436.7511008502498,0.18516459823256862,-0.5553199178130813,260.8809243758926
60.52999999999653,0.01,125.0,0.2478618621826172,11.378474860787609,436.8648611383989,0.1888833473924503,-0.553468271830756,260.8753711767145
60.539999999996525,0.01,125.0,0.25112009048461914,11.380953479409435,436.97864588700673,0.19260013365398987,-0.5515794383568319,260.8698364939962
60.54999999999652,0.01,125.0,0.2543807029724121,11.38346468031428,437.0924554218008,0.19631492033399903,-0.5496534370202923,260.8643206996127
60.55999999999652,0.01,125.0,0.2576408386230469,11.386008487344004,437.20629006860395,0.20002767076903724,-0.5476902878169527,260.8588241652425
60.56999999999652,0.01,125.0,0.26090145111083984,11.388584895730233,437.32015015347736,0.2037383483157607,-0.5456900111092627,260.8533472623643
60.57999999999652,0.01,125.0,0.2641620635986328,11.391193910241341,437.43403600243465,0.2074469163512718,-0.5436526276261056,260.8478903622532
60.589999999996515,0.01,125.0,0.2674241065979004,11.393835530877327,437.547947941537,0.21115333827350957,-0.5415781584625933,260.842453835977
60.59999999999651,0.01,125.0,0.2706871032714844,11.396509771943306,437.66188629684575,0.21485757750157758,-0.5394666250798587,260.83703805439234
60.60999999999651,0.01,125.0,0.27394866943359375,11.39921664297602,437.77585139456517,0.21855959747613435,-0.5373180493048433,260.8316433881415
60.61999999999651,0.01,125.0,0.27721118927001953,11.401956129670355,437.8898435609949,0.22225936165974147,-0.5351324533300824,260.82627020764846
60.62999999999651,0.01,125.0,0.2804741859436035,11.404728241563054,438.0038631222916,0.2259568335372117,-0.5329098597134855,260.82091888311516
60.639999999996505,0.01,125.0,0.2837390899658203,11.40753298342249,438.1179104047072,0.22965197661599454,-0.5306502913781138,260.815589784518
60.6499999999965,0.01,125.0,0.2870020866394043,11.410370374322147,438.23198573454135,0.2333447544265238,-0.5283537716119543,260.81028328160426
60.6599999999965,0.01,125.0,0.2902660369873047,11.41324039518854,438.34608943828454,0.23703513052256495,-0.5260203240676895,260.8049997438881
60.6699999999965,0.01,125.0,0.2935304641723633,11.416143055558413,438.4602218422364,0.24072306848160413,-0.5236499727624643,260.79973954064747
60.6799999999965,0.01,125.0,0.2967958450317383,11.419078360200135,438.574383272792,0.2444085319051742,-0.5212427420776488,260.79450304091984
60.689999999996495,0.01,125.0,0.30005979537963867,11.422046318650452,438.688574056394,0.24809148441924328,-0.5187986567585975,260.7892906134991
60.69999999999649,0.01,125.0,0.30332469940185547,11.425046916604247,438.80279451958046,0.25177188967456104,-0.5163177419144056,260.7841026269315
60.70999999999649,0.01,125.0,0.30658960342407227,11.428080163598265,438.91704498874645,0.2554497113470051,-0.5138000230176605,260.77893944951234
60.71999999999649,0.01,125.0,0.30985546112060547,11.431146059632505,439.0313257903824,0.2591249131379646,-0.5112455259041909,260.77380144928213
60.72999999999649,0.01,125.0,0.31312084197998047,11.43424461424371,439.1456372509787,0.2627974587746857,-0.5086542767728118,260.7686889940231
60.739999999996485,0.01,125.0,0.31638526916503906,11.437375822663508,439.25997969712114,0.26646731201061735,-0.5060263021850655,260.76360245125534
60.74999999999648,0.01,125.0,0.31965112686157227,11.440539675355158,439.3743534553478,0.2701344366257979,-0.5033616290649598,260.7585421882335
60.75999999999648,0.01,125.0,0.32291603088378906,11.443736186623774,439.4887588521013,0.27379879642717975,-0.5006602846987024,260.75350857194286
60.76999999999648,0.01,125.0,0.32618093490600586,11.446965346932611,439.6031962139675,0.277460355249015,-0.4979222967344311,260.74850196909586
60.77999999999648,0.01,125.0,0.32944536209106445,11.45022715628167,439.71766586743684,0.28111907695320054,-0.4951476931819415,260.7435227461285
60.789999999996475,0.01,125.0,0.33271074295043945,11.45352160990258,439.83216813899963,0.28477492542962196,-0.49233650241241006,260.7385712691967
60.79999999999647,0.01,125.0,0.33597517013549805,11.456848717332084,439.94670335509863,0.288427864596539,-0.4894887531581144,260.7336479041726
60.80999999999647,0.01,125.0,0.33923864364624023,11.46020846903344,440.06127184227194,0.2920778584009085,-0.4866044745121496,260.728753016641
60.81999999999647,0.01,125.0,0.34250307083129883,11.4636008554699,440.17587392696225,0.2957248708187694,-0.4836836959281411,260.72388697189587
60.82999999999647,0.01,125.0,0.345766544342041,11.467025886178213,440.2905099355169,0.2993688658555855,-0.480726447219954,260.7190501349366
60.839999999996465,0.01,125.0,0.3490304946899414,11.470483551621633,440.40518019437866,0.3030098075465888,-0.47773275856139874,260.7142428704644
60.84999999999646,0.01,125.0,0.3522930145263672,11.473973856568533,440.51988502989485,0.30664765995715876,-0.47470266048593346,260.7094655428788
60.85999999999646,0.01,125.0,0.35555601119995117,11.477496786713795,440.6346247684605,0.31028238718316486,-0.47163618388636247,260.70471851627394
60.86999999999646,0.01,125.0,0.35881805419921875,11.481052346825793,440.74939973632763,0.31391395335130867,-0.46853336001453144,260.7000021544351
60.87999999999646,0.01,125.0,0.36208057403564453,11.484640527367784,440.86421025979587,0.3175423226195063,-0.46539422048101897,260.69531682083493
60.889999999996455,0.01,125.0,0.3653411865234375,11.48826133310814,440.97905666506955,0.3211674591772098,-0.46221879725482456,260.6906628786301
60.89999999999645,0.01,125.0,0.36860227584838867,11.491914744973373,441.0939392784006,0.32478932724578896,-0.4590071226630531,260.6860406906576
60.90999999999645,0.01,125.0,0.37186193466186523,11.495600767731856,441.20885842585034,0.32840789107887214,-0.4557592293905959,260.68145061943096
60.91999999999645,0.01,125.0,0.3751225471496582,11.499319387078474,441.3238144335276,0.33202311496268705,-0.4524751504798078,260.67689302713706
60.92999999999645,0.01,125.0,0.37838029861450195,11.503070612549969,441.4388076273984,0.3356349632164377,-0.4491549193301816,260.67236827563227
60.939999999996445,0.01,125.0,0.3816394805908203,11.506854415536113,441.55383833352386,0.33924340019264393,-0.4457985696980179,260.667876726439
60.94999999999644,0.01,125.0,0.38489723205566406,11.51067081034202,441.6689068776792,0.34284839027748143,-0.44240613569609216,260.663418740742
60.95999999999644,0.01,125.0,0.3881549835205078,11.514519782662576,441.7840135857826,0.34644989789116165,-0.43897765179331805,260.658994679385
60.96999999999644,0.01,125.0,0.39141130447387695,11.518401332497781,441.8991587836092,0.3500478874882502,-0.4355131528144071,260.65460490286705
60.97999999999644,0.01,125.0,0.3946661949157715,11.52231544554252,442.01434279693416,0.35364232355804653,-0.4320126739395253,260.6502497713389
60.989999999996435,0.01,125.0,0.3979206085205078,11.526262107491677,442.12956595138957,0.3572331706249217,-0.4284762507039455,260.6459296445995
60.99999999999643,0.01,125.0,0.40117502212524414,11.530241313576882,442.2448285724645,0.36082039324865683,-0.424903918997697,260.64164488209246
61.00999999999643,0.01,125.0,0.40442752838134766,11.534253063798134,442.3601309856002,0.3644039560248168,-0.4212957150652112,260.6373958429025
61.01999999999643,0.01,125.0,0.40767955780029297,11.538297339081947,442.4754735162382,0.36798382358508785,-0.41765167550496374,260.63318288575186
61.02999999999643,0.01,125.0,0.4109311103820801,11.54237413465995,442.590856489629,0.3715599605976143,-0.4139718372691136,260.62900636899684
61.039999999996425,0.01,125.0,0.4141812324523926,11.54648344576377,442.7062802309756,0.3751323317673757,-0.4102562376631382,260.62486665062414
61.04999999999642,0.01,125.0,0.4174318313598633,11.550625258088292,442.8217450654332,0.37870090183650273,-0.40650491434546515,260.6207640882475
61.05999999999642,0.01,125.0,0.42067956924438477,11.55479957640189,442.9372513180141,0.38226563558465354,-0.4027179053271009,260.61669903910405
61.06999999999642,0.01,125.0,0.42392683029174805,11.559006372094334,443.0527993137781,0.38582649782934925,-0.3988952489712551,260.6126718600508
61.07999999999642,0.01,125.0,0.4271731376647949,11.56324564039725,443.168389377499,0.3893834534263089,-0.3950369839929624,260.6086829075611
61.089999999996415,0.01,125.0,0.4304180145263672,11.567517371773897,443.28402183390295,0.3929364672698209,-0.39114314945870005,260.6047325377212
61.09999999999641,0.01,125.0,0.43366193771362305,11.571821551919161,443.39969700762066,0.39648550429307705,-0.3872137847860026,260.6008211062266
61.10999999999641,0.01,125.0,0.4369049072265625,11.576158171296296,443.5154152231398,0.40003052946850653,-0.3832489297430726,260.59694896837874
61.11999999999641,0.01,125.0,0.44014549255371094,11.58052722036856,443.63117680485277,0.4035715078081503,-0.37924862444838836,260.5931164790813
61.12999999999641,0.01,125.0,0.4433860778808594,11.584928675294098,443.74698207705643,0.40710840436397355,-0.37521290937030766,260.5893239928368
61.139999999996405,0.01,125.0,0.446624755859375,11.589362536072905,443.86283136380933,0.41064118422823914,-0.37114182532666873,260.5855718637431
61.1499999999964,0.01,125.0,0.4498629570007324,11.593828783631498,443.97872498917,0.41416981253384016,-0.3670354134843872,260.58186044548984
61.1599999999964,0.01,125.0,0.4530978202819824,11.598327413201504,444.0946632770063,0.41769425445463176,-0.3628937153590496,260.578190091355
61.1699999999964,0.01,125.0,0.4563331604003906,11.602858391404324,444.2106465511383,0.4212144752058031,-0.3587167728145041,260.57456115420143
61.1799999999964,0.01,125.0,0.459566593170166,11.607421723008326,444.32667513505237,0.4247304400441884,-0.3545046280624469,260.5709739864733
61.189999999996395,0.01,125.0,0.4627995491027832,11.612017388940027,444.4427493522824,0.4282421142686383,-0.3502573236620059,260.56742894019266
61.19999999999639,0.01,125.0,0.4660305976867676,11.616645384431054,444.5588695261718,0.43174946322034985,-0.3459749025193204,260.563926366956
61.20999999999639,0.01,125.0,0.46925878524780273,11.62130569040792,444.6750359800161,0.43525245228319687,-0.34165740788711774,260.56046661793084
61.21999999999639,0.01,125.0,0.4724855422973633,11.625998278260397,444.79124903692014,0.43875104688409555,-0.33730488336428666,260.557050043852
61.22999999999639,0.01,125.0,0.4757113456726074,11.63072313368337,444.90750901970273,0.4422452124933336,-0.3329173728954466,260.55367699501835
61.239999999996385,0.01,125.0,0.47893619537353516,11.635480247140094,445.02381625103953,0.4457349146248991,-0.3284949207705141,260.5503478212894
61.24999999999638,0.01,125.0,0.4821591377258301,11.64026960909383,445.1401710535109,0.4492201188368489,-0.324037571624266,260.5470628720817
61.25999999999638,0.01,125.0,0.485379695892334,11.645091200471088,445.25657374960184,0.4527007907316165,-0.3195453704358984,260.54382249636546
61.26999999999638,0.01,125.0,0.4885993003845215,11.64994499743001,445.3730246616065,0.45617689595637945,-0.3150183625285832,260.54062704266113
61.27999999999638,0.01,125.0,0.49181652069091797,11.654830990433855,445.4895241115808,0.4596484002033865,-0.3104565935690203,260.53747685903585
61.289999999996375,0.01,125.0,0.49503278732299805,11.659749155640762,445.6060724214851,0.46311526921028423,-0.30586010956698734,260.53437229310015
61.29999999999637,0.01,125.0,0.4982461929321289,11.66469948351399,445.7226699130415,0.46657746876047934,-0.30122895687488543,260.53131369200446
61.30999999999637,0.01,125.0,0.5014591217041016,11.66968194544331,445.8393169078766,0.47003496468346373,-0.29656318218728156,260.5283014024357
61.31999999999637,0.01,125.0,0.5046682357788086,11.67469653666035,445.956013727331,0.4734877228551408,-0.29186283254044787,260.5253357706138
61.32999999999637,0.01,125.0,0.5078773498535156,11.679743219018137,446.0727606926976,0.47693570919818906,-0.2871279553118974,260.5224171422884
61.339999999996365,0.01,125.0,0.511085033416748,11.684821992516671,446.18955812488775,0.4803788896823675,-0.28235859821991643,260.5195458627353
61.34999999999636,0.01,125.0,0.5142884254455566,11.689932842850837,446.3064063448129,0.48381723032487883,-0.27755480932309373,260.5167222767531
61.35999999999636,0.01,125.0,0.517491340637207,11.69507572710529,446.4233056732414,0.48725069719069275,-0.2727166370198459,260.5139467286599
61.36999999999636,0.01,125.0,0.5206913948059082,11.700250640511662,446.5402564305124,0.4906792563928698,-0.26784413004793994,260.5112195622897
61.37999999999636,0.01,125.0,0.523890495300293,11.70545755445972,446.65725893691746,0.49410287409291864,-0.2629373374840122,260.5085411209892
61.389999999996355,0.01,125.0,0.5270867347717285,11.710696459412722,446.774313512462,0.49752151650111853,-0.257996308743084,260.5059117476144
61.39999999999635,0.01,125.0,0.5302815437316895,11.715967326760438,446.8914204770561,0.5009351498768415,-0.2530210935780738,260.50333178452695
61.40999999999635,0.01,125.0,0.533473014831543,11.721270142197755,447.00858015032367,0.5043437405289118,-0.24801174207930637,260.50080157359116
61.41999999999635,0.01,125.0,0.5366630554199219,11.72660487234607,447.12579285174564,0.5077472548159084,-0.24296830467401825,260.49832145617034
61.42999999999635,0.01,125.0,0.539851188659668,11.731971502900267,447.24305890046907,0.5111456591465229,-0.23789083212586018,260.4958917731236
61.439999999996346,0.01,125.0,0.5430359840393066,11.737370014786862,447.36037861549806,0.5145389199798804,-0.23277937553439595,260.49351286480237
61.44999999999634,0.01,125.0,0.5462188720703125,11.742800374627254,447.4777523156459,0.5179270038258589,-0.22763398633459817,260.491185071047
61.45999999999634,0.01,125.0,0.5494003295898438,11.748262563347957,447.5951803193921,0.5213098772454462,-0.22245471629634062,260.4889087311837
61.46999999999634,0.01,125.0,0.5525798797607422,11.753756566643855,447.71266294502556,0.5246875068510397,-0.21724161752388718,260.48668418402076
61.47999999999634,0.01,125.0,0.5557560920715332,11.75928236544146,447.83020051069195,0.5280598593068027,-0.21199474245537783,260.4845117678455
61.489999999996336,0.01,125.0,0.5589289665222168,11.764839926362175,447.94779333434633,0.5314269013289816,-0.20671414386231085,260.48239182042096
61.499999999996334,0.01,125.0,0.5621013641357422,11.770429216027395,448.06544173360993,0.5347885996862236,-0.20139987484902208,260.48032467898236
61.50999999999633,0.01,125.0,0.5652694702148438,11.776050229668751,448.18314602577016,0.5381449211999267,-0.1960519888521609,260.47831068023385
61.51999999999633,0.01,125.0,0.5684361457824707,11.781702924370899,448.30090652806683,0.5414958327445565,-0.1906705396401627,260.4763501603453
61.52999999999633,0.01,125.0,0.5716004371643066,11.787387285828723,448.4187235573105,0.544841301247961,-0.18525558131271821,260.4744434549489
61.539999999996326,0.01,125.0,0.5747628211975098,11.793103290200365,448.53659743016874,0.5481812936917246,-0.17980716830023968,260.4725908991358
61.549999999996324,0.01,125.0,0.5779209136962891,11.79885091841234,448.65452846307073,0.5515157771114626,-0.17432535536332353,260.4707928274528
61.55999999999632,0.01,125.0,0.5810770988464355,11.804630127549302,448.77251697225483,0.5548447185971735,-0.16881019759221,260.46904957389916
61.56999999999632,0.01,125.0,0.5842313766479492,11.810440898537765,448.8905632735303,0.5581680852935528,-0.16326175040623936,260.46736147192325
61.57999999999632,0.01,125.0,0.5873827934265137,11.816283212304244,449.00866768251564,0.5614858444003051,-0.15768006955330494,260.4657288544192
61.589999999996316,0.01,125.0,0.5905294418334961,11.822157040238508,449.12683051463864,0.5647979631724915,-0.152065211109303,260.46415205372364
61.599999999996314,0.01,125.0,0.5936746597290039,11.828062334656842,449.245052085041,0.5681044089208404,-0.1464172314775792,260.46263140161255
61.60999999999631,0.01,125.0,0.5968189239501953,11.833999081254131,449.36333270838753,0.5714051490120596,-0.14073618738837193,260.46116722929776
61.61999999999631,0.01,125.0,0.5999584197998047,11.839967270493633,449.48167269920003,0.5747001508691846,-0.13502213589825246,260.4597598674239
61.62999999999631,0.01,125.0,0.6030945777893066,11.84596685469163,449.60007237190496,0.5779893819718698,-0.12927513438956176,260.4584096460649
61.639999999996306,0.01,125.0,0.6062288284301758,11.851997800469523,449.71853204045186,0.5812728098567359,-0.1234952405698442,260.457116894721
61.649999999996304,0.01,125.0,0.6093611717224121,11.858060088753824,449.8370520184565,0.5845504021176788,-0.117682512471278,260.45588194231533
61.6599999999963,0.01,125.0,0.6124887466430664,11.864153700471046,449.95563261934404,0.5878221264061789,-0.11183700845010239,260.4547051171906
61.6699999999963,0.01,125.0,0.6156139373779297,11.870278587937475,450.07427415634874,0.591087950431642,-0.10595878718604176,260.4535867471061
61.6799999999963,0.01,125.0,0.618736743927002,11.876434727311253,450.1929769422281,0.594347841961707,-0.10004790768172651,260.45252715923425
61.689999999996296,0.01,125.0,0.6218557357788086,11.882622094750522,450.3117412895012,0.5976017688225531,-0.09410442926211063,260.45152668015743
61.699999999996294,0.01,125.0,0.6249728202819824,11.888840652108309,450.43056751044867,0.6008496988992436,-0.08812841157388629,260.4505856358648
61.70999999999629,0.01,125.0,0.6280860900878906,11.895090380311128,450.54945591696975,0.604091600136012,-0.08211991458489505,260.44970435174906
61.71999999999629,0.01,125.0,0.6311960220336914,11.901371241212006,450.6684068207728,0.6073274405366061,-0.07607899858353613,260.44888315260323
61.72999999999629,0.01,125.0,0.6343026161193848,11.907683201432341,450.7874205331849,0.6105571881645909,-0.07000572417817127,260.44812236261737
61.739999999996286,0.01,125.0,0.6374068260192871,11.914026227593535,450.9064973651992,0.6137808111436539,-0.06390015229652658,260.4474223053756
61.749999999996284,0.01,125.0,0.6405067443847656,11.920400295853726,451.0256376274751,0.6169982776579451,-0.05776234418509126,260.4467833038526
61.75999999999628,0.01,125.0,0.6436047554016113,11.926805363297573,451.1448416304336,0.6202095559523616,-0.05159236140851304,260.44620568041074
61.76999999999628,0.01,125.0,0.6466984748840332,11.933241410851588,451.2641096840665,0.6234146143328867,-0.045390265848990655,260.44568975679664
61.77999999999628,0.01,125.0,0.6497893333435059,11.939708395600427,451.383442098175,0.6266134211668919,-0.03915611970566303,260.44523585413816
61.789999999996276,0.01,125.0,0.6528763771057129,11.94620628893386,451.50283918213097,0.6298059448834377,-0.032889985493995355,260.4448442929411
61.799999999996274,0.01,125.0,0.6559615135192871,11.952735052704917,451.6223012450203,0.6329921539736075,-0.02659192604516223,260.4445153930862
61.80999999999627,0.01,125.0,0.6590418815612793,11.959294667840108,451.74182859554736,0.6361720169908078,-0.020262004505427415,260.4442494738257
61.81999999999627,0.01,125.0,0.6621193885803223,11.96588508665572,451.86142154222574,0.639345502551067,-0.013900284335520603,260.44404685378066
61.82999999999627,0.01,125.0,0.665194034576416,11.972506280541522,451.98108039309227,0.642512579333371,-0.007506829310011205,260.4439078509373
61.839999999996266,0.01,125.0,0.6682639122009277,11.979158220887285,452.10080545589767,0.6456732160799433,-0.0010817035166787725,260.4438327826442
61.849999999996264,0.01,125.0,0.6713314056396484,11.985840860009294,452.2205970381065,0.648827381596579,0.005375028644119376,260.44382196560906
61.85999999999626,0.01,125.0,0.6743936538696289,11.992554174065688,452.3404554467066,0.6519750447529412,0.011863302460083876,260.4438757158955
61.86999999999626,0.01,125.0,0.6774544715881348,11.999298110604384,452.46038098844724,0.6551161744828583,0.01838305290761199,260.4439943489201
61.87999999999626,0.01,125.0,0.6805105209350586,12.006072655320263,452.58037396955325,0.6582507397846515,0.02493421465243927,260.4441781794492
61.889999999996256,0.01,125.0,0.6835627555847168,12.012877760529612,452.7004346961064,0.6613787097214304,0.031516722050284475,260.4444275215957
61.899999999996254,0.01,125.0,0.6866121292114258,12.019713388085458,452.8205634737117,0.6645000534213872,0.038130509147497466,260.4447426888162
61.90999999999625,0.01,125.0,0.6896562576293945,12.026579509377571,452.9407606075925,0.667614740078127,0.04477550968171001,260.44512399390766
61.91999999999625,0.01,125.0,0.6926984786987305,12.033476071953864,453.06102640268625,0.670722738950943,0.05145165708248996,260.4455717490045
61.92999999999625,0.01,125.0,0.6957354545593262,12.04040305674085,453.18136116340577,0.6738240193651442,0.05815888447199805,260.44608626557533
61.939999999996246,0.01,125.0,0.6987695693969727,12.047360411286443,453.30176519397315,0.6769185507123489,0.06489712466564815,260.44666785442007
61.949999999996244,0.01,125.0,0.7017993927001953,12.054348106980411,453.42223879808597,0.6800063024507746,0.0716663101727703,260.44731682566675
61.95999999999624,0.01,125.0,0.704826831817627,12.061366100907412,453.54278227915574,0.6830872441055622,0.07846637319727669,260.4480334887685
61.96999999999624,0.01,125.0,0.7078490257263184,12.068414369225586,453.6633959401648,0.6861613452690645,0.08529724563833095,260.44881815250045
61.97999999999624,0.01,125.0,0.7108674049377441,12.075492859482848,453.784080083857,0.6892285756011372,0.09215885909102023,260.4496711249568
61.989999999996236,0.01,125.0,0.7138824462890625,12.082601533532225,453.9048350124518,0.6922889048294621,0.09905114484703023,260.45059271354774
61.999999999996234,0.01,125.0,0.7168927192687988,12.089740357995113,454.0256610277871,0.6953423027498186,0.10597403389532348,260.4515832249962
62.00999999999623,0.01,125.0,0.7198987007141113,12.0969092851878,454.14655843136705,0.6983887392264049,0.11292745692282027,260.4526429653352
62.01999999999623,0.01,125.0,0.7229013442993164,12.10410827219494,454.2675275242189,0.7014281841921266,0.11991134431508294,260.4537722399044
62.02999999999623,0.01,125.0,0.7259001731872559,12.111337285637932,454.38856860694085,0.7044606076488823,0.1269256261570028,260.45497135334756
62.039999999996226,0.01,125.0,0.7288951873779297,12.118596287369803,454.5096819797972,0.7074859796678832,0.13397023223349022,260.45624060960915
62.049999999996224,0.01,125.0,0.7318849563598633,12.12588523924358,454.6308679426709,0.7105042703899223,0.14104509203016766,260.4575803119315
62.05999999999622,0.01,125.0,0.7348713874816895,12.133204088807178,454.7521267950633,0.7135154500256918,0.14815013473406546,260.4589907628518
62.06999999999622,0.01,125.0,0.7378535270690918,12.140552802681993,454.87345883595134,0.7165194888560681,0.15528528923432097,260.4604722641991
62.07999999999622,0.01,125.0,0.7408318519592285,12.147931337952683,454.99486436397814,0.7195163572323936,0.16245048412288024,260.46202511709146
62.089999999996216,0.01,125.0,0.7438058853149414,12.155339656472274,455.11634367735763,0.722506025576791,0.16964564769520274,260.4636496219327
62.099999999996214,0.01,125.0,0.7467746734619141,12.162777715325422,455.23789707392234,0.7254884643824441,0.1768707079509692,260.46534607840965
62.10999999999621,0.01,125.0,0.7497386932373047,12.17024546206004,455.35952485107555,0.728463644213879,0.1841255925947922,260.4671147854892
62.11999999999621,0.01,125.0,0.7527003288269043,12.17774284899241,455.4812273056961,0.7314315357072786,0.19141022903692953,260.46895604141514
62.12999999999621,0.01,125.0,0.7556571960449219,12.185269852280678,455.603004734186,0.7343921095707455,0.19872454439400086,260.4708701437055
62.139999999996206,0.01,125.0,0.7586088180541992,12.192826424241126,455.7248574327088,0.7373453365846143,0.20606846548970686,260.47285738914945
62.149999999996204,0.01,125.0,0.7615575790405273,12.200412512421666,455.8467856969512,0.7402911876017297,0.21344191885555153,260.47491807380436
62.1599999999962,0.01,125.0,0.7644991874694824,12.20802808821207,455.9687898220754,0.7432296335477252,0.22084483073156735,260.4770524929929
62.1699999999962,0.01,125.0,0.7674388885498047,12.215673080086763,456.09087010295747,0.7461606454213284,0.22827712706704312,260.47926094130025
62.1799999999962,0.01,125.0,0.7703723907470703,12.223347468972259,456.2130268337583,0.7490841942946392,0.2357387335212549,260.4815437125709
62.189999999996196,0.01,125.0,0.7733025550842285,12.231051192879727,456.335260308448,0.7520002513134036,0.24322957546419982,260.4839010999061
62.199999999996194,0.01,125.0,0.7762274742126465,12.238784218430569,456.4575708203768,0.7549087876973228,0.2507495779773324,260.4863333956608
62.20999999999619,0.01,125.0,0.7791481018066406,12.246546493172694,456.5799586625611,0.7578097747403104,0.2582986658543041,260.48884089144053
62.21999999999619,0.01,125.0,0.7820639610290527,12.25433797419076,456.7024241274928,0.7607031838107986,0.2658767636017057,260.49142387809906
62.22999999999619,0.01,125.0,0.784975528717041,12.262158613801049,456.8249675072347,0.7635889863520113,0.27348379543981216,260.4940826457351
62.239999999996186,0.01,125.0,0.7878828048706055,12.270008369088217,456.9475890933727,0.7664671538822361,0.28111968530333076,260.4968174836895
62.249999999996184,0.01,125.0,0.7907848358154297,12.277887197136922,457.07028917706356,0.7693376579951243,0.2887843568421516,260.4996286805425
62.25999999999618,0.01,125.0,0.7936820983886719,12.285795045495075,457.1930680490349,0.7722004703599629,0.2964777334221013,260.50251652411094
62.26999999999618,0.01,125.0,0.7965736389160156,12.293731866478959,457.3159259994898,0.7750555627219428,0.3041997381256994,260.5054813014452
62.27999999999618,0.01,125.0,0.7994627952575684,12.301697602868117,457.4388633181546,0.7779029069024616,0.3119502937529173,260.50852329882645
62.289999999996176,0.01,125.0,0.802344799041748,12.30969223082069,457.56188029418325,0.7807424747993754,0.31972932282194033,260.51164280176397
62.299999999996174,0.01,125.0,0.8052234649658203,12.317715678811107,457.68497721649146,0.7835742383872984,0.3275367475699325,260.51484009499217
62.30999999999617,0.01,125.0,0.8080964088439941,12.325767913460764,457.80815437327954,0.7863981697178709,0.3353724899538039,260.51811546246785
62.31999999999617,0.01,125.0,0.8109655380249023,12.333848877549203,457.93141205241415,0.7892142409200239,0.3432364716509811,260.52146918736736
62.32999999999617,0.01,125.0,0.8138289451599121,12.34195853292945,458.0547505411896,0.7920224242002781,0.35112861406017976,260.52490155208386
62.33999999999617,0.01,125.0,0.8166866302490234,12.350096822381047,458.17817012651886,0.7948226918429918,0.359048838302181,260.5284128382245
62.349999999996164,0.01,125.0,0.8195405006408691,12.358263688683536,458.30167109474263,0.7976150162106571,0.3669970652206093,260.5320033266075
62.35999999999616,0.01,125.0,0.8223888874053955,12.366459093689944,458.4252537316294,0.8003993697441628,0.37497321538271433,260.5356732972597
62.36999999999616,0.01,125.0,0.8252325057983398,12.374682982563996,458.5489183225663,0.8031757249630574,0.38297720908015437,260.5394230294135
62.37999999999616,0.01,125.0,0.8280706405639648,12.382935307621977,458.6726651523919,0.8059440544658393,0.3910089663297833,260.5432528015043
62.38999999999616,0.01,125.0,0.8309035301208496,12.391216014027615,458.7964945054681,0.8087043309302163,0.3990684068744401,260.5471628911676
62.399999999996155,0.01,125.0,0.8337316513061523,12.39952504932882,458.92040666560837,0.8114565271133685,0.40715545018374066,260.55115357523636
62.40999999999615,0.01,125.0,0.8365545272827148,12.407862365841881,459.0444019161016,0.8142006158522365,0.41527001545487274,260.5552251297382
62.41999999999615,0.01,125.0,0.8393731117248535,12.416227911114706,459.16848053976,0.8169365700637661,0.4234120216133935,260.5593778298927
62.42999999999615,0.01,125.0,0.8421859741210938,12.424621642231953,459.2926428188712,0.819664362745197,0.4315813873140295,260.56361195010885
62.43999999999615,0.01,125.0,0.8449921607971191,12.433043501973163,459.4168890352935,0.8223839669743199,0.4397780309414798,260.56792776398197
62.449999999996145,0.01,125.0,0.8477952480316162,12.441493423581132,459.5412194703132,0.8250953559097326,0.4480018706112214,260.5723255442914
62.45999999999614,0.01,125.0,0.8505923748016357,12.449971376061447,459.665634404549,0.8277985027911241,0.45625282417031704,260.5768055629975
62.46999999999614,0.01,125.0,0.8533840179443359,12.458477299809461,459.7901341183096,0.8304933809395291,0.46453080919822665,260.5813680912392
62.47999999999614,0.01,125.0,0.8561697006225586,12.467011139988903,459.91471889130764,0.833179963757582,0.47283574300762027,260.5860133993312
62.48999999999614,0.01,125.0,0.8589494228363037,12.475572836995127,460.0393890027075,0.8358582247298012,0.48116754264519446,260.59074175676125
62.499999999996135,0.01,125.0,0.8617253303527832,12.484162331223489,460.1641447310774,0.8385281374228262,0.4895261248924908,260.59555343218767
62.50999999999613,0.01,125.0,0.8644957542419434,12.492779584527016,460.2889863543896,0.8411896754856993,0.4979114062667174,260.6004486934366
62.51999999999613,0.01,125.0,0.8672609329223633,12.501424542069433,460.4139141502348,0.8438428126501176,0.5063233030215728,260.60542780749927
62.52999999999613,0.01,125.0,0.8700194358825684,12.510097151398655,460.5389283956555,0.8464875227306825,0.5147617311480723,260.6104910405295
62.53999999999613,0.01,125.0,0.8727736473083496,12.518797345757479,460.66402936716946,0.8491237796251758,0.5232266063753774,260.615638657841
62.549999999996125,0.01,125.0,0.8755209445953369,12.52752508223056,460.78921734062703,0.8517515573148098,0.5317178441716275,260.6208709239047
62.55999999999612,0.01,125.0,0.8782644271850586,12.536280291676512,460.9144925914493,0.8543708298644731,0.5402353597447739,260.6261881023464
62.56999999999612,0.01,125.0,0.8810005187988281,12.54506293594836,461.03985539436604,0.8569815714230092,0.5487790680434169,260.63159045594386
62.57999999999612,0.01,125.0,0.8837318420410156,12.553872941136348,461.1653060237255,0.8595837562234471,0.5573488837576454,260.6370782466243
62.58999999999612,0.01,125.0,0.8864576816558838,12.562710259556756,461.29084475313687,0.8621773585832763,0.5659447213198782,260.64265173546187
62.599999999996115,0.01,125.0,0.8891770839691162,12.571574836373312,461.4164718557324,0.8647623529046913,0.5745664949057092,260.64831118267506
62.60999999999611,0.01,125.0,0.8918917179107666,12.580466607213001,461.5421876040961,0.8673387136748361,0.5832141184347545,260.65405684762413
62.61999999999611,0.01,125.0,0.8945999145507812,12.589385524392107,461.6679922701682,0.869906415466073,0.591887505571501,260.65988898880846
62.62999999999611,0.01,125.0,0.8973026275634766,12.598331523537613,461.7938861254121,0.8724654329362247,0.6005865697261601,260.6658078638642
62.63999999999611,0.01,125.0,0.8999998569488525,12.607304549813247,461.91986944064746,0.8750157408288162,0.6093112240555206,260.67181372956145
62.649999999996105,0.01,125.0,0.9026908874511719,12.616304548382733,462.0459424861456,0.8775573139733437,0.6180613814638071,260.677906841802
62.6599999999961,0.01,125.0,0.905376672744751,12.625331457257243,462.17210553162937,0.880090127285501,0.6268369546035387,260.68408745561663
62.6699999999961,0.01,125.0,0.908055305480957,12.634385223984689,462.2983588462019,0.8826141557674458,0.635637855876392,260.69035582516267
62.6799999999961,0.01,125.0,0.9107303619384766,12.643465777039497,462.4247026984417,0.885129374508039,0.6444639974340647,260.6967122037214
62.6899999999961,0.01,125.0,0.9133973121643066,12.652573080658879,462.55113735621205,0.8876357586830813,0.6533152911791433,260.70315684369575
62.699999999996095,0.01,125.0,0.9160590171813965,12.66170705378052,462.67766308701863,0.8901332835555785,0.6621916487659724,260.70968999660755
62.70999999999609,0.01,125.0,0.9187145233154297,12.670867643952331,462.80428015755643,0.8926219244759627,0.6710929816015264,260.7163119130952
62.71999999999609,0.01,125.0,0.9213647842407227,12.680054789185483,462.9309888339959,0.8951016568823555,0.6800192008462843,260.7230228429112
62.72999999999609,0.01,125.0,0.924008846282959,12.689268437027888,463.05778938188774,0.8975724563008021,0.6889702174151061,260.72982303491966
62.73999999999609,0.01,125.0,0.9266471862792969,12.698508525490716,463.184682066258,0.9000342983455039,0.6979459419781123,260.7367127370938
62.749999999996085,0.01,125.0,0.9292781352996826,12.707774997353507,463.3116671515129,0.9024871587190768,0.7069462849615655,260.74369219651356
62.75999999999608,0.01,125.0,0.9319033622741699,12.717067778706502,463.4387449014864,0.9049310132127818,0.7159711565487545,260.7507616593632
62.76999999999608,0.01,125.0,0.9345231056213379,12.726386812329242,463.56591557927345,0.9073658377067563,0.7250204666808806,260.75792137092867
62.77999999999608,0.01,125.0,0.9371364116668701,12.735732043385454,463.69317944739674,0.909791608170271,0.7340941250579464,260.7651715755955
62.78999999999608,0.01,125.0,0.9397430419921875,12.745103407502121,463.82053676783056,0.9122083006619451,0.7431920411396472,260.77251251684606
62.799999999996075,0.01,125.0,0.9423444271087646,12.754500837922041,463.9479878019056,0.9146158913300023,0.7523141241462649,260.7799444372575
62.80999999999607,0.01,125.0,0.944939136505127,12.763924282193127,464.07553281028476,0.9170143564124974,0.761460283059563,260.78746757849893
62.81999999999607,0.01,125.0,0.9475278854370117,12.773373673558176,464.20317205310664,0.9194036722375427,0.7706304266236862,260.7950821813295
62.82999999999607,0.01,125.0,0.9501094818115234,12.782848952412545,464.3309057898422,0.9217838152235586,0.7798244633460598,260.8027884855957
62.83999999999607,0.01,125.0,0.9526858329772949,12.792350047230657,464.4587342793663,0.9241547618794972,0.7890423014982936,260.8105867302292
62.849999999996065,0.01,125.0,0.9552547931671143,12.801876905560428,464.58665777983856,0.926516488805067,0.7982838491170867,260.8184771532442
62.85999999999606,0.01,125.0,0.9578187465667725,12.811429453492098,464.71467654889415,0.9288689726909819,0.8075490140051356,260.82645999173536
62.86999999999606,0.01,125.0,0.9603753089904785,12.821007640957763,464.84279084342904,0.9312121903191704,0.8168377037320436,260.83453548187543
62.87999999999606,0.01,125.0,0.9629254341125488,12.830611394047667,464.9710009198386,0.9335461185630232,0.8261498256352334,260.8427038589127
62.88999999999606,0.01,125.0,0.9654700756072998,12.84024064838879,465.09930703377904,0.9358707343876134,0.8354852868208618,260.85096535716906
62.899999999996055,0.01,125.0,0.9680066108703613,12.84989534914486,465.2277094402629,0.9381860148499159,0.844843994164736,260.85932021003725
62.90999999999605,0.01,125.0,0.9705381393432617,12.859575415253563,465.35620839375434,0.9404919370990503,0.8542258543132333,260.8677686499789
62.91999999999605,0.01,125.0,0.9730629920959473,12.869280796646994,465.48480414790686,0.9427884783764972,0.8636307736842219,260.87631090852204
62.92999999999605,0.01,125.0,0.9755816459655762,12.879011426567951,465.6134969558733,0.9450756160163161,0.873058658467985,260.88494721625887
62.93999999999605,0.01,125.0,0.9780926704406738,12.888767243027605,465.74228707013896,0.947353327445387,0.8825094146281464,260.89367780284357
62.949999999996045,0.01,125.0,0.9805974960327148,12.89854816973201,465.8711747425692,0.9496215901836128,0.8919829479025984,260.90250289698986
62.95999999999604,0.01,125.0,0.983095645904541,12.908354144692336,466.0001602242665,0.9518803818441584,0.9014791638044326,260.91142272646886
62.96999999999604,0.01,125.0,0.9855871200561523,12.918185101151378,466.1292437657134,0.9541296801336646,0.9109979676228723,260.9204375181069
62.97999999999604,0.01,125.0,0.988072395324707,12.928040972351937,466.2584256167249,0.9563694628524602,0.9205392644242071,260.9295474977831
62.98999999999604,0.01,125.0,0.9905500411987305,12.937921696305182,466.38770602644837,0.958599707894799,0.9301029590527298,260.93875289042734
62.999999999996035,0.01,125.0,0.9930224418640137,12.947827196717167,466.5170852434114,0.960820393249058,0.9396889561316758,260.94805392001786
63.00999999999603,0.01,125.0,0.9954872131347656,12.957757421135806,466.64656351537855,0.9630314969979716,0.9492971600641644,260.95745080957914
63.01999999999603,0.01,125.0,0.9979462623596191,12.967712293267152,466.7761410895899,0.9652329973188412,0.9589274750341422,260.9669437811798
63.02999999999603,0.01,125.0,1.0003972053527832,12.977691755890746,466.90581821252255,0.9674248724837422,0.9685798050073287,260.97653305593013
63.03999999999603,0.01,125.0,1.0028419494628906,12.98769572794427,467.03559513008145,0.9696071008597542,0.9782540537321641,260.9862188539802
63.049999999996025,0.01,125.0,1.0052788257598877,12.997724147438898,467.16547208736085,0.9717796609091665,0.9879501247407597,260.9960013945175
63.05999999999602,0.01,125.0,1.0077099800109863,13.007776935696494,467.2954493288352,0.9739425311896837,0.9976679213498495,261.0058808957649
63.06999999999602,0.01,125.0,1.0101344585418701,13.017854035496603,467.42552709819216,0.976095690354654,1.0074073466617444,261.0158575749784
63.07999999999602,0.01,125.0,1.012552261352539,13.02795538008202,467.5557056385471,0.9782391171532612,1.017168303565289,261.025931648445
63.08999999999602,0.01,125.0,1.0149617195129395,13.038080902695542,467.6859851923479,0.9803727904307504,1.0269506947368197,261.03610333148066
63.099999999996015,0.01,125.0,1.0173649787902832,13.04823051989067,467.81636600137483,0.98249668912863,1.0367544226411252,261.046372838428
63.10999999999601,0.01,125.0,1.0197622776031494,13.058404169678571,467.9468483065737,0.9846107922848726,1.0465793895324096,261.0567403826544
63.11999999999601,0.01,125.0,1.0221500396728516,13.0686017924546,468.07743234827046,0.9867150790341362,1.0564254974552563,261.06720617654975
63.12999999999601,0.01,125.0,1.0245327949523926,13.078823292851327,468.208118366195,0.9888095286079621,1.0662926482455957,261.0777704315243
63.13999999999601,0.01,125.0,1.0269079208374023,13.089068620800848,468.33890659912345,0.9908941203349739,1.0761807435316733,261.08843335800674
63.149999999996005,0.01,125.0,1.0292763710021973,13.09933770000922,468.4697972853314,0.9929688336410978,1.086089684735021,261.09919516544204
63.159999999996,0.01,125.0,1.031637191772461,13.10963046371924,468.60079066233146,0.9950336480497464,1.09601937307143,261.1100560622894
63.169999999996,0.01,125.0,1.0339913368225098,13.119946835636963,468.7318869669686,0.9970885431820371,1.1059697095519256,261.12101625602014
63.179999999996,0.01,125.0,1.0363378524780273,13.130286749005187,468.86308643532493,0.9991334987569869,1.115940594983744,261.13207595311565
63.189999999996,0.01,125.0,1.0386781692504883,13.140650127529964,468.99438930281497,1.0011684945917054,1.125931929971312,261.1432353590655
63.199999999995995,0.01,125.0,1.0410113334655762,13.151036909222467,469.1257958040902,1.0031935106016074,1.135943614917227,261.1544946783652
63.20999999999599,0.01,125.0,1.0433354377746582,13.161447022557121,469.2573061731824,1.005208526800605,1.1459755500232411,261.1658541145144
63.21999999999599,0.01,125.0,1.0456552505493164,13.171880376934865,469.38892064340797,1.007213523301297,1.156027635291245,261.17731387001464
63.22999999999599,0.01,125.0,1.0479645729064941,13.182336929440357,469.5206394471773,1.0092084803151822,1.166099770524256,261.18887414636754
63.23999999999599,0.01,125.0,1.0502686500549316,13.19281657516942,469.65246281647165,1.0111933781528353,1.1761918553274058,261.2005351440728
63.249999999995985,0.01,125.0,1.052565097808838,13.203319261669968,469.78439098222333,1.0131681972241184,1.186303789108932,261.212297062626
63.25999999999598,0.01,125.0,1.054854393005371,13.213844912648055,469.91642417484,1.0151329180383672,1.1964354710811713,261.2241601005171
63.26999999999598,0.01,125.0,1.0571351051330566,13.224393456578106,470.04856262396646,1.0170875212045754,1.206586800261553,261.2361244552279
63.27999999999598,0.01,125.0,1.0594096183776855,13.234964807629435,470.1808065585322,1.0190319874316034,1.2167576754735967,261.2481903232305
63.28999999999598,0.01,125.0,1.0616774559020996,13.24555890381321,470.3131562066085,1.0209662975283507,1.2269479953479108,261.26035789998525
63.299999999995975,0.01,125.0,1.0639359951019287,13.256175678372228,470.4456117956466,1.022890432403959,1.2371576583231922,261.27262737993874
63.30999999999597,0.01,125.0,1.066187858581543,13.266815038323246,470.57817355243026,1.0248043730679963,1.2473865626472298,261.284998956522
63.31999999999597,0.01,125.0,1.0684332847595215,13.277476916909059,470.71084170281347,1.0267081006306369,1.2576346063779078,261.29747282214845
63.32999999999597,0.01,125.0,1.0706706047058105,13.288161249756651,470.84361647198256,1.0286015963028603,1.2679016873842122,261.31004916821223
63.33999999999597,0.01,125.0,1.0729002952575684,13.298867955803708,470.9764980844801,1.0304848413966308,1.2781877033472386,261.3227281850861
63.349999999995966,0.01,125.0,1.0751216411590576,13.30959695875628,471.10948676403814,1.0323578173250751,1.288492551761203,261.33551006211957
63.35999999999596,0.01,125.0,1.0773365497589111,13.320348175167869,471.2425827336257,1.0342205056026814,1.2988161299344516,261.34839498763716
63.36999999999596,0.01,125.0,1.079543113708496,13.331121540665455,471.37578621537733,1.0360728878454644,1.3091583349904763,261.3613831489365
63.37999999999596,0.01,125.0,1.0817434787750244,13.341916971802538,471.509097430784,1.037914945771161,1.319519063868929,261.3744747322864
63.38999999999596,0.01,125.0,1.083935260772705,13.352734406590287,471.642516600502,1.039746661199405,1.3298982133266384,261.38766992292506
63.399999999995956,0.01,125.0,1.0861186981201172,13.363573759198012,471.7760439445679,1.0415680160519012,1.3402956799386303,261.40096890505833
63.409999999995954,0.01,125.0,1.0882954597473145,13.37443494617921,471.90967968215983,1.043378992352614,1.3507113600991472,261.4143718618577
63.41999999999595,0.01,125.0,1.0904641151428223,13.385317900776682,472.0434240316216,1.0451795722279404,1.3611451500226712,261.4278789754587
63.42999999999595,0.01,125.0,1.0926260948181152,13.396222541928108,472.17727721062937,1.0469697379068805,1.3715969457449486,261.4414904269589
63.43999999999595,0.01,125.0,1.0947799682617188,13.407148802876286,472.31123943604865,1.0487494717212253,1.3820666431240154,261.4552063964164
63.449999999995946,0.01,125.0,1.0969247817993164,13.4180966025589,472.4453109240774,1.0505187561057165,1.3925541378412256,261.4690270628476
63.459999999995944,0.01,125.0,1.0990629196166992,13.429065850376892,472.57949189010293,1.0522775735982337,1.4030593254022807,261.482952604226
63.46999999999594,0.01,125.0,1.1011924743652344,13.440056479573057,472.7137825486067,1.0540259068399604,1.413582101138261,261.49698319748
63.47999999999594,0.01,125.0,1.1033153533935547,13.451068404316707,472.8481831134024,1.0557637385755494,1.4241223602066586,261.5111190184914
63.48999999999594,0.01,125.0,1.1054291725158691,13.46210155785064,472.98269379744556,1.0574910516533047,1.434679997592412,261.5253602420935
63.499999999995936,0.01,125.0,1.107536792755127,13.473155849575797,473.11731481302405,1.0592078290253455,1.445254908108943,261.5397070420694
63.509999999995934,0.01,125.0,1.109635829925537,13.484231217503346,473.2520463715198,1.0609140537477688,1.4558469863991943,261.5541595911505
63.51999999999593,0.01,125.0,1.111726999282837,13.4953275758026,473.3868886836948,1.062609708980829,1.4664561269366698,261.56871806101447
63.52999999999593,0.01,125.0,1.1138105392456055,13.506444845795427,473.5218419594528,1.06429477798909,1.477082224026476,261.5833826222838
63.53999999999593,0.01,125.0,1.115884780883789,13.517582951187881,473.6569064079107,1.0659692441416022,1.4877251718063649,261.5981534445241
63.549999999995926,0.01,125.0,1.1179518699645996,13.528741798996718,473.79208223742256,1.067633090912063,1.4983848642477788,261.61303069624216
63.559999999995924,0.01,125.0,1.120011806488037,13.539921317696361,473.9273696554125,1.069286301878973,1.5090611951568973,261.62801454488465
63.56999999999592,0.01,125.0,1.122063159942627,13.551121435761239,474.06276886858944,1.0709288607258105,1.519754058175685,261.6431051568362
63.57999999999592,0.01,125.0,1.1241059303283691,13.562342067360662,474.198280082947,1.0725607512411794,1.530463346782941,261.658302697418
63.58999999999592,0.01,125.0,1.1261415481567383,13.573583126663944,474.3339035036206,1.0741819573189813,1.5411889542953505,261.67360733088583
63.599999999995916,0.01,125.0,1.1281685829162598,13.58484454214551,474.46963933488723,1.075792462958568,1.5519307738685382,261.6890192204288
63.609999999995914,0.01,125.0,1.13018798828125,13.59612622797467,474.60548778030864,1.0773922522648958,1.5626886984981216,261.70453852816746
63.61999999999591,0.01,125.0,1.1321988105773926,13.60742810785748,474.74144904258833,1.0789813094486917,1.5734626210207685,261.72016541515245
63.62999999999591,0.01,125.0,1.1342010498046875,13.618750095963252,474.8775233236669,1.0805596188266047,1.5842524341152533,261.73590004136264
63.63999999999591,0.01,125.0,1.1361966133117676,13.630092106461296,475.01371082462646,1.0821271648213548,1.5950580303035171,261.7517425657038
63.649999999995906,0.01,125.0,1.138183832168579,13.641454072594412,475.150011745691,1.0836839319618994,1.6058793019517286,261.7676931460068
63.659999999995904,0.01,125.0,1.1401629447937012,13.652835910916096,475.28642628641694,1.085229904883572,1.6167161412713453,261.78375193902633
63.6699999999959,0.01,125.0,1.14213228225708,13.66423754036403,475.4229546455261,1.0867650683282457,1.6275684403201789,261.79991910043907
63.6799999999959,0.01,125.0,1.144094467163086,13.6756588631866,475.5595970209297,1.0882894071444784,1.6384360910034592,261.81619478484225
63.6899999999959,0.01,125.0,1.1460480690002441,13.687099807858228,475.6963536095615,1.0898029062876584,1.649318985074902,261.8325791457523
63.699999999995896,0.01,125.0,1.147993564605713,13.698560288548228,475.8332246076401,1.091305550820162,1.6602170141377763,261.849072335603
63.709999999995894,0.01,125.0,1.1499309539794922,13.710040224194282,475.9702102105255,1.0927973259114951,1.6711300696459759,261.8656745057444
63.71999999999589,0.01,125.0,1.1518597602844238,13.721539533734076,476.10731061276744,1.0942782168384375,1.6820580429050886,261.8823858064408
63.72999999999589,0.01,125.0,1.1537814140319824,13.733058131336918,476.24452600810474,1.0957482089851964,1.693000825073471,261.8992063868699
63.73999999999589,0.01,125.0,1.155693531036377,13.744595945477236,476.3818565894181,1.0972072878435397,1.7039583071633206,261.9161363951206
63.749999999995886,0.01,125.0,1.1575984954833984,13.756152880787598,476.5193025488728,1.0986554390129495,1.714930380041754,261.9331759781922
63.759999999995884,0.01,125.0,1.1594932079315186,13.767728865742429,476.65686407768067,1.1000926482007605,1.7259169344318812,261.9503252819926
63.76999999999588,0.01,125.0,1.1613807678222656,13.77932379782174,476.7945413663381,1.1015189012222943,1.7369178609138867,261.9675844513369
63.77999999999588,0.01,125.0,1.1632604598999023,13.79093760549996,476.9323346043163,1.1029341840010116,1.7479330499261074,261.98495362994606
63.78999999999588,0.01,125.0,1.165130615234375,13.802570210098958,477.07024398037123,1.104338482568644,1.7589623917661155,262.00243296044533
63.799999999995876,0.01,125.0,1.1669931411743164,13.8142215162513,477.2082696824722,1.1057317830653286,1.7700057765917998,262.020022584363
63.809999999995874,0.01,125.0,1.168846607208252,13.82589144766304,477.34641189763465,1.107114071739755,1.7810630944224508,262.0377226421289
63.81999999999587,0.01,125.0,1.170691967010498,13.83757991373512,477.48467081211123,1.108485334949289,1.7921342351398462,262.05553327307314
63.82999999999587,0.01,125.0,1.1725292205810547,13.849286833405221,477.6230466112486,1.1098455591601177,1.8032190884893369,262.0734546154245
63.83999999999587,0.01,125.0,1.174356460571289,13.86101212561103,477.7615394795826,1.1111947309473793,1.8143175440809358,262.0914868063094
63.849999999995866,0.01,125.0,1.1761765480041504,13.87275569021674,477.9001496008387,1.1125328369952894,1.8254294913904074,262.1096299817502
63.859999999995864,0.01,125.0,1.1779870986938477,13.884517455696779,478.03887715774084,1.1138598640972832,1.836554819760358,262.1278842766641
63.86999999999586,0.01,125.0,1.1797904968261719,13.896297326683715,478.1777223322978,1.1151757991561404,1.8476934184013287,262.1462498248617
63.87999999999586,0.01,125.0,1.181584119796753,13.908095231651975,478.3166853055646,1.1164806291841103,1.858845176392888,262.1647267590457
63.88999999999586,0.01,125.0,1.1833701133728027,13.91991107284994,478.45576625788107,1.1177743413030503,1.8700099826847267,262.18331521080967
63.899999999995856,0.01,125.0,1.1851465702056885,13.931744773983667,478.59496536860956,1.119056922744541,1.881187726097755,262.2020153106365
63.909999999995854,0.01,125.0,1.186915397644043,13.943596239685721,478.7342828163494,1.120328360850023,1.8923782953251982,262.2208271878975
63.91999999999585,0.01,125.0,1.1886744499206543,13.955465393662159,478.8737187787462,1.1215886430709168,1.9035815789336963,262.23975097085076
63.92999999999585,0.01,125.0,1.1904253959655762,13.967352138161363,479.0132734326828,1.122837756968743,1.9147974653644033,262.2587867866401
63.93999999999585,0.01,125.0,1.1921677589416504,13.979256392121016,479.1529469540644,1.1240756902152544,1.9260258429340884,262.27793476129375
63.949999999995846,0.01,125.0,1.1939005851745605,13.99117806971043,479.2927395179856,1.1253024305925468,1.9372665998362386,262.29719501972306
63.959999999995844,0.01,125.0,1.195624828338623,14.003117075562175,479.4326512986827,1.1265179659931897,1.9485196241421618,262.3165676857214
63.96999999999584,0.01,125.0,1.1973414421081543,14.01507332384556,479.5726824694383,1.12772228442034,1.9597848038020915,262.3360528819628
63.97999999999584,0.01,125.0,1.1990489959716797,14.02704673826664,479.71283320267673,1.128915373987859,1.9710620266462926,262.35565073000083
63.98999999999584,0.01,125.0,1.2007477283477783,14.039037228226354,479.8531036700594,1.1300972229204358,1.9823511803861689,262.37536135026727
63.999999999995836,0.01,125.0,1.202437162399292,14.05104470550983,479.99349404234164,1.1312678195536991,1.993652152615371,262.3951848620711
64.00999999999584,0.01,125.0,1.204118013381958,14.063069077133829,480.13400448939683,1.132427152334332,2.0049648308109136,262.4151213835973
64.01999999999585,0.01,125.0,1.2057905197143555,14.075110257267655,480.2746351801682,1.1335752098201881,2.016289102334263,262.43517103190544
64.02999999999585,0.01,125.0,1.207453727722168,14.087168162464804,480.41538628274094,1.134711980680403,2.0276248544324704,262.4553339229288
64.03999999999586,0.01,125.0,1.2091081142425537,14.099242699742032,480.55625796436567,1.1358374536955074,2.0389719742392804,262.47561017147314
64.04999999999586,0.01,125.0,1.2107539176940918,14.111333780884463,480.6972503913632,1.1369516177575372,2.0503303487762414,262.49599989121555
64.05999999999587,0.01,125.0,1.212390422821045,14.12344132006141,480.8383637291721,1.138054461870143,2.0616998649538227,262.5165031947033
64.06999999999587,0.01,125.0,1.2140178680419922,14.135565224289627,480.97959814237277,1.1391459751486983,2.07308040957253,262.53712019335285
64.07999999999588,0.01,125.0,1.2156364917755127,14.147705402970052,481.12095379461573,1.140226146820408,2.084471869324023,262.5578509974486
64.08999999999588,0.01,125.0,1.2172472476959229,14.159861767887813,481.2624308486455,1.1412949662244134,2.0958741307922333,262.57869571614185
64.09999999999589,0.01,125.0,1.2188482284545898,14.172034240364779,481.40402946632446,1.1423524228118989,2.1072870804544834,262.5996544574498
64.10999999999589,0.01,125.0,1.2204394340515137,14.18422272264933,481.5457498087282,1.1433985061461949,2.118710604682608,262.62072732825436
64.1199999999959,0.01,125.0,1.2220227718353271,14.196427116989852,481.68759203595476,1.1444332059028808,2.130144589744076,262.6419144343012
64.1299999999959,0.01,125.0,1.2235970497131348,14.208647344708211,481.82955630712473,1.145456511869888,2.1415889218031103,262.66321588019866
64.13999999999591,0.01,125.0,1.2251615524291992,14.220883315205349,481.97164278057187,1.1464684139475996,2.153043486921815,262.6846317694167
64.14999999999591,0.01,125.0,1.2267181873321533,14.233134930729648,482.113851613724,1.1474689021489508,2.164508171061297,262.70616220428593
64.15999999999592,0.01,125.0,1.2282652854919434,14.245402112602976,482.2561829630314,1.1484579665995271,2.175982860082792,262.72780728599656
64.16999999999592,0.01,125.0,1.2298030853271484,14.257684765457903,482.3986369841575,1.1494355975376611,2.187467439748793,262.7495671145974
64.17999999999593,0.01,125.0,1.2313318252563477,14.269982796311181,482.5412138318122,1.1504017853145307,2.1989617957241756,262.77144178899493
64.18999999999593,0.01,125.0,1.2328522205352783,14.282296114563751,482.6839136597754,1.1513565203942524,2.210465813577327,262.7934314069522
64.19999999999594,0.01,125.0,1.2343614101409912,14.294624636769111,482.8267366209211,1.1522997933539763,2.2219793787812754,262.815536065088
64.20999999999594,0.01,125.0,1.2358627319335938,14.306968250870527,482.9696828672889,1.1532315948839793,2.233502376714821,262.8377558588758
64.21999999999595,0.01,125.0,1.237356185913086,14.31932687818987,483.1127525497977,1.1541519157877562,2.245034692663667,262.86009088264296
64.22999999999595,0.01,125.0,1.2388381958007812,14.331700440049007,483.2559458185797,1.1550607469821115,2.2565762118215504,262.8825412295696
64.23999999999596,0.01,125.0,1.2403128147125244,14.34408882200702,483.39926282298023,1.1559580794972482,2.2681268192913775,262.90510699168783
64.24999999999596,0.01,125.0,1.2417783737182617,14.356491950154151,483.5427037112004,1.1568439044768566,2.279686400086356,262.92778825988074
64.25999999999597,0.01,125.0,1.2432341575622559,14.36890973389134,483.686268630702,1.1577182131782016,2.2912548391311303,262.95058512388164
64.26999999999597,0.01,125.0,1.244680404663086,14.381342075466968,483.829957728041,1.1585809969722094,2.302832021262918,262.97349767227297
64.27999999999598,0.01,125.0,1.246117115020752,14.393788879513606,483.9737711487957,1.1594322473435523,2.314417831232646,262.9965259924856
64.28999999999598,0.01,125.0,1.247544765472412,14.40625005066382,484.11770903759094,1.1602719558907328,2.3260121537060874,263.01967017079795
64.29999999999599,0.01,125.0,1.2489643096923828,14.418725498318551,484.26177153809766,1.1611001143261668,2.3376148732650006,263.04293029233503
64.309999999996,0.01,125.0,1.250373363494873,14.431215141415482,484.4059587930809,1.1619167144762645,2.349225874408268,263.0663064410677
64.319999999996,0.01,125.0,1.2517738342285156,14.443718875050436,484.55027094449514,1.1627217482815122,2.360845041553037,263.0897986998118
64.329999999996,0.01,125.0,1.2531650066375732,14.456236613392727,484.69470813324574,1.1635152077965512,2.372472259035858,263.1134071502274
64.33999999999601,0.01,125.0,1.2545456886291504,14.46876826345911,484.8392704993797,1.1642970851902565,2.3841074111138294,263.13713187281775
64.34999999999602,0.01,125.0,1.2559187412261963,14.481313720345407,484.98395818201436,1.165067372745814,2.3957503819657378,263.1609729469289
64.35999999999602,0.01,125.0,1.2572815418243408,14.493872907757675,485.1287713192179,1.1658260628607964,2.4074010556932017,263.18493045074854
64.36999999999603,0.01,125.0,1.2586350440979004,14.506445723175926,485.2737100482955,1.1665731480472383,2.4190593163218157,263.2090044613055
64.37999999999603,0.01,125.0,1.259979248046875,14.519032073616911,485.4187745055274,1.167308620931711,2.430725047802294,263.2331950544687
64.38999999999604,0.01,125.0,1.2613134384155273,14.531631866097387,485.5639648262636,1.1680324742553936,2.442398134011617,263.25750230494674
64.39999999999604,0.01,125.0,1.2626395225524902,14.54424500048155,485.70928114492466,1.1687447008741463,2.4540784587541773,263.2819262862869
64.40999999999605,0.01,125.0,1.2639551162719727,14.55687139570708,485.85472359492957,1.16944529375858,2.465765905762925,263.3064670708744
64.41999999999605,0.01,125.0,1.2652616500854492,14.569510946869807,486.0002923088867,1.1701342459941255,2.4774603587005166,263.33112472993207
64.42999999999606,0.01,125.0,1.26655912399292,14.582163563370667,486.14598741835545,1.1708115507811026,2.4891617011604636,263.35589933351906
64.43999999999606,0.01,125.0,1.2678463459014893,14.594829154610602,486.29180905398925,1.1714772014347863,2.500869816668281,263.3807909505307
64.44999999999607,0.01,125.0,1.2691254615783691,14.607507618069624,486.43775734553543,1.1721311913854735,2.5125845886826346,263.4057996486974
64.45999999999607,0.01,125.0,1.2703938484191895,14.620198872685414,486.5838324217162,1.1727735141785474,2.524305900596495,263.43092549458424
64.46999999999608,0.01,125.0,1.271653652191162,14.632902811169613,486.7300344104431,1.1734041634745411,2.5360336357382867,263.4561685535902
64.47999999999608,0.01,125.0,1.2729034423828125,14.64561934769153,486.8763634385549,1.174023133049201,2.547767677373038,263.4815288899476
64.48999999999609,0.01,125.0,1.274144172668457,14.658348382115365,487.0228196320319,1.1746304167935473,2.559507908703536,263.5070065667213
64.49999999999609,0.01,125.0,1.2753748893737793,14.671089823842056,487.16940311585313,1.1752260087139346,2.5712542128714775,263.53260164580837
64.5099999999961,0.01,125.0,1.2765955924987793,14.6838435727358,487.3161140140916,1.1758099029321107,2.5830064729586226,263.55831418793707
64.5199999999961,0.01,125.0,1.2778077125549316,14.696609528660794,487.46295244981906,1.1763820936852758,2.59476457198795,263.58414425266665
64.52999999999611,0.01,125.0,1.27901029586792,14.70938760578635,487.60991854510576,1.176942575326138,2.6065283929248086,263.61009189838654
64.53999999999611,0.01,125.0,1.2802023887634277,14.722177708745036,487.7570124211637,1.1774913423229698,2.618297818678076,263.6361571823158
64.54999999999612,0.01,125.0,1.281385898590088,14.734979732632677,487.90423419825123,1.1780283892596626,2.6300727321013118,263.6623401605026
64.55999999999612,0.01,125.0,1.282559871673584,14.747793591618585,488.05158399557763,1.1785537108357798,2.6418530159939144,263.6886408878236
64.56999999999613,0.01,125.0,1.2837228775024414,14.760619190335328,488.1990619314939,1.1790673018666096,2.653638553102278,263.7150594179836
64.57999999999613,0.01,125.0,1.2848777770996094,14.773456419110358,488.3466681233973,1.1795691572832157,2.6654292261209505,263.7415958035146
64.58999999999614,0.01,125.0,1.286022424697876,14.786305196881361,488.4944026875885,1.180059272132488,2.677224917693789,263.76825009577584
64.59999999999614,0.01,125.0,1.2871575355529785,14.799165421128347,488.6422657395574,1.1805376415771909,2.6890255104151195,263.79502234495277
64.60999999999615,0.01,125.0,1.2882823944091797,14.812036996483883,488.79025739376874,1.1810042608960107,2.7008308868308974,263.8219126000569
64.61999999999615,0.01,125.0,1.2893977165222168,14.824919820427981,488.9383777637337,1.1814591254836035,2.7126409294398637,263.84892090892527
64.62999999999616,0.01,125.0,1.290503978729248,14.83781379759321,489.08662696193807,1.181902230850639,2.724455520694706,263.87604731821966
64.63999999999616,0.01,125.0,1.2916011810302734,14.850718837380509,489.2350050999141,1.1823335726238466,2.7362745430032183,263.9032918734266
64.64999999999617,0.01,125.0,1.2926878929138184,14.863634849190818,489.38351228828793,1.1827531465460568,2.748097878729463,263.93065461885664
64.65999999999617,0.01,125.0,1.2937648296356201,14.876561728119963,489.53214863677994,1.1831609484762446,2.7599254101949295,263.95813559764395
64.66999999999618,0.01,125.0,1.2948317527770996,14.889499376416326,489.68091425406124,1.1835569743895695,2.771757019679698,263.9857348517459
64.67999999999618,0.01,125.0,1.2958903312683105,14.902447693944104,489.8298092478255,1.1839412203774156,2.7835925894235998,264.0134524219427
64.68999999999619,0.01,125.0,1.2969379425048828,14.915406597256794,489.978833724765,1.18431368264743,2.79543200162738,264.04128834783694
64.6999999999962,0.01,125.0,1.2979755401611328,14.92837597668185,490.1279877907377,1.1846743575235608,2.80727513845386,264.06924266785325
64.7099999999962,0.01,125.0,1.2990036010742188,14.941355732083467,490.27727155050457,1.1850232414460922,2.8191218820291017,264.0973154192378
64.7199999999962,0.01,125.0,1.3000221252441406,14.954345768094216,490.42668510782545,1.1853603309716811,2.830972114443569,264.12550663805814
64.72999999999621,0.01,125.0,1.3010320663452148,14.967345989346663,490.5762285655065,1.1856856227733896,2.842825717753292,264.1538163592026
64.73999999999621,0.01,125.0,1.302030086517334,14.980356310010121,490.72590202540005,1.1859991136407193,2.854682573981032,264.18224461638016
64.74999999999622,0.01,125.0,1.3030200004577637,14.993376610875302,490.87570558850024,1.1863008004796414,2.866542565117445,264.21079144212
64.75999999999623,0.01,125.0,1.3039989471435547,15.006406810879886,491.02563935460904,1.1865906803126294,2.8784055731222478,264.2394568677712
64.76999999999623,0.01,125.0,1.304969310760498,15.019446800351329,491.1757034227179,1.1868687502786854,2.89027147992538,264.26824092350245
64.77999999999624,0.01,125.0,1.3059289455413818,15.03249649345894,491.3258978907215,1.187135007633372,2.9021401674281733,264.2971436383017
64.78999999999624,0.01,125.0,1.3068785667419434,15.04555578291436,491.47622285565615,1.187389449748836,2.914011517504513,264.326165039976
64.79999999999625,0.01,125.0,1.30781888961792,15.058624568581786,491.62667841348537,1.1876320741138369,2.9258854120020072,264.35530515515103
64.80999999999625,0.01,125.0,1.3087496757507324,15.071702757477972,491.77726465917124,1.1878628783337697,2.9377617327431516,264.38456400927106
64.81999999999626,0.01,125.0,1.3096683025360107,15.084790254235486,491.9279816867461,1.18808186013069,2.9496403615264954,264.4139416265985
64.82999999999626,0.01,125.0,1.310579538345337,15.097886937260853,492.0788295892885,1.1882890173433363,2.9615211801278085,264.44343803021377
64.83999999999627,0.01,125.0,1.3114807605743408,15.110992732644313,492.2298084586612,1.18848434792715,2.973404070301248,264.47305324201506
64.84999999999627,0.01,125.0,1.3123712539672852,15.124107540250062,492.3809183859877,1.1886678499542975,2.9852889137805256,264.5027872827181
64.85999999999628,0.01,125.0,1.3132519721984863,15.137231252789741,492.5321594613903,1.1888395216136878,2.9971755922800747,264.5326401718559
64.86999999999628,0.01,125.0,1.3141241073608398,15.150363772511733,492.6835317739183,1.1889993612109908,3.0090639874962175,264.56261192777873
64.87999999999629,0.01,125.0,1.3149843215942383,15.163505013585349,492.83503541164345,1.1891473671686543,3.0209539811083337,264.5927025676537
64.88999999999629,0.01,125.0,1.31583571434021,15.176654856801298,492.9866704617794,1.189283538025919,3.032845454780026,264.6229121074648
64.8999999999963,0.01,125.0,1.3166768550872803,15.189813213944706,493.1384370103475,1.189407872438834,3.0447382901602915,264.6532405620126
64.9099999999963,0.01,125.0,1.317507266998291,15.202979982495586,493.29033514248704,1.1895203691802683,3.056632368884686,264.68368794491425
64.9199999999963,0.01,125.0,1.318328857421875,15.216155055165576,493.44236494231205,1.1896210271399248,3.0685275725764947,264.7142542686031
64.92999999999631,0.01,125.0,1.3191404342651367,15.229338343739801,493.5945264928638,1.1897098453243502,3.0804237828479,264.7449395443289
64.93999999999632,0.01,125.0,1.319941520690918,15.24252974808246,493.7468198763013,1.1897868228569446,3.0923208813011493,264.77574378215735
64.94999999999632,0.01,125.0,1.3207335472106934,15.255729163289375,493.89924517378216,1.189851958977971,3.104218749529725,264.80666699097037
64.95999999999633,0.01,125.0,1.3215148448944092,15.268936498761489,494.0518024654151,1.189905253044562,3.1161172691195107,264.8377091784657
64.96999999999633,0.01,125.0,1.322286605834961,15.28215164721044,494.2044918304028,1.1899467045307266,3.1280163216499624,264.8688703511569
64.97999999999634,0.01,125.0,1.3230476379394531,15.295374513268797,494.35731334687495,1.1899763130273557,3.1399157886952755,264.9001505143734
64.98999999999634,0.01,125.0,1.3237981796264648,15.308604989648199,494.5102670920077,1.1899940782422254,3.151815551825555,264.9315496722604
64.99999999999635,0.01,125.0,1.324540615081787,15.32184297144447,494.6633531419043,1.19,3.1637154926079836,264.9630678277787
65.00999999999635,0.01,125.0,1.3252720832824707,15.335088377595294,494.8165715716188,1.189994078242234,3.1756154926079896,264.9947049827048
65.01999999999636,0.01,125.0,1.3259923458099365,15.348341098428126,494.96992245539485,1.189976313027373,3.187515433390418,265.02646113763086
65.02999999999636,0.01,125.0,1.326704502105713,15.361601021886232,495.1234058663792,1.1899467045307526,3.199415196520698,265.0583362919648
65.03999999999637,0.01,125.0,1.327406406402588,15.374868066907295,495.27702187659816,1.1899052530445964,3.2113146635660117,265.09033044393004
65.04999999999637,0.01,125.0,1.3280973434448242,15.388142130971328,495.4307705572673,1.189851958978014,3.223213716096464,265.1224435905657
65.05999999999638,0.01,125.0,1.3287780284881592,15.401423104405783,495.5846519785771,1.1897868228569963,3.23511223568625,265.15467572772667
65.06999999999638,0.01,125.0,1.329448938369751,15.414710884690672,495.7386662096212,1.1897098453244108,3.247010103914826,265.18702685008356
65.07999999999639,0.01,125.0,1.3301100730895996,15.428005374074376,495.8928133184682,1.189621027139994,3.2589072023680763,265.2194969511227
65.0899999999964,0.01,125.0,1.330761432647705,15.441306474805279,496.047093372209,1.1895203691803462,3.2708034126394825,265.25208602314643
65.0999999999964,0.01,125.0,1.33140230178833,15.454614089131763,496.2015064369572,1.1894078724389205,3.282698616331292,265.28479405727285
65.1099999999964,0.01,125.0,1.332033634185791,15.467928112149654,496.3560525778486,1.1892835380260143,3.2945926950556874,265.3176210434362
65.11999999999641,0.01,125.0,1.3326547145843506,15.481248448491518,496.51073185897013,1.189147367168758,3.3064855304359537,265.35056697038675
65.12999999999641,0.01,125.0,1.333263874053955,15.494574995637368,496.6655443434551,1.1889993612111032,3.3183770041076475,265.3836318256911
65.13999999999642,0.01,125.0,1.3338665962219238,15.507907634377915,496.82049009341154,1.188839521613809,3.3302669977197645,265.4168155957322
65.14999999999642,0.01,125.0,1.3344557285308838,15.521246300340142,496.9755691697554,1.1886678499544274,3.3421553929359087,265.4501182657094
65.15999999999643,0.01,125.0,1.335036039352417,15.534590857625457,497.13078163275884,1.1884843479272886,3.354042071435459,265.4835398196388
65.16999999999643,0.01,125.0,1.3356070518493652,15.547941218018988,497.2861275413352,1.1882890173434835,3.365926914914738,265.51708024035315
65.17999999999644,0.01,125.0,1.3361668586730957,15.561297288537489,497.4416069535155,1.1880818601308458,3.3778098050881793,265.5507395095023
65.18999999999645,0.01,125.0,1.336716651916504,15.574658957124226,497.59721992640095,1.187862878333934,3.3896906236894937,265.5845176075532
65.19999999999645,0.01,125.0,1.3372554779052734,15.588026123643399,497.7529665159723,1.1876320741140098,3.401569252472839,265.6184145137901
65.20999999999646,0.01,125.0,1.3377861976623535,15.60139867842246,497.9088467772088,1.1873894497490178,3.413445573213985,265.6524302063149
65.21999999999646,0.01,125.0,1.338305950164795,15.61477654039909,498.0648607639931,1.1871350076335623,3.425319467711481,265.68656466204703
65.22999999999647,0.01,125.0,1.3388144969940186,15.628159599900744,498.2210085293972,1.1868687502788846,3.437190817787823,265.7208178567242
65.23999999999647,0.01,125.0,1.3393146991729736,15.64154774487069,498.37729012539626,1.1865906803128368,3.449059505290618,265.75518976490207
65.24999999999648,0.01,125.0,1.3398032188415527,15.654940891862427,498.53370560284503,1.1863008004798576,3.4609254120937525,265.789680359955
65.25999999999648,0.01,125.0,1.3402814865112305,15.66833892405085,498.6902550117637,1.185999113640944,3.4727884200985573,265.82428961407595
65.26999999999649,0.01,125.0,1.340749979019165,15.681741738915969,498.8469384010043,1.1856856227736232,3.4846484112349727,265.85901749827696
65.27999999999649,0.01,125.0,1.3412094116210938,15.695149238706168,499.00375581839353,1.1853603309719232,3.496505267462715,265.89386398238935
65.2899999999965,0.01,125.0,1.3416571617126465,15.708561332822386,499.16070731078065,1.1850232414463429,3.5083588707724402,265.928829035064
65.2999999999965,0.01,125.0,1.3420958518981934,15.72197790443952,499.31779292410897,1.18467435752382,3.5202091031869096,265.9639126237717
65.3099999999965,0.01,125.0,1.3425228595733643,15.735398862958508,499.4750127031534,1.1843136826476979,3.532055846762154,265.99911471480357
65.31999999999651,0.01,125.0,1.3429412841796875,15.74882409155425,499.6323666917831,1.1839412203776922,3.5438989835886368,266.0344352732712
65.32999999999652,0.01,125.0,1.3433482646942139,15.762253504396053,499.7898549326987,1.1835569743898546,3.5557383957924196,266.06987426310707
65.33999999999652,0.01,125.0,1.3437466621398926,15.775686987043002,499.9474774677427,1.1831609484765384,3.567573965536324,266.105431647065
65.34999999999653,0.01,125.0,1.3441338539123535,15.789124453664408,500.10523433761324,1.1827531465463592,3.5794055750210956,266.1411073867204
65.35999999999653,0.01,125.0,1.3445100784301758,15.80256579220354,500.26312558214994,1.1823335726241577,3.5912331064865652,266.17690144247064
65.36999999999654,0.01,125.0,1.3448772430419922,15.816010892987848,500.42115124007205,1.1819022308509586,3.603056442212813,266.2128137735355
65.37999999999654,0.01,125.0,1.3452329635620117,15.829459665418275,500.579311349002,1.1814591254839315,3.6148754645213286,266.2488443379577
65.38999999999655,0.01,125.0,1.3455796241760254,15.842911995053901,500.7376059456563,1.1810042608963476,3.626690055776174,266.2849930926029
65.39999999999655,0.01,125.0,1.3459160327911377,15.856367791295668,500.8960350656069,1.1805376415775364,3.638500098385143,266.3212599931607
65.40999999999656,0.01,125.0,1.3462409973144531,15.869826951623587,501.05459874351993,1.180059272132842,3.6503054748009247,266.3576449941446
65.41999999999656,0.01,125.0,1.3465559482574463,15.883289361596738,501.21329701303625,1.1795691572835785,3.662106067522259,266.39414804889265
65.42999999999657,0.01,125.0,1.3468608856201172,15.896754921079319,501.3721299066523,1.1790673018669808,3.673901759095101,266.4307691095679
65.43999999999657,0.01,125.0,1.347156047821045,15.910223529935527,501.5310974558632,1.1785537108361595,3.6856924321137767,266.46750812715885
65.44999999999658,0.01,125.0,1.3474411964416504,15.923695090413744,501.6901996911626,1.178028389260051,3.6974779692221444,266.50436505148
65.45999999999658,0.01,125.0,1.3477163314819336,15.937169502378168,501.84943664206685,1.1774913423233666,3.709258253114751,266.54133983117225
65.46999999999659,0.01,125.0,1.3479814529418945,15.950646665692995,502.0088083370907,1.1769425753265434,3.7210331665379908,266.5784324137034
65.4799999999966,0.01,125.0,1.3482346534729004,15.96412648022242,502.16831480374776,1.1763820936856897,3.732802592291262,266.6156427453688
65.4899999999966,0.01,125.0,1.348477840423584,15.977608826757157,502.32795606855007,1.1758099029325333,3.7445664132281253,266.65297077129173
65.4999999999966,0.01,125.0,1.3487129211425781,15.9910936051614,502.48773215681774,1.1752260087143656,3.7563245122574567,266.690416435424
65.50999999999661,0.01,125.0,1.348935604095459,16.004580734372833,502.64764309286943,1.174630416793987,3.7680767723446063,266.72797968054664
65.51999999999661,0.01,125.0,1.3491473197937012,16.018070090413794,502.80768890021324,1.1740231330496493,3.7798230765125522,266.7656604482701
65.52999999999662,0.01,125.0,1.349350929260254,16.03156156361174,502.96786960111746,1.1734041634749979,3.7915633078430546,266.80345867903526
65.53999999999662,0.01,125.0,1.3495440483093262,16.045055072904347,503.12818521675365,1.1727735141790125,3.8032973494778104,266.8413743121137
65.54999999999663,0.01,125.0,1.3497252464294434,16.05855051338745,503.2886357674828,1.1721311913859471,3.8150250846196063,266.8794072856085
65.55999999999663,0.01,125.0,1.3498973846435547,16.07204776585175,503.44922127261674,1.1714772014352686,3.826746396533472,266.91755753645475
65.56999999999664,0.01,125.0,1.3500590324401855,16.08554673969819,503.6099417502753,1.1708115507815935,3.8384611685478305,266.9558250004201
65.57999999999664,0.01,125.0,1.3502097129821777,16.0990473300226,503.7707972176724,1.170134245994625,3.8501692840556525,266.9942096121056
65.58999999999665,0.01,125.0,1.3503518104553223,16.11254942715243,503.9317876909727,1.169445293759088,3.861870626515605,267.03271130494613
65.59999999999665,0.01,125.0,1.350482702255249,16.12605294525699,504.09291318524436,1.168744700874663,3.873565079453202,267.07133001121133
65.60999999999666,0.01,125.0,1.3506031036376953,16.13955777227955,504.254173714697,1.1680324742559185,3.8852525264619544,267.11006566200587
65.61999999999666,0.01,125.0,1.3507137298583984,16.153063803315934,504.4155692924199,1.1673086209322443,3.8969328512045194,267.1489181872705
65.62999999999667,0.01,125.0,1.3508129119873047,16.166570940614527,504.57709993045313,1.1665731480477803,3.908605937413848,267.18788751578256
65.63999999999668,0.01,125.0,1.350903034210205,16.180079069734408,504.73876563985937,1.1658260628613466,3.9202716688943315,267.2269735751567
65.64999999999668,0.01,125.0,1.3509821891784668,16.193588100076518,504.9005664305568,1.165067372746373,3.931929929522951,267.2661762918457
65.65999999999669,0.01,125.0,1.351050853729248,16.20709792196831,505.06250231155764,1.1642970851908239,3.9435806032504206,267.3054955911409
65.66999999999669,0.01,125.0,1.3511097431182861,16.220608430505607,505.2245732907774,1.163515207797127,3.9552235741023347,267.34493139717347
65.6799999999967,0.01,125.0,1.3511590957641602,16.234119527936798,505.38677937508254,1.1627217482820964,3.966858726180312,267.3844836329145
65.6899999999967,0.01,125.0,1.3511972427368164,16.247631118894446,505.549120570362,1.1619167144768572,3.978485943663139,267.4241522201763
65.6999999999967,0.01,125.0,1.3512253761291504,16.26114309132182,505.71159688155103,1.161100114326768,3.9901051108079133,267.463937079613
65.70999999999671,0.01,125.0,1.3512420654296875,16.27465534508312,505.8742083124643,1.1602719558913426,4.001716111951187,267.5038381307211
65.71999999999672,0.01,125.0,1.351250171661377,16.288167765737423,506.0369548659152,1.1594322473441705,4.013318831510106,267.5438552918406
65.72999999999672,0.01,125.0,1.3512470722198486,16.301680267454046,506.1998365435727,1.158580996972836,4.024913153983554,267.5839884801557
65.73999999999673,0.01,125.0,1.3512341976165771,16.31519273817625,506.36285334624733,1.1577182131788364,4.036498963953288,267.62423761169555
65.74999999999673,0.01,125.0,1.351210594177246,16.328705080152425,506.52600527362915,1.1568439044774999,4.048076146085082,267.6646026013351
65.75999999999674,0.01,125.0,1.351177453994751,16.342217186094203,506.68929232443077,1.1559580794978999,4.059644585129862,267.70508336279596
65.76999999999674,0.01,125.0,1.3511323928833008,16.355728960634156,506.8527144962918,1.1550607469827716,4.071204165924847,267.74567980864725
65.77999999999675,0.01,125.0,1.3510780334472656,16.369240284562995,507.01627178589825,1.1541519157884248,4.08275477339468,267.78639185030653
65.78999999999675,0.01,125.0,1.35101318359375,16.382751064897473,507.17996418874395,1.1532315948846563,4.0942962925525705,267.8272193980405
65.79999999999676,0.01,125.0,1.350938320159912,16.396261196733416,507.343791699393,1.1522997933546617,4.105828608501423,267.86816236096604
65.80999999999676,0.01,125.0,1.350853681564331,16.40977057993502,507.50775431136043,1.151356520394946,4.117351606434976,267.9092206470511
65.81999999999677,0.01,125.0,1.3507575988769531,16.42327911675067,507.67185201715984,1.1504017853152328,4.128865171638932,267.95039416311545
65.82999999999677,0.01,125.0,1.3506529331207275,16.436786692739446,507.8360848083274,1.1494355975383717,4.14036918949209,267.99168281483185
65.83999999999678,0.01,125.0,1.3505353927612305,16.45029322207066,508.0004526752549,1.148457966600246,4.15186354546748,268.0330865067268
65.84999999999678,0.01,125.0,1.3504095077514648,16.46379857599828,508.1649556074757,1.1474689021496782,4.163348125133488,268.0746051421815
65.85999999999679,0.01,125.0,1.3502733707427979,16.4773026710758,508.32959359323576,1.1464684139483352,4.17482281415499,268.1162386234329
65.86999999999679,0.01,125.0,1.3501262664794922,16.490805404783234,508.4943666199466,1.145456511870632,4.1862874982944795,268.15798685157444
65.8799999999968,0.01,125.0,1.3499691486358643,16.504306667448038,508.65927467399456,1.1444332059036328,4.197742063413192,268.1998497265574
65.8899999999968,0.01,125.0,1.349802017211914,16.517806358934404,508.82431774066913,1.1433985061469554,4.209186395472234,268.24182714719154
65.89999999999681,0.01,125.0,1.349623203277588,16.53130437910653,508.9894958042586,1.1423524228126678,4.22062038053371,268.2839190111463
65.90999999999681,0.01,125.0,1.3494348526000977,16.544800611139312,509.15480884804975,1.1412949662251908,4.232043904761842,268.3261252149516
65.91999999999682,0.01,125.0,1.3492372035980225,16.55829495966532,509.32025685416124,1.1402261468211934,4.2434568544241005,268.36844565399923
65.92999999999682,0.01,125.0,1.3490290641784668,16.57178733170131,509.485839803758,1.1391459751494921,4.254859115892319,268.4108802225435
65.93999999999683,0.01,125.0,1.3488106727600098,16.5852776223431,509.65155767707506,1.138054461870945,4.266250575643819,268.45342881370243
65.94999999999683,0.01,125.0,1.3485808372497559,16.598765729070706,509.8174104532986,1.1369516177583476,4.277631120262535,268.4960913194589
65.95999999999684,0.01,125.0,1.348341464996338,16.61225153744321,509.98339811058935,1.135837453696326,4.289000636440123,268.53886763066157
65.96999999999684,0.01,125.0,1.3480920791625977,16.625734952093183,510.1495206259639,1.1347119806812298,4.300359010977092,268.581757637026
65.97999999999685,0.01,125.0,1.347832441329956,16.639215872884815,510.3157779754849,1.133575209821023,4.311706130783911,268.62476122713576
65.98999999999685,0.01,125.0,1.3475618362426758,16.65269419729812,510.4821701342138,1.1324271523351754,4.323041882882127,268.6678782884436
65.99999999999686,0.01,125.0,1.3472814559936523,16.666169815660556,510.64869707618686,1.131267819554551,4.334366154405485,268.71110870727244
66.00999999999686,0.01,125.0,1.3469910621643066,16.6796426302205,510.81535877434357,1.1300972229212956,4.3456788326010365,268.75445236881654
66.01999999999687,0.01,125.0,1.3466901779174805,16.69311254084215,510.9821552006459,1.1289153739887259,4.356979804830255,268.79790915714256
66.02999999999687,0.01,125.0,1.3463788032531738,16.706579442621333,511.1490863260544,1.1277222844212136,4.368268958570148,268.8414789551909
66.03999999999688,0.01,125.0,1.3460578918457031,16.72004323065387,511.3161521204807,1.1265179659940714,4.379546181414366,268.88516164477664
66.04999999999688,0.01,125.0,1.3457260131835938,16.733503809572337,511.4833525527873,1.1253024305934354,4.390811361074312,268.9289571065908
66.05999999999689,0.01,125.0,1.345384120941162,16.74696106970418,511.65068759088314,1.1240756902161497,4.402064385380252,268.9728652202016
66.0699999999969,0.01,125.0,1.34503173828125,16.7604149109136,511.8181572015803,1.1228377569696466,4.41330514228242,269.0168858640554
66.0799999999969,0.01,125.0,1.3446695804595947,16.77386522829642,511.9857613506895,1.1215886430718272,4.4245335198521225,269.0610189154782
66.0899999999969,0.01,125.0,1.3442966938018799,16.787311924101022,512.1535000029726,1.1203283608509411,4.435749406282847,269.1052642506767
66.09999999999691,0.01,125.0,1.3439137935638428,16.80075489103905,512.3213731222137,1.1190569227454659,4.446952689891362,269.1496217447396
66.10999999999692,0.01,125.0,1.3435215950012207,16.814194028974693,512.4893806711242,1.1177743413039818,4.458143259118823,269.1940912716385
66.11999999999692,0.01,125.0,1.3431181907653809,16.82762924492471,512.657522611414,1.1164806291850498,4.469321002531869,269.2386727042297
66.12999999999693,0.01,125.0,1.3427042961120605,16.84106042683237,512.8257989038634,1.1151757991570863,4.480485808823725,269.28336591425506
66.13999999999693,0.01,125.0,1.342280626296997,16.854487469793497,512.9942095081318,1.1138598640982373,4.491637566815302,269.3281707723433
66.14999999999694,0.01,125.0,1.3418464660644531,16.867910276056474,513.1627543828298,1.11253283699625,4.50277616545629,269.37308714801145
66.15999999999694,0.01,125.0,1.341402530670166,16.881328740717127,513.3314334855904,1.1111947309483463,4.513901493826259,269.41811490966603
66.16999999999695,0.01,125.0,1.340949296951294,16.894742766023835,513.5002467729977,1.109845559161093,4.525013441135748,269.4632539246043
66.17999999999695,0.01,125.0,1.3404839038848877,16.908152258993354,513.669194200658,1.1084853349502706,4.536111896727364,269.5085040590157
66.18999999999696,0.01,125.0,1.340010166168213,16.92155709803221,513.838275723248,1.1071140717407428,4.547196750076873,269.553865177983
66.19999999999696,0.01,125.0,1.3395252227783203,16.934957199693898,514.0074912942284,1.1057317830663242,4.558267890794286,269.59933714548384
66.20999999999697,0.01,125.0,1.339029312133789,16.94835245192169,514.1768408662255,1.104338482569646,4.569325208624955,269.6449198243918
66.21999999999697,0.01,125.0,1.338524580001831,16.961742745043033,514.3463243907447,1.1029341840020215,4.580368593450657,269.6906130764781
66.22999999999698,0.01,125.0,1.3380091190338135,16.975127990843056,514.5159418181952,1.1015189012233104,4.591397935290683,269.7364167624126
66.23999999999698,0.01,125.0,1.3374836444854736,16.988508082033402,514.6856930981037,1.1000926482017828,4.602413124302921,269.7823307417655
66.24999999999699,0.01,125.0,1.3369476795196533,17.001882918478262,514.8555781789241,1.0986554390139798,4.613414050784945,269.82835487300855
66.25999999999699,0.01,125.0,1.3364033699035645,17.015252395273468,515.025597008109,1.0972072878445762,4.62440060517509,269.87448901351644
66.269999999997,0.01,125.0,1.335845947265625,17.02861642897251,515.1957495320618,1.095748208986239,4.635372678053542,269.9207330195682
66.279999999997,0.01,125.0,1.3352808952331543,17.04197488844517,515.3660356963516,1.0942782168394878,4.6463301601434095,269.9670867463488
66.28999999999701,0.01,125.0,1.3347034454345703,17.05532769739751,515.5364554452361,1.0927973259125516,4.65727294231181,270.0135500479503
66.29999999999701,0.01,125.0,1.3341174125671387,17.06867473185186,515.7070087222102,1.0913055508212242,4.6682009155709405,270.0601227773734
66.30999999999702,0.01,125.0,1.3335213661193848,17.08201590597754,515.8776954695288,1.089802906288727,4.6791139710791585,270.10680478652915
66.31999999999702,0.01,125.0,1.3329143524169922,17.09535111963874,516.0485156285887,1.0882894071455527,4.690012000142051,270.15359592624
66.32999999999703,0.01,125.0,1.3322982788085938,17.108680263162917,516.2194691397851,1.0867650683293275,4.700894894213512,270.2004960462414
66.33999999999703,0.01,125.0,1.3316707611083984,17.12200324595101,516.3905559424169,1.0852299048846599,4.711762544896811,270.2475049951836
66.34999999999704,0.01,125.0,1.331033706665039,17.1353199535621,516.5617759748765,1.0836839319629932,4.722614843945663,270.2946226206326
66.35999999999704,0.01,125.0,1.3303861618041992,17.148630290628756,516.7331291744122,1.0821271648224562,4.733451683265298,270.3418487690721
66.36999999999705,0.01,125.0,1.3297300338745117,17.161934152246804,516.9046154773185,1.0805596188277118,4.744272954913528,270.3891832859048
66.37999999999705,0.01,125.0,1.3290634155273438,17.175231452585557,517.076234818841,1.0789813094498064,4.7550785511018105,270.43662601545395
66.38999999999706,0.01,125.0,1.3283843994140625,17.188522086740836,517.247987133367,1.0773922522660164,4.765868364196314,270.484176800965
66.39999999999706,0.01,125.0,1.3276984691619873,17.201805930734984,517.4198723542345,1.0757924629596942,4.77664228671898,270.531835484607
66.40999999999707,0.01,125.0,1.3270001411437988,17.21508291542661,517.5918904135419,1.074181957320115,4.787400211348582,270.57960190747417
66.41999999999707,0.01,125.0,1.3262929916381836,17.228352916838055,517.7640412426963,1.0725607512423188,4.798142030921789,270.6274759095877
66.42999999999708,0.01,125.0,1.3255748748779297,17.241615846754446,517.9363247718647,1.0709288607269556,4.808867638434218,270.675457329897
66.43999999999708,0.01,125.0,1.32484769821167,17.254871595503232,518.1087409303324,1.0692863018801253,4.819576927041493,270.7235460062813
66.44999999999709,0.01,125.0,1.3241100311279297,17.268120072485356,518.2812896462875,1.0676330909132212,4.830269790060299,270.77174177555173
66.4599999999971,0.01,125.0,1.3233623504638672,17.281361172796643,518.4539708470124,1.0659692441427677,4.840946120969437,270.82004447345236
66.4699999999971,0.01,125.0,1.3226051330566406,17.29459479630129,518.6267844587405,1.0642947779902607,4.85160581341087,270.86845393466206
66.4799999999971,0.01,125.0,1.3218367099761963,17.307820847631863,518.7997304067036,1.0626097089820055,4.862248761190778,270.91696999279617
66.48999999999711,0.01,125.0,1.321059226989746,17.32103921473163,518.97280861518,1.0609140537489528,4.872874858280603,270.9655924804081
66.49999999999712,0.01,125.0,1.3202729225158691,17.334249807001534,519.1460190073275,1.059207829026535,4.8834839988180985,271.0143212289909
66.50999999999712,0.01,125.0,1.319474220275879,17.3474525362267,519.3193615053976,1.057491051654501,4.89407607710837,271.06315606897914
66.51999999999713,0.01,125.0,1.3186662197113037,17.360647278429468,519.49283603076,1.055763738576751,4.90465098762492,271.11209682975027
66.52999999999713,0.01,125.0,1.3178491592407227,17.37383394062659,519.6664425035444,1.0540259068411677,4.915208625010693,271.16114333962656
66.53999999999714,0.01,125.0,1.3170208930969238,17.387012432219002,519.8401808429508,1.0522775735994483,4.92574888407911,271.2102954258767
66.54999999999714,0.01,125.0,1.3161840438842773,17.40018264114998,520.0140509672731,1.0505187561069362,4.93627165981511,271.2595529147175
66.55999999999715,0.01,125.0,1.3153367042541504,17.41334448158883,520.1880527936846,1.0487494717224501,4.946776847376184,271.3089156313157
66.56999999999715,0.01,125.0,1.3144798278808594,17.426497848631378,520.3621862385006,1.0469697379081127,4.957264342093414,271.3583833997895
66.57999999999716,0.01,125.0,1.3136119842529297,17.439642646910194,520.536451216987,1.045179572229178,4.967734039472501,271.40795604321045
66.58999999999716,0.01,125.0,1.312734603881836,17.45277876675273,520.7108476434562,1.0433789923538586,4.978185835194798,271.4576333836052
66.59999999999717,0.01,125.0,1.3118476867675781,17.465906112791554,520.8853754311239,1.0415680160531509,4.988619625118342,271.5074152419572
66.60999999999717,0.01,125.0,1.3109502792358398,17.479024589659236,521.0600344922518,1.0397466612006598,4.999035305278879,271.5573014382084
66.61999999999718,0.01,125.0,1.3100433349609375,17.4921340924516,521.2348247381485,1.0379149457724226,5.009432771890891,271.6072917912612
66.62999999999718,0.01,125.0,1.309126377105713,17.505234525801217,521.4097460790731,1.0360728878467311,5.01981192134862,271.6573861189801
66.63999999999719,0.01,125.0,1.308199405670166,17.51832578957228,521.5847984243312,1.0342205056039533,5.030172650227093,271.70758423819365
66.64999999999719,0.01,125.0,1.3072624206542969,17.53140778362899,521.759981682227,1.032357817326354,5.040514855283138,271.75788596469596
66.6599999999972,0.01,125.0,1.3063154220581055,17.54448040783554,521.9352957600634,1.0304848413979144,5.0508384334564065,271.8082911132488
66.6699999999972,0.01,125.0,1.3053593635559082,17.55754356205613,522.1107405641418,1.028601596304151,5.0611432818703905,271.8587994975834
66.67999999999721,0.01,125.0,1.304394245147705,17.570597155691694,522.2863159997625,1.0267081006319327,5.071429297833437,271.90941093040215
66.68999999999721,0.01,125.0,1.3034181594848633,17.58364109814318,522.4620219713195,1.0248043730692968,5.081696378839762,271.9601252233805
66.69999999999722,0.01,125.0,1.3024311065673828,17.596675279738033,522.637858382301,1.0228904324052663,5.09194442257046,272.0109421871689
66.70999999999722,0.01,125.0,1.3014357089996338,17.609699590803714,522.8138251350985,1.0209662975296627,5.102173326894518,272.0618616313946
66.71999999999723,0.01,125.0,1.3004300594329834,17.62271394789372,522.9899221310066,1.0190319874329203,5.11238298986982,272.11288336466356
66.72999999999723,0.01,125.0,1.2994155883789062,17.635718248488054,523.1661492704856,1.0170875212058992,5.122573309744155,272.16400719456226
66.73999999999724,0.01,125.0,1.2983906269073486,17.64871240437185,523.3425064529705,1.0151329180396955,5.132744184956219,272.2152329276597
66.74999999999724,0.01,125.0,1.2973556518554688,17.66169631064093,523.5189935770143,1.0131681972254538,5.1428955141366215,272.2665603695093
66.75999999999725,0.01,125.0,1.296311378479004,17.67466986715949,523.6956105401208,1.011193378154175,5.153027196108881,272.3179893246507
66.76999999999725,0.01,125.0,1.2952566146850586,17.687632980944286,523.8723572387925,1.0092084803165267,5.1631391298904274,272.3695195966118
66.77999999999726,0.01,125.0,1.2941913604736328,17.700585547091144,524.049233568602,1.0072135233026482,5.1732312146935975,272.4211509879107
66.78999999999726,0.01,125.0,1.2931170463562012,17.713527460695886,524.2262394240729,1.0052085268019608,5.1833033499266294,272.4728833000577
66.79999999999727,0.01,125.0,1.2920341491699219,17.726458631159456,524.40337469868,1.00319351060297,5.193355435194654,272.52471633355697
66.80999999999727,0.01,125.0,1.2909412384033203,17.739378972651163,524.5806392849917,1.0011684945930723,5.203387370300689,272.57664988790896
66.81999999999728,0.01,125.0,1.2898378372192383,17.752288385035204,524.7580330747182,0.9991334987583582,5.213399055246625,272.62868376161197
66.82999999999728,0.01,125.0,1.2887258529663086,17.765186763407403,524.9355559585687,0.9970885431834149,5.223390390234214,272.68081775216444
66.83999999999729,0.01,125.0,1.2876029014587402,17.778074021937073,525.1132078262028,0.9950336480511286,5.233361275666053,272.73305165606683
66.8499999999973,0.01,125.0,1.286470890045166,17.79095005095167,525.2909885664222,0.9929688336424847,5.243311612146569,272.7853852688235
66.8599999999973,0.01,125.0,1.2853293418884277,17.803814759852127,525.4688980669318,0.9908941203363675,5.253241300482999,272.837818384945
66.8699999999973,0.01,125.0,1.2841782569885254,17.81666805327102,525.6469362145305,0.9888095286093597,5.263150241686368,272.8903507979499
66.87999999999731,0.01,125.0,1.2830166816711426,17.829509835840913,525.8251028950633,0.9867150790355403,5.2730383369724665,272.9429823003668
66.88999999999731,0.01,125.0,1.281846523284912,17.842340002657632,526.0033979934218,0.9846107922862811,5.282905487762827,272.99571268373654
66.89999999999732,0.01,125.0,1.2806658744812012,17.855158467890487,526.1818213934484,0.9824966891300425,5.2927515956856945,273.0485417386142
66.90999999999732,0.01,125.0,1.2794761657714844,17.867965126635305,526.3603729781274,0.9803727904321694,5.302576562577,273.10146925457104
66.91999999999733,0.01,125.0,1.278275966644287,17.880759888293028,526.5390526293938,0.9782391171546843,5.312380290481327,273.15449502019686
66.92999999999734,0.01,125.0,1.2770662307739258,17.893542647959478,526.7178602282769,0.9760956903560812,5.322162681652879,273.2076188231017
66.93999999999734,0.01,125.0,1.2758479118347168,17.906313310267223,526.8967956547566,0.9739425311911173,5.331923638556445,273.26084044991825
66.94999999999735,0.01,125.0,1.274620532989502,17.919071789385576,527.0758587878594,0.971779660910604,5.341663063868361,273.31415968630387
66.95999999999735,0.01,125.0,1.2733826637268066,17.931817994715477,527.2550495057533,0.9696071008611981,5.351380860477472,273.3675763169426
66.96999999999736,0.01,125.0,1.2721362113952637,17.94455182135275,527.4343676857005,0.96742487248519,5.361076931486089,273.4210901255474
66.97999999999736,0.01,125.0,1.2708778381347656,17.957273183466707,527.6138132039141,0.965232997320293,5.370751180210946,273.4747008948623
66.98999999999737,0.01,125.0,1.2696123123168945,17.969981961848063,527.7933859357489,0.9630314969994298,5.380403510184154,273.5284084066644
66.99999999999737,0.01,125.0,1.2683367729187012,17.982678084971237,527.9730857553675,0.96082039325052,5.390033825154153,273.5822124417663
67.00999999999738,0.01,125.0,1.2670516967773438,17.99536145270043,528.1529125362173,0.9585997078962649,5.399642029086663,273.63611278001787
67.01999999999738,0.01,125.0,1.265756607055664,18.00803196966821,528.3328661507444,0.9563694628539323,5.40922802616563,273.69010920030877
67.02999999999739,0.01,125.0,1.2644519805908203,18.02068953573877,528.5129464704412,0.9541296801351404,5.418791720794174,273.74420148057044
67.03999999999739,0.01,125.0,1.263139247894287,18.033334055544685,528.6931533657987,0.9518803818456405,5.428333017595531,273.7983893977784
67.0499999999974,0.01,125.0,1.2618160247802734,18.045965448023633,528.8734867063542,0.9496215901850986,5.437851821413992,273.85267272795437
67.0599999999974,0.01,125.0,1.2604827880859375,18.05858360827144,529.0539463608345,0.9473533274468765,5.447348037315848,273.9070512461685
67.0699999999974,0.01,125.0,1.259140968322754,18.07118843615231,529.2345321969174,0.9450756160178116,5.456821570590321,273.9615247265417
67.07999999999741,0.01,125.0,1.2577900886535645,18.083779845835544,529.415244081279,0.9427884783779963,5.466272326750504,274.01609294224767
67.08999999999742,0.01,125.0,1.2564291954040527,18.096357746722084,529.5960818797374,0.9404919371005556,5.4757002115342885,274.0707556655152
67.09999999999742,0.01,125.0,1.2550601959228516,18.10892203867613,529.7770454572047,0.9381860148514249,5.485105130905299,274.1255126676306
67.10999999999743,0.01,125.0,1.2536797523498535,18.121472640635364,529.9581346775916,0.9358707343891257,5.494486991053818,274.18036371893965
67.11999999999743,0.01,125.0,1.2522902488708496,18.13400943815887,530.139349403998,0.9335461185645416,5.503845698397714,274.2353085888502
67.12999999999744,0.01,125.0,1.2508931159973145,18.146532340647585,530.3206894983797,0.9312121903206921,5.513181159583364,274.2903470458342
67.13999999999744,0.01,125.0,1.249485969543457,18.159041271807563,530.5021548217862,0.928868972692507,5.522493281486575,274.34547885743007
67.14999999999745,0.01,125.0,1.2480697631835938,18.171536131503004,530.6837452345044,0.9265164888065982,5.531781971213505,274.40070379024496
67.15999999999745,0.01,125.0,1.24664306640625,18.184016829134848,530.8654605958195,0.9241547618810317,5.541047136101575,274.45602160995713
67.16999999999746,0.01,125.0,1.2452077865600586,18.196483259798917,531.0473007641109,0.9217838152250991,5.550288683720391,274.51143208131816
67.17999999999746,0.01,125.0,1.2437644004821777,18.208935337664524,531.229265596709,0.9194036722390866,5.559506521872646,274.5669349681554
67.18999999999747,0.01,125.0,1.2423100471496582,18.22137298166935,531.4113549500856,0.9170143564140444,5.568700558595042,274.6225300333742
67.19999999999747,0.01,125.0,1.240847110748291,18.233796082140852,531.5935686799024,0.9146158913315552,5.577870702159187,274.67821703896016
67.20999999999748,0.01,125.0,1.2393755912780762,18.24620455324834,531.775906640724,0.9122083006635012,5.587016861072507,274.73399574598176
67.21999999999748,0.01,125.0,1.237894058227539,18.258598309161126,531.9583686862566,0.9097916081718302,5.596138944079146,274.7898659145925
67.22999999999749,0.01,125.0,1.2364020347595215,18.270977249743407,532.1409546693483,0.9073658377083214,5.605236860160869,274.8458273040333
67.2399999999975,0.01,125.0,1.2349028587341309,18.283341270091007,532.3236644418458,0.90493101321435,5.614310518537957,274.90187967263495
67.2499999999975,0.01,125.0,1.2333950996398926,18.295690298678355,532.5064978545469,0.9024871587206507,5.623359828670106,274.95802277782036
67.2599999999975,0.01,125.0,1.231874942779541,18.308024249674762,532.6894547575338,0.9000342983470808,5.632384700257317,275.0142563761071
67.26999999999751,0.01,125.0,1.230349063873291,18.320342999102564,532.8725350000307,0.8975724563023819,5.641385043240793,275.0705802231097
67.27999999999751,0.01,125.0,1.2288131713867188,18.332646489741304,533.0557384300217,0.8951016568839412,5.6503607678038215,275.1269940735421
67.28999999999752,0.01,125.0,1.2272663116455078,18.344934621455177,533.2390648949192,0.8926219244775513,5.659311784372665,275.18349768122016
67.29999999999752,0.01,125.0,1.2257132530212402,18.35720728457164,533.4225142411339,0.8901332835571699,5.668238003617446,275.2400907990639
67.30999999999753,0.01,125.0,1.224149227142334,18.36946441710186,533.6060863139796,0.8876357586846785,5.677139336453021,275.2967731791001
67.31999999999753,0.01,125.0,1.2225770950317383,18.381705909373288,533.7897809581508,0.8851293745096389,5.686015694039873,275.35354457246467
67.32999999999754,0.01,125.0,1.2209954261779785,18.39393168032361,533.9735980172446,0.8826141557690513,5.694866987784974,275.4104047294051
67.33999999999754,0.01,125.0,1.2194042205810547,18.406141634585396,534.1575373340479,0.8800901272871092,5.703693129342669,275.467353399283
67.34999999999755,0.01,125.0,1.2178044319152832,18.418335676791212,534.3415987503938,0.8775573139749547,5.712494030615545,275.52439033057647
67.35999999999756,0.01,125.0,1.216196060180664,18.430513721110373,534.5257821071618,0.8750157408304325,5.7212696037552995,275.5815152708827
67.36999999999756,0.01,125.0,1.214578628540039,18.442675681712185,534.7100872443731,0.8724654329378437,5.730019761163608,275.63872796692027
67.37999999999757,0.01,125.0,1.21295166015625,18.45482146799759,534.8945140011903,0.8699064154676976,5.738744415492991,275.6960281645319
67.38999999999757,0.01,125.0,1.2113170623779297,18.46695098459916,535.0790622158703,0.8673387136764633,5.747443479647672,275.7534156086869
67.39999999999758,0.01,125.0,1.209672451019287,18.479064155222943,535.2637317257164,0.8647623529063211,5.756116866784441,275.8108900434834
67.40999999999758,0.01,125.0,1.2080183029174805,18.491160879733144,535.4485223672688,0.8621773585849114,5.7647644903135085,275.8684512121513
67.41999999999759,0.01,125.0,1.2063570022583008,18.503241062762324,535.6334339760662,0.8595837562250849,5.773386263899362,275.92609885705446
67.42999999999759,0.01,125.0,1.2046852111816406,18.515304632784915,535.8184663866939,0.8569815714246494,5.781982101461618,275.98383271969345
67.4399999999976,0.01,125.0,1.2030057907104492,18.527351484896737,536.0036194330219,0.8543708298661186,5.790551917175869,276.04165254070807
67.4499999999976,0.01,125.0,1.2013177871704102,18.53938154280385,536.188892947871,0.8517515573164577,5.799095625474535,276.0995580598799
67.4599999999976,0.01,125.0,1.1996192932128906,18.55139472067556,536.3742867632991,0.8491237796268292,5.807613141047704,276.1575490161347
67.46999999999761,0.01,125.0,1.197913646697998,18.563390913607694,536.5598007105059,0.8464875227323381,5.816104378843977,276.2156251475452
67.47999999999762,0.01,125.0,1.1961989402770996,18.57537005007468,536.7454346196421,0.8438428126517756,5.824569254071305,276.27378619133367
67.48999999999762,0.01,125.0,1.1944732666015625,18.58733203947746,536.931188320143,0.8411896754873626,5.8330076821978265,276.33203188387444
67.49999999999763,0.01,125.0,1.1927413940429688,18.59927677214348,537.1170616405378,0.8385281374244915,5.841419578952705,276.39036196069645
67.50999999999763,0.01,125.0,1.1909995079040527,18.611204186083917,537.3030544082594,0.8358582247314689,5.8498048603269535,276.448776156486
67.51999999999764,0.01,125.0,1.189249038696289,18.623114181162965,537.4891664501204,0.8331799637592547,5.858163442574273,276.50727420508935
67.52999999999764,0.01,125.0,1.187490463256836,18.635006671549935,537.6753975919321,0.830493380941204,5.86649524221187,276.5658558395151
67.53999999999765,0.01,125.0,1.1857237815856934,18.64688157618251,537.8617476586477,0.8277985027928042,5.874800176021286,276.62452079193724
67.54999999999765,0.01,125.0,1.1839466094970703,18.658738813998372,538.0482164744096,0.8250953559114148,5.883078161049219,276.6832687936975
67.55999999999766,0.01,125.0,1.1821613311767578,18.67057828009335,538.2348038625497,0.822383966976004,5.891329114608337,276.74209957530803
67.56999999999766,0.01,125.0,1.180368423461914,18.682399893405123,538.4215096453507,0.8196643627468864,5.899552954278101,276.80101286645413
67.57999999999767,0.01,125.0,1.1785674095153809,18.694203577639747,538.6083336442849,0.8169365700654574,5.907749597905574,276.86000839599694
67.58999999999767,0.01,125.0,1.176755428314209,18.705989251734906,538.7952756800614,0.8142006158539297,5.915918963606233,276.919085891976
67.59999999999768,0.01,125.0,1.1749358177185059,18.717756806018052,538.9823355725789,0.8114565271150668,5.924060969764776,276.9782450816121
67.60999999999768,0.01,125.0,1.1731081008911133,18.729506164195243,539.1695131406392,0.8087043309319164,5.932175535035931,277.03748569130977
67.61999999999769,0.01,125.0,1.1712713241577148,18.74123724520416,539.3568082022813,0.8059440544675442,5.940262578345254,277.09680744666014
67.6299999999977,0.01,125.0,1.1694259643554688,18.752949958445743,539.5442205747335,0.8031757249647644,5.948322018889933,277.1562100724436
67.6399999999977,0.01,125.0,1.1675729751586914,18.764644218089305,539.731750074318,0.8003993697458714,5.956353776139585,277.2156932926326
67.6499999999977,0.01,125.0,1.1657114028930664,18.7763199478409,539.919396516499,0.7976150162123674,5.964357769837047,277.275256830394
67.65999999999771,0.01,125.0,1.1638412475585938,18.787977061869835,540.1071597159774,0.794822691844704,5.9723339199991745,277.33490040809244
67.66999999999771,0.01,125.0,1.161961555480957,18.799615474345426,540.2950394865962,0.7920224242019919,5.9802821469176255,277.3946237472925
67.67999999999772,0.01,125.0,1.1600737571716309,18.81123508990024,540.4830356413398,0.7892142409217426,5.988202371159649,277.4544265687617
67.68999999999772,0.01,125.0,1.1581792831420898,18.822835827471962,540.671147992239,0.7863981697195912,5.99609451356887,277.5143085924733
67.69999999999773,0.01,125.0,1.1562743186950684,18.83441762030339,540.8593763505138,0.7835742383890236,6.003958495266071,277.57426953760904
67.70999999999773,0.01,125.0,1.1543622016906738,18.845980363490348,541.047720526717,0.780742474801102,6.011794237649965,277.6343091225617
67.71999999999774,0.01,125.0,1.1524405479431152,18.85752398550726,541.236180330352,0.7779029069041898,6.01960166239798,277.6944270649382
67.72999999999774,0.01,125.0,1.1505112648010254,18.8690483909867,541.4247555702071,0.7750555627236757,6.027380691467026,277.7546230815622
67.73999999999775,0.01,125.0,1.1485724449157715,18.880553503634715,541.613446054117,0.7722004703616973,6.035131247094267,277.81489688847694
67.74999999999775,0.01,125.0,1.1466279029846191,18.892039228083878,541.8022515891535,0.7693376579968635,6.0428532517978875,277.8752482009479
67.75999999999776,0.01,125.0,1.1446738243103027,18.903505507113728,541.9911719814344,0.7664671538839766,6.05054662837786,277.9356767334659
67.76999999999776,0.01,125.0,1.1427106857299805,18.914952245356837,542.1802070365056,0.7635889863537532,6.058211299916703,277.99618219974974
67.77999999999777,0.01,125.0,1.1407408714294434,18.92637935221414,542.3693565589593,0.760703183812545,6.065847189780245,278.05676431274895
67.78999999999778,0.01,125.0,1.1387605667114258,18.937786760928443,542.5586203524816,0.7578097747420581,6.073454221618374,278.1174227846468
67.79999999999778,0.01,125.0,1.1367745399475098,18.949174366595564,542.7479982200911,0.754908787699072,6.081032319365798,278.178157326863
67.80999999999779,0.01,125.0,1.1347780227661133,18.960542111995046,542.9374899637571,0.7520002513151572,6.088581407242793,278.2389676500567
67.81999999999779,0.01,125.0,1.1327738761901855,18.971889892222713,543.1270953848772,0.749084194296394,6.096101409755948,278.2998534641291
67.8299999999978,0.01,125.0,1.1307640075683594,18.98321763098462,543.3168142837995,0.7461606454230877,6.103592251698916,278.3608144782267
67.8399999999978,0.01,125.0,1.1287431716918945,18.994525271060308,543.5066464601094,0.7432296335494856,6.11105385815315,278.4218504007437
67.8499999999978,0.01,125.0,1.1267147064208984,19.005812702777234,543.6965917128201,0.7402911876034913,6.118486154488649,278.48296093932527
67.85999999999781,0.01,125.0,1.1246790885925293,19.017079849841448,543.886649839848,0.7373453365863802,6.125889066364688,278.5441458008702
67.86999999999782,0.01,125.0,1.1226353645324707,19.02832664072738,544.0768206383465,0.7343921095725127,6.133262519730556,278.60540469153386
67.87999999999782,0.01,125.0,1.1205835342407227,19.03955299437271,544.2671039047539,0.7314315357090467,6.140606440826285,278.6667373167312
67.88999999999783,0.01,125.0,1.118523120880127,19.05075882971512,544.4574994346976,0.7284636442156515,6.147920756183379,278.7281433811395
67.89999999999783,0.01,125.0,1.1164546012878418,19.061944060923928,544.6480070229949,0.7254884643842175,6.15520539262554,278.7896225887014
67.90999999999784,0.01,125.0,1.1143770217895508,19.073108606936813,544.8386264636042,0.7225060255785688,6.1624602772693855,278.85117464262765
67.91999999999784,0.01,125.0,1.1122937202453613,19.084252377154716,545.0293575496737,0.7195163572341723,6.169685337525175,278.9127992454004
67.92999999999785,0.01,125.0,1.1102018356323242,19.095375314357174,545.2202000734453,0.7165194888578476,6.1768805010975205,278.97449609877566
67.93999999999785,0.01,125.0,1.1081013679504395,19.106477332713503,545.4111538265889,0.7135154500274755,6.184045695986103,279.0362649037867
67.94999999999786,0.01,125.0,1.1059927940368652,19.117558346393015,545.6022185999161,0.7105042703917068,6.191180850486381,279.09810536074656
67.95999999999786,0.01,125.0,1.1038784980773926,19.128618274333387,545.7933941833801,0.7074859796696685,6.1982858931903015,279.16001716925143
67.96999999999787,0.01,125.0,1.1017532348632812,19.139657059314167,545.9846803661235,0.7044606076506718,6.205360752987001,279.22200002818334
67.97999999999787,0.01,125.0,1.099621295928955,19.150674591662806,546.1760769367168,0.701428184193917,6.212405359063512,279.28405363571324
67.98999999999788,0.01,125.0,1.097482681274414,19.1616708046221,546.3675836826335,0.6983887392281992,6.219419640905454,279.3461776893039
67.99999999999788,0.01,125.0,1.0953364372253418,19.17264563143485,546.5592003906798,0.6953423027516135,6.22640352829774,279.408371885713
68.00999999999789,0.01,125.0,1.0931816101074219,19.18359899580711,546.7509268469943,0.6922889048312577,6.23335695132526,279.470635920996
68.01999999999789,0.01,125.0,1.091017723083496,19.19453081190819,546.9427628369524,0.6892285756029369,6.240279840373576,279.5329694905093
68.0299999999979,0.01,125.0,1.0888471603393555,19.20544098913903,547.1347081450716,0.6861613452708647,6.247172126129609,279.59537228891304
68.0399999999979,0.01,125.0,1.0866689682006836,19.21632946074243,547.3267625549631,0.6830872441073664,6.254033739582321,279.65784401017436
68.04999999999791,0.01,125.0,1.0844826698303223,19.22719615042444,547.5189258495707,0.6800063024525796,6.260864612023399,279.7203843475702
68.05999999999791,0.01,125.0,1.082289695739746,19.23804097712275,547.7111978110751,0.6769185507141543,6.267664675047928,279.78299299369047
68.06999999999792,0.01,125.0,1.080087661743164,19.248863874080154,547.9035782208464,0.6738240193669536,6.274433860555073,279.845669640441
68.07999999999792,0.01,125.0,1.0778794288635254,19.259664750697592,548.0960668595873,0.6707227389527526,6.281172100748746,279.90841397904654
68.08999999999793,0.01,125.0,1.0756621360778809,19.270443544986232,548.2886635070944,0.6676147400799372,6.287879328138277,279.97122570005405
68.09999999999793,0.01,125.0,1.0734386444091797,19.281200166347016,548.4813679425444,0.6645000534232012,6.294555475539079,280.03410449333546
68.10999999999794,0.01,125.0,1.071207046508789,19.291934552791112,548.6741799442079,0.6613787097232446,6.301200476073315,280.09705004809086
68.11999999999794,0.01,125.0,1.068967342376709,19.302646623256205,548.867099289736,0.6582507397864696,6.307814263170551,280.16006205285163
68.12999999999795,0.01,125.0,1.0667204856872559,19.313336296679978,549.0601257559687,0.6551161744846766,6.314396770568419,280.2231401954834
68.13999999999795,0.01,125.0,1.064466953277588,19.324003501536858,549.2532591189356,0.65197504475476,6.32094793231327,280.2862841631891
68.14999999999796,0.01,125.0,1.0622038841247559,19.334648171069638,549.4464991539511,0.6488273815984015,6.327467682760821,280.3494936425123
68.15999999999796,0.01,125.0,1.0599350929260254,19.34527020991089,549.6398456356619,0.645673216081766,6.333955956576808,280.41276831933993
68.16999999999797,0.01,125.0,1.0576591491699219,19.355869560840155,549.8332983377611,0.6425125793351938,6.340412688737629,280.47610787890574
68.17999999999797,0.01,125.0,1.0553741455078125,19.36644615233186,550.0268570333697,0.6393455025528935,6.346837814530985,280.53951200579314
68.18999999999798,0.01,125.0,1.0530834197998047,19.376999893786945,550.2205214948931,0.6361720169926344,6.353231269556517,280.6029803839385
68.19999999999798,0.01,125.0,1.050783634185791,19.38753072798495,550.4142914938311,0.6329921539754378,6.359592989726447,280.6665126966341
68.20999999999799,0.01,125.0,1.0484766960144043,19.39803856432681,550.6081668011111,0.6298059448852679,6.365922911266204,280.7301086265314
68.219999999998,0.01,125.0,1.046163558959961,19.40852333128696,550.8021471867545,0.6266134211687221,6.37222097071506,280.7937678556441
68.229999999998,0.01,125.0,1.0438432693481445,19.418984966876565,550.9962324200675,0.6234146143347206,6.378487104926751,280.85749006535127
68.239999999998,0.01,125.0,1.0415148735046387,19.42942339957005,551.1904222697364,0.6202095559541954,6.3847212510701015,280.92127493640055
68.24999999999801,0.01,125.0,1.0391793251037598,19.439838548305104,551.3847165037322,0.6169982776597788,6.390923346629647,280.9851221489113
68.25999999999802,0.01,125.0,1.036837100982666,19.450230341556146,551.5791148892154,0.6137808111454911,6.397093329406248,281.0490313823776
68.26999999999802,0.01,125.0,1.0344877243041992,19.46059871256598,551.773617192631,0.610557188166428,6.4032311375177065,281.11300231567174
68.27999999999803,0.01,125.0,1.0321311950683594,19.470943589809025,551.9682231797568,0.6073274405384467,6.409336709399374,281.17703462704696
68.28999999999803,0.01,125.0,1.0297660827636719,19.481264901759715,552.162932615655,0.6040916001378525,6.415409983804762,281.241127994141
68.29999999999804,0.01,125.0,1.027395248413086,19.491562562587358,552.3577452646726,0.6008496989010835,6.4214508998061435,281.3052820939791
68.30999999999804,0.01,125.0,1.0250167846679688,19.501836515071496,552.5526608902986,0.5976017688243966,6.427459396795157,281.36949660297716
68.31999999999805,0.01,125.0,1.0226316452026367,19.51208668291818,552.7476792554494,0.5943478419635502,6.433435414483404,281.43377119694514
68.32999999999805,0.01,125.0,1.0202383995056152,19.52231299937021,552.9428001222786,0.5910879504334885,6.439378892903043,281.49810555109
68.33999999999806,0.01,125.0,1.017838954925537,19.532515383365272,553.1380232522724,0.5878221264080251,6.4452897724073805,281.5624993400191
68.34999999999806,0.01,125.0,1.015432357788086,19.542693772914532,553.3333484061062,0.5845504021195247,6.451167993671464,281.6269522377432
68.35999999999807,0.01,125.0,1.0130181312561035,19.55284809649242,553.5287753438355,0.581272809858585,6.457013497692662,281.6914639176799
68.36999999999807,0.01,125.0,1.0105981826782227,19.562978277804984,553.7243038248005,0.5779893819737185,6.462826225791251,281.7560340526569
68.37999999999808,0.01,125.0,1.0081701278686523,19.57308425963177,553.9199336075786,0.5747001508710329,6.468606119610992,281.82066231491484
68.38999999999808,0.01,125.0,1.005734920501709,19.583165960910463,554.115664450175,0.571405149013911,6.474353121119705,281.885348376111
68.39999999999809,0.01,125.0,1.0032939910888672,19.593223310115487,554.3114961097842,0.5681044089226913,6.480067172609847,281.9500919073222
68.40999999999809,0.01,125.0,1.0008463859558105,19.60325625002638,554.5074283428855,0.5647979631743456,6.485748216699077,282.0148925790483
68.4199999999981,0.01,125.0,0.9983906745910645,19.613264713885943,554.7034609053859,0.5614858444021588,6.4913961963308235,282.07975006121535
68.4299999999981,0.01,125.0,0.9959282875061035,19.62324862063186,554.8995935525248,0.5581680852954058,6.497011054774848,282.1446640231787
68.43999999999811,0.01,125.0,0.9934597015380859,19.633207903506925,555.0958260387313,0.5548447185990297,6.502592735627805,282.20963413372647
68.44999999999811,0.01,125.0,0.9909839630126953,19.643142500522313,555.2921581177665,0.551515777113318,6.508141182813798,282.2746600610828
68.45999999999812,0.01,125.0,0.9885015487670898,19.653052340152446,555.4885895427718,0.5481812936935794,6.513656340584934,282.33974147291093
68.46999999999812,0.01,125.0,0.9860129356384277,19.66293735564012,555.6851200661735,0.5448413012498189,6.519138153521872,282.4048780363168
68.47999999999813,0.01,125.0,0.9835171699523926,19.67279748499651,555.8817494397299,0.5414958327464134,6.524586566534373,282.4700694178521
68.48999999999813,0.01,125.0,0.9810142517089844,19.68263265669604,556.07847741458,0.5381449212017868,6.530001524861841,282.53531528351743
68.49999999999814,0.01,125.0,0.9785051345825195,19.692442799213133,556.275303741147,0.5347885996880828,6.535382974073861,282.60061529876606
68.50999999999814,0.01,125.0,0.9759902954101562,19.702227850558963,556.4722281691393,0.53142690133084,6.540730860070744,282.66596912850684
68.51999999999815,0.01,125.0,0.9734663963317871,19.711987753513068,556.6692504476449,0.5280598593086641,6.546045129084056,282.7313764371076
68.52999999999815,0.01,125.0,0.9709382057189941,19.72172241747639,556.8663703251801,0.5246875068529001,6.5513257276771455,282.79683688839845
68.53999999999816,0.01,125.0,0.9684028625488281,19.731431799533585,557.063587549355,0.5213098772473057,6.556572602745677,282.86235014567524
68.54999999999816,0.01,125.0,0.9658594131469727,19.741115828159078,557.2609018673504,0.5179270038277213,6.561785701518153,282.92791587170274
68.55999999999817,0.01,125.0,0.9633121490478516,19.750774422290554,557.4583130256322,0.5145389199817418,6.566964971556433,282.993533728718
68.56999999999817,0.01,125.0,0.960756778717041,19.76040754378104,557.6558207698552,0.511145659148387,6.572110360756253,283.05920337843355
68.57999999999818,0.01,125.0,0.9581947326660156,19.770015111568213,557.853424845293,0.5077472548177716,6.5772218173477395,283.12492448204114
68.58999999999818,0.01,125.0,0.95562744140625,19.77959705889488,558.0511249964088,0.504343740530774,6.58229928989592,283.19069670021463
68.59999999999819,0.01,125.0,0.9530534744262695,19.789153333308946,558.2489209669978,0.5009351498787064,6.5873427273012295,283.2565196931136
68.6099999999982,0.01,125.0,0.950472354888916,19.798683868053214,558.446812500331,0.4975215165029824,6.592352078800019,283.32239312038666
68.6199999999982,0.01,125.0,0.9478845596313477,19.808188591602107,558.6447993390117,0.49410287409478515,6.597327293965051,283.3883166411747
68.6299999999982,0.01,125.0,0.9452905654907227,19.817667437198427,558.8428812249279,0.4906792563947352,6.602268322706002,283.4542899141144
68.63999999999821,0.01,125.0,0.9426908493041992,19.827120342853338,559.0410578993,0.4872506971925569,6.607175115269952,283.5203125973415
68.64999999999822,0.01,125.0,0.9400863647460938,19.836547251346385,559.2393291027286,0.4838172303267456,6.61204762224188,283.5863843484942
68.65999999999822,0.01,125.0,0.9374732971191406,19.84594811499385,559.4376945752422,0.48037888968423315,6.61688579454515,283.6525048247167
68.66999999999823,0.01,125.0,0.9348545074462891,19.855322847965045,559.6361540563922,0.47693570920005335,6.621689583441994,283.7186736826622
68.67999999999823,0.01,125.0,0.9322285652160645,19.86467139303951,559.834707284872,0.47348772285700763,6.626458940533997,283.78489057849663
68.68999999999824,0.01,125.0,0.929598331451416,19.873993678691676,560.0333539988026,0.4700349646853293,6.631193817762569,283.851155167902
68.69999999999824,0.01,125.0,0.9269614219665527,19.883289662006195,560.2320939355895,0.4665774687623474,6.635894167409425,283.91746710607964
68.70999999999825,0.01,125.0,0.9243192672729492,19.892559276225864,560.4309268322097,0.46311526921215096,6.640559942097052,283.9838260477538
68.71999999999825,0.01,125.0,0.9216690063476562,19.901802468898598,560.6298524249721,0.4596484002052517,6.645191094789175,284.05023164717477
68.72999999999826,0.01,125.0,0.919013500213623,19.91101915896208,560.8288704496612,0.45617689595824723,6.64978757879123,284.1166835581227
68.73999999999826,0.01,125.0,0.9163517951965332,19.92020929396422,561.0279806412509,0.4527007907334828,6.654349347750815,284.18318143391065
68.74999999999827,0.01,125.0,0.9136834144592285,19.92937281191619,561.2271827341907,0.4492201188387137,6.658876355658152,284.2497249273882
68.75999999999827,0.01,125.0,0.9110112190246582,19.938509646060787,561.42647646231,0.44573491462676634,6.6633685568465415,284.3163136909448
68.76999999999828,0.01,125.0,0.9083318710327148,19.947619758251037,561.6258615587707,0.44224521249519927,6.667825905992811,284.3829473765133
68.77999999999828,0.01,125.0,0.9056448936462402,19.956703076961368,561.8253377563533,0.43875104688596356,6.672248358117765,284.4496256355733
68.78999999999829,0.01,125.0,0.9029541015625,19.965759525897834,562.024904787123,0.43525245228506326,6.676635868586628,284.5163481191545
68.79999999999829,0.01,125.0,0.9002575874328613,19.974789066913463,562.224562382382,0.4317494632222146,6.68098839310948,284.5831144778404
68.8099999999983,0.01,125.0,0.8975534439086914,19.983791642787796,562.4243102730512,0.4282421142705054,6.685305887741705,284.6499243617715
68.8199999999983,0.01,125.0,0.8948459625244141,19.992767177226888,562.6241481894792,0.4247304400460538,6.689588308884412,284.71677742064895
68.82999999999831,0.01,125.0,0.8921298980712891,20.001715636852136,562.8240758612516,0.42121447520766675,6.693835613284874,284.7836733037378
68.83999999999831,0.01,125.0,0.8894095420837402,20.010636935832853,563.0240930176202,0.4176942544564977,6.698047758036953,284.8506116598707
68.84999999999832,0.01,125.0,0.8866829872131348,20.019531031253695,563.2241993869786,0.4141698125357044,6.70222470058152,284.9175921374511
68.85999999999832,0.01,125.0,0.8839511871337891,20.028397861125832,563.4243946972913,0.4106411842301056,6.706366398706879,284.98461438445696
68.86999999999833,0.01,125.0,0.8812131881713867,20.037237372997176,563.6246786759026,0.4071084043658381,6.710472810549183,285.05167804844405
68.87999999999833,0.01,125.0,0.8784694671630859,20.046049504878894,563.8250510496326,0.40357150781001305,6.714543894592843,285.11878277654955
68.88999999999834,0.01,125.0,0.8757209777832031,20.05483419955053,564.0255115446815,0.4000305294703715,6.718579609670946,285.1859282154955
68.89999999999834,0.01,125.0,0.8729658126831055,20.063591409328367,564.2260598866771,0.39648550429494,6.722579914965651,285.25311401159223
68.90999999999835,0.01,125.0,0.8702058792114258,20.072321067455203,564.4266958007705,0.392936467271686,6.726544770008603,285.3203398107419
68.91999999999835,0.01,125.0,0.8674407005310059,20.08102312624732,564.6274190114452,0.3893834534281721,6.730474134681322,285.387605258442
68.92999999999836,0.01,125.0,0.8646688461303711,20.089697533252636,564.8282292427078,0.3858264978312104,6.734367969215606,285.45490999978887
68.93999999999836,0.01,125.0,0.8618907928466797,20.098344221713944,565.0291262180405,0.38226563558651677,6.73822623419392,285.5222536794811
68.94999999999837,0.01,125.0,0.8591084480285645,20.106963129642416,565.2301096602577,0.37870090183836397,6.742048890549787,285.5896359418231
68.95999999999837,0.01,125.0,0.856320858001709,20.115554214122707,565.4311792915541,0.3751323317692349,6.745835899568172,285.65705643072863
68.96999999999838,0.01,125.0,0.8535265922546387,20.124117422702728,565.6323348336955,0.3715599605994755,6.749587222885867,285.72451478972437
68.97999999999838,0.01,125.0,0.8507285118103027,20.132652688625278,565.8335760079226,0.3679838235869469,6.753302822491864,285.79201066195327
68.98999999999839,0.01,125.0,0.8479251861572266,20.141159973743385,566.0349025348089,0.36440395602667774,6.756982660727735,285.8595436901782
68.9999999999984,0.01,125.0,0.8451156616210938,20.14963922560496,566.2363141345464,0.3608203932505116,6.760626700288003,285.92711351678554
69.0099999999984,0.01,125.0,0.8422999382019043,20.158090382221175,566.4378105268025,0.3572331706267743,6.76423490422051,285.99471978378847
69.0199999999984,0.01,125.0,0.839479923248291,20.1665133816032,566.6393914306249,0.353642323559901,6.76780723592678,286.0623621328307
69.02999999999841,0.01,125.0,0.8366537094116211,20.174908180835686,566.841056564441,0.35004788749010246,6.771343659162381,286.13004020518997
69.03999999999841,0.01,125.0,0.8338236808776855,20.183274717929805,567.0428056462495,0.3464498978930116,6.774844138037284,286.1977536417816
69.04999999999842,0.01,125.0,0.8309874534606934,20.191612954738588,567.2446383934289,0.34284839027933317,6.778308637016216,286.265502083162
69.05999999999842,0.01,125.0,0.8281474113464355,20.1999228292732,567.4465545229764,0.3392434001944934,6.7817371209190105,286.3332851695322
69.06999999999843,0.01,125.0,0.8253002166748047,20.208204303386665,567.6485537512692,0.33563496321828895,6.785129554920958,286.4011025407414
69.07999999999844,0.01,125.0,0.8224492073059082,20.21645730555342,567.8506357943032,0.332023114964536,6.788485904553142,286.46895383629067
69.08999999999844,0.01,125.0,0.8195934295654297,20.22468179762648,568.0528003673588,0.32840789108071866,6.79180613570279,286.53683869533626
69.09999999999845,0.01,125.0,0.8167314529418945,20.23287773192214,568.2550471853352,0.32478932724763715,6.795090214613599,286.60475675669335
69.10999999999845,0.01,125.0,0.8138647079467773,20.241045046451564,568.4573759626545,0.3211674591790556,6.798338107886077,286.6727076588395
69.11999999999846,0.01,125.0,0.8109931945800781,20.249183693531037,568.6597864131191,0.3175423226213497,6.80154978247787,286.7406910399184
69.12999999999846,0.01,125.0,0.8081164360046387,20.25729362547684,568.8622782500546,0.31391395335315364,6.804725205704085,286.8087065377432
69.13999999999847,0.01,125.0,0.8052358627319336,20.26537478983689,569.0648511863095,0.3102823871850074,6.807864345237618,286.87675378980026
69.14999999999847,0.01,125.0,0.8023481369018555,20.273427148464215,569.267504934208,0.30664765995900284,6.81096716910947,286.94483243325266
69.15999999999848,0.01,125.0,0.7994561195373535,20.281450629833238,569.4702392056927,0.3030098075484303,6.814033645709062,287.01294210494376
69.16999999999848,0.01,125.0,0.7965612411499023,20.289445191028616,569.6730537119911,0.2993688658574245,6.817063743784548,287.0810824414009
69.17999999999849,0.01,125.0,0.7936601638793945,20.29741080344012,569.8759481639015,0.2957248708206099,6.820057432443123,287.1492530788388
69.18999999999849,0.01,125.0,0.7907543182373047,20.305347405078916,570.078922271936,0.2920778584027464,6.823014681151331,287.21745365316326
69.1999999999985,0.01,125.0,0.787844181060791,20.313254948261292,570.2819757459869,0.2884278645983743,6.825935459735359,287.28568379997483
69.2099999999985,0.01,125.0,0.7849273681640625,20.321133390071903,570.4851082954696,0.2847749254314587,6.828819738381345,287.3539431545722
69.2199999999985,0.01,125.0,0.7820076942443848,20.328982663753546,570.6883196293704,0.28111907695503463,6.831667487635661,287.42223135195604
69.22999999999851,0.01,125.0,0.7790822982788086,20.336802740695994,570.891609456008,0.2774603552508505,6.834478678405213,287.4905480268324
69.23999999999852,0.01,125.0,0.7761521339416504,20.344593563678785,571.094977483415,0.2737987964290125,6.8372532819577225,287.5588928136165
69.24999999999852,0.01,125.0,0.7732186317443848,20.352355085018207,571.2984234190519,0.2701344366276279,6.839991269922014,287.62726534643616
69.25999999999853,0.01,125.0,0.7702784538269043,20.360087271335654,571.5019469699022,0.2664673120124487,6.842692614288292,287.6956652591354
69.26999999999853,0.01,125.0,0.7673373222351074,20.36779005587393,571.7055478426156,0.2627974587765143,6.845357287408418,287.76409218527834
69.27999999999854,0.01,125.0,0.7643885612487793,20.375463429096285,571.9092257431745,0.2591249131397945,6.847985261996184,287.83254575815243
69.28999999999854,0.01,125.0,0.7614359855651855,20.383107314708777,572.1129803774655,0.2554497113488322,6.850576511127583,287.9010256107724
69.29999999999855,0.01,125.0,0.7584786415100098,20.390721674564432,572.3168114506127,0.25177188967638525,6.853131008241073,287.9695313758837
69.30999999999855,0.01,125.0,0.7555170059204102,20.398306460979537,572.5207186673584,0.2480914844210687,6.855648727137838,288.03806268596617
69.31999999999856,0.01,125.0,0.7525506019592285,20.405861631038746,572.7247017319684,0.24440853190699674,6.8581296419820506,288.10661917323756
69.32999999999856,0.01,125.0,0.7495813369750977,20.413387137058344,572.9287603482788,0.24072306848342373,6.860573727301122,288.1752004696574
69.33999999999857,0.01,125.0,0.7466063499450684,20.420882950428098,573.1328942196495,0.2370351305243858,6.8629809579859575,288.24380620693046
69.34999999999857,0.01,125.0,0.743626594543457,20.42834901392755,573.3371030491539,0.23334475442834166,6.865351309291203,288.31243601651033
69.35999999999858,0.01,125.0,0.7406435012817383,20.43578527987299,573.5413865392933,0.22965197661781359,6.867684756835487,288.3810895296033
69.36999999999858,0.01,125.0,0.7376561164855957,20.443191714885813,573.7457443920921,0.22595683353902768,6.869981276601667,288.44976637717167
69.37999999999859,0.01,125.0,0.7346639633178711,20.450568276050674,573.9501763092411,0.2222593616615544,6.872240844937059,288.5184661899377
69.3899999999986,0.01,125.0,0.7316670417785645,20.45791491568386,574.1546819920017,0.21855959747794843,6.874463438553676,288.5871885983871
69.3999999999986,0.01,125.0,0.7286672592163086,20.46523158610165,574.3592611411586,0.21485757750338855,6.876649034528456,288.65593323277267
69.4099999999986,0.01,125.0,0.7256627082824707,20.472518258693814,574.5639134570198,0.21115333827531743,6.878797610303491,288.72469972311796
69.41999999999861,0.01,125.0,0.7226529121398926,20.479774885776642,574.7686386396068,0.2074469163530807,6.880909143686245,288.79348769922103
69.42999999999861,0.01,125.0,0.7196402549743652,20.487001414898046,574.9734363884647,0.20373834831756646,6.8829836128497766,288.8622967906579
69.43999999999862,0.01,125.0,0.7166237831115723,20.494197817447795,575.1783064026138,0.200027670770844,6.885020996332953,288.93112662678647
69.44999999999862,0.01,125.0,0.7136020660400391,20.501364055278913,575.3832483807884,0.1963149203358026,6.887021273040663,288.99997683674985
69.45999999999863,0.01,125.0,0.7105765342712402,20.508500075939317,575.5882620213413,0.19260013365579023,6.888984422244022,289.06884704948027
69.46999999999863,0.01,125.0,0.7075486183166504,20.51560584128203,575.7933470221008,0.1888833473942516,6.89091042358058,289.13773689370277
69.47999999999864,0.01,125.0,0.7045145034790039,20.5226813274652,575.9985030805137,0.18516459823436668,6.892799257054524,289.2066459979386
69.48999999999864,0.01,125.0,0.7014775276184082,20.529726472499995,576.2037298937885,0.1814439228786883,6.894650903036868,289.2755739905092
69.49999999999865,0.01,125.0,0.6984372138977051,20.53674124777618,576.4090271585136,0.17772135804878017,6.896465342265656,289.3445204995396
69.50999999999866,0.01,125.0,0.6953916549682617,20.54372561991516,576.6143945709914,0.17399694048485428,6.898242555846145,289.4134851529623
69.51999999999866,0.01,125.0,0.6923432350158691,20.55067953646485,576.8198318271907,0.17027070694540833,6.899982525250994,289.4824675785208
69.52999999999867,0.01,125.0,0.6892900466918945,20.55760296881501,577.0253386225554,0.16654269420686307,6.90168523232045,289.55146740377336
69.53999999999867,0.01,125.0,0.6862339973449707,20.564495869281934,577.2309146522437,0.16281293906319919,6.903350659262519,289.6204842560966
69.54999999999868,0.01,125.0,0.6831750869750977,20.571358209255386,577.4365596109366,0.15908147832559413,6.9049787886531515,289.68951776268926
69.55999999999868,0.01,125.0,0.6801104545593262,20.57818996012514,577.6422731930293,0.15534834882205895,6.906569603436409,289.75856755057583
69.56999999999869,0.01,125.0,0.6770434379577637,20.58499106467074,577.8480550926306,0.1516135873970747,6.90812308692463,289.8276332466102
69.57999999999869,0.01,125.0,0.6739721298217773,20.59176149905032,578.0539050032775,0.14787723091122892,6.909639222798601,289.8967144774795
69.5899999999987,0.01,125.0,0.6708979606628418,20.598501220348542,578.2598226182681,0.14413931624085166,6.911117995107714,289.9658108697075
69.5999999999987,0.01,125.0,0.6678190231323242,20.605210199955174,578.4658076304717,0.14039988027765168,6.9125593882701235,290.03492204965863
69.6099999999987,0.01,125.0,0.6647367477416992,20.6118883901865,578.6718597324713,0.1366589599283522,6.913963387072901,290.1040476435414
69.61999999999871,0.01,125.0,0.6616501808166504,20.61853575766392,578.8779786163732,0.13291659211432685,6.915329976672185,290.1731872774121
69.62999999999872,0.01,125.0,0.658562183380127,20.62515225947209,579.0841639739499,0.1291728137712351,6.916659142593328,290.2423405771789
69.63999999999872,0.01,125.0,0.6554689407348633,20.631737881305895,579.2904154965447,0.12542766184865778,6.917950870731041,290.31150716860486
69.64999999999873,0.01,125.0,0.6523728370666504,20.638292570713247,579.4967328753579,0.12168117330973237,6.919205147349529,290.3806866773122
69.65999999999873,0.01,125.0,0.6492733955383301,20.644816299083917,579.7031158010651,0.11793338513078823,6.920421959082627,290.44987872878573
69.66999999999874,0.01,125.0,0.6461715698242188,20.651309033039304,579.909563964056,0.11418433430098164,6.921601292933936,290.5190829483766
69.67999999999874,0.01,125.0,0.643064022064209,20.65777074873755,580.1160770543866,0.11043405782193073,6.922743136276946,290.58829896130595
69.68999999999875,0.01,125.0,0.6399550437927246,20.664201388958197,580.322654761874,0.10668259270735032,6.923847476855165,290.6575263926688
69.69999999999875,0.01,125.0,0.6368427276611328,20.670600939396127,580.5292967757637,0.10292997598268656,6.9249143027822395,290.7267648674374
69.70999999999876,0.01,125.0,0.6337265968322754,20.676969366672743,580.7360027851578,0.09917624468475153,6.925943602542067,290.7960140104652
69.71999999999876,0.01,125.0,0.6306071281433105,20.68330663264107,580.9427724788246,0.09542143586135768,6.926935364988915,290.8652734464907
69.72999999999877,0.01,125.0,0.6274843215942383,20.689612703922506,581.1496055451512,0.09166558657095224,6.927889579347529,290.9345428001406
69.73999999999877,0.01,125.0,0.6243577003479004,20.69588754713845,581.3565016721906,0.0879087338822514,6.928806235213239,291.0038216959341
69.74999999999878,0.01,125.0,0.6212296485900879,20.702131124141932,581.5634605476621,0.0841509148738745,6.929685322552062,291.07310975828625
69.75999999999878,0.01,125.0,0.6180977821350098,20.708343420627838,581.7704818589036,0.08039216663397805,6.930526831700801,291.14240661151183
69.76999999999879,0.01,125.0,0.6149616241455078,20.71452439844919,581.97756529311,0.07663252625988971,6.931330753367141,291.2117118798289
69.7799999999988,0.01,125.0,0.6118230819702148,20.720674014690648,582.1847105370946,0.07287203085774217,6.932097078629741,291.2810251873626
69.7899999999988,0.01,125.0,0.6086826324462891,20.726792245510353,582.3919172772416,0.06911071754210685,6.932825798938318,291.35034615814897
69.7999999999988,0.01,125.0,0.6055383682250977,20.73287907183482,582.5991851996969,0.06534862343562767,6.93351690611374,291.4196744161384
69.80999999999881,0.01,125.0,0.602391242980957,20.738934455517075,582.8065139904153,0.06158578566865464,6.934170392348096,291.48900958519954
69.81999999999881,0.01,125.0,0.599240779876709,20.74495836794689,583.0139033349706,0.05782224137887742,6.934786250204783,291.55835128912304
69.82999999999882,0.01,125.0,0.5960874557495117,20.75095077574566,583.2213529186502,0.05405802771095874,6.935364472618572,291.6276991516251
69.83999999999882,0.01,125.0,0.5929312705993652,20.75691165030316,583.4288624264077,0.05029318181616781,6.935905052895682,291.69705279635133
69.84999999999883,0.01,125.0,0.5897727012634277,20.762840963009157,583.6364315429108,0.046527740852013715,6.936407984713844,291.7664118468803
69.85999999999883,0.01,125.0,0.5866122245788574,20.768738690021795,583.844059952541,0.04276174198187858,6.936873262122364,291.8357759267275
69.86999999999884,0.01,125.0,0.5834479331970215,20.774604812267587,584.0517473394414,0.038995222374650855,6.9373008795421836,291.90514465934876
69.87999999999884,0.01,125.0,0.5802803039550781,20.78043929159956,584.2594933875641,0.035228219204358466,6.93769083176593,291.97451766814424
69.88999999999885,0.01,125.0,0.5771093368530273,20.786242094639114,584.4672977804802,0.03146076964980189,6.938043113957973,292.0438945764619
69.89999999999885,0.01,125.0,0.573936939239502,20.792013188007648,584.6751602014267,0.027692910894187267,6.938357721654471,292.11327500760154
69.90999999999886,0.01,125.0,0.5707626342773438,20.797752557400045,584.8830803333069,0.023924680124759366,6.938634650763413,292.1826585848181
69.91999999999886,0.01,125.0,0.5675840377807617,20.80346018374282,585.091057858881,0.02015611453243458,6.938873897564661,292.25204493132577
69.92999999999887,0.01,125.0,0.5644025802612305,20.809136024120633,585.2990924607185,0.01638725131143387,6.939075458709985,292.3214336703015
69.93999999999888,0.01,125.0,0.5612211227416992,20.814780049923247,585.5071838209598,0.01261812765891568,6.9392393312231,292.3908244248886
69.94999999999888,0.01,125.0,0.5580358505249023,20.820392261150666,585.7153316214591,0.008848780774608806,6.939365512499689,292.4602168182009
69.95999999999889,0.01,125.0,0.5548458099365234,20.825972619655918,585.9235355440707,0.005079247860445248,6.939454000307435,292.52961047332593
69.96999999999889,0.01,125.0,0.5516557693481445,20.831521077755287,586.1317952702673,0.0013095661201930446,6.93950479278604,292.599005013329
69.9799999999989,0.01,125.0,0.5484628677368164,20.83703763544877,586.3401104810449,-0.002460227240910908,6.9395178884472415,292.66840006125693
69.9899999999989,0.01,125.0,0.5452680587768555,20.842522264126142,586.5484808573996,-0.006230095016528065,6.939493286174832,292.73779524014145
69.9999999999989,0.01,125.0,0.5420703887939453,20.847974944713915,586.756906080041,-0.009999999999585436,6.939430985224667,292.8071901730032
70.00999999999891,0.01,125.0,0.5388703346252441,20.853395648601857,586.9653858294882,-0.01376990498264281,6.939330985224671,292.8765844828555
70.01999999999892,0.01,125.0,0.535667896270752,20.858784351948113,587.1739197859744,-0.017539772758259978,6.939193286174844,292.94597779270777
70.02999999999892,0.01,125.0,0.532463550567627,20.864141030910822,587.382507629494,-0.02130956611936395,6.939017888447261,293.01536972556954
70.03999999999893,0.01,125.0,0.5292568206787109,20.869465666416502,587.5911490398032,-0.025079247859616183,6.938804792786067,293.0847599044541
70.04999999999893,0.01,125.0,0.5260467529296875,20.874758234623293,587.7998436964675,-0.02884878077377978,6.938554000307471,293.15414795238195
70.05999999999894,0.01,125.0,0.5228357315063477,20.880018702152594,588.0085912788138,-0.0326181276580867,6.938265512499734,293.22353349238506
70.06999999999894,0.01,125.0,0.5196223258972168,20.88524705946766,588.2173914658355,-0.03638725131060494,6.937939331223153,293.2929161475101
70.07999999999895,0.01,125.0,0.5164060592651367,20.890443282726633,588.4262439364303,-0.04015611453160571,6.937575458710047,293.36229554082234
70.08999999999895,0.01,125.0,0.5131888389587402,20.895607343319288,588.6351483692576,-0.04392468012393057,6.937173897564731,293.4316712954095
70.09999999999896,0.01,125.0,0.5099687576293945,20.90073923170888,588.844104442691,-0.04769291089335855,6.936734650763491,293.5010430343852
70.10999999999896,0.01,125.0,0.5067472457885742,20.905838919285177,589.0531118350082,-0.05146076964897326,6.936257721654557,293.57041038089284
70.11999999999897,0.01,125.0,0.5035238265991211,20.910906391743065,589.2621702242011,-0.055228219203529924,6.9357431139580665,293.6397729581094
70.12999999999897,0.01,125.0,0.500298023223877,20.91594163000906,589.4712792881186,-0.05899522237382242,6.935190831766031,293.709130389249
70.13999999999898,0.01,125.0,0.4970703125,20.9209446102413,589.6804387044187,-0.06276174198105025,6.934600879542292,293.7784822975667
70.14999999999898,0.01,125.0,0.49383974075317383,20.925915313366303,589.8896481505212,-0.06652774085118551,6.933973262122481,293.84782830636215
70.15999999999899,0.01,125.0,0.49060916900634766,20.93085371077384,590.098907303655,-0.07029318181533974,6.933307984713969,293.9171680389834
70.16999999999899,0.01,125.0,0.48737621307373047,20.935759802463906,590.3082158407628,-0.07405802771013079,6.932605052895815,293.9865011188306
70.179999999999,0.01,125.0,0.48414039611816406,20.940633564594645,590.5175734387876,-0.0778222413780496,6.931864472618714,294.0558271693596
70.189999999999,0.01,125.0,0.48090267181396484,20.94547496855583,590.7269797744336,-0.08158578566782698,6.931086250204933,294.1251458140858
70.19999999999901,0.01,125.0,0.4776649475097656,20.95028399527397,590.9364345241192,-0.08534862343480015,6.9302703923482545,294.1944566765879
70.20999999999901,0.01,125.0,0.4744248390197754,20.95506064474907,591.1459373640721,-0.08911071754127951,6.929416906113906,294.26375938051143
70.21999999999902,0.01,125.0,0.47118186950683594,20.95980489313927,591.3554879705197,-0.092872030856915,6.928525798938493,294.3330535495726
70.22999999999902,0.01,125.0,0.4679379463195801,20.964516711834342,591.5650860194512,-0.09663252625906275,6.9275970786299235,294.402338807562
70.23999999999903,0.01,125.0,0.4646930694580078,20.96919609129754,591.7747311865696,-0.10039216663315127,6.926630753367332,294.47161477834834
70.24999999999903,0.01,125.0,0.46144628524780273,20.973843021992124,591.9844231474827,-0.10415091487304792,6.925626831701,294.54088108588206
70.25999999999904,0.01,125.0,0.45819902420043945,20.978457484844604,592.1941615777027,-0.10790873388142504,6.924585322552269,294.6101373541991
70.26999999999904,0.01,125.0,0.45494747161865234,20.98303947508661,592.4039461525513,-0.1116655865701261,6.923506235213454,294.6793832074246
70.27999999999905,0.01,125.0,0.45169639587402344,20.9875889498028,592.6137765473022,-0.11542143586053175,6.922389579347752,294.7486182697768
70.28999999999905,0.01,125.0,0.44844484329223633,20.99210591376154,592.8236524368003,-0.11917624468392583,6.921235364989146,294.8178421655703
70.29999999999906,0.01,125.0,0.4451899528503418,20.996590362194468,593.0335734959381,-0.1229299759818611,6.9200436025423055,294.8870545192202
70.30999999999906,0.01,125.0,0.44193410873413086,21.001042261722972,593.2435393995602,-0.12668259270652513,6.918814302782486,294.9562549552457
70.31999999999907,0.01,125.0,0.4386773109436035,21.005461602810314,593.4535498221775,-0.1304340578211058,6.917547476855421,295.02544309827357
70.32999999999907,0.01,125.0,0.43541860580444336,21.009848375919752,593.6636044382057,-0.13418433430015697,6.916243136277209,295.09461857304217
70.33999999999908,0.01,125.0,0.4321579933166504,21.0142025619778,593.873702921965,-0.13793338512996384,6.914901292934206,295.163781004405
70.34999999999908,0.01,125.0,0.42889833450317383,21.01852414191097,594.0838449475849,-0.14168117330890825,6.913521959082906,295.23293001733435
70.35999999999909,0.01,125.0,0.42563533782958984,21.022813125256004,594.2940301890042,-0.1454276618478382,6.912105147349816,295.3020652369252
70.3699999999991,0.01,125.0,0.42237186431884766,21.027069478634303,594.5042583202568,-0.14917281377041583,6.910650870731337,295.37118628839875
70.3799999999991,0.01,125.0,0.41910743713378906,21.031293197277492,594.7145290150432,-0.1529165921135079,6.909159142593633,295.4402927971061
70.3899999999991,0.01,125.0,0.41584157943725586,21.035484271648833,594.9248419470161,-0.15665895992753354,6.907629976672497,295.50938438853206
70.39999999999911,0.01,125.0,0.41257524490356445,21.03964268744321,595.1351967897327,-0.1603998802768333,6.90606338707322,295.57846068829883
70.40999999999912,0.01,125.0,0.40930652618408203,21.043768439892247,595.3455932166073,-0.16413931624003364,6.9044593882704515,295.6475213221696
70.41999999999912,0.01,125.0,0.4060382843017578,21.04786150515409,595.5560309010064,-0.16787723091041123,6.90281799510805,295.71656591605233
70.42999999999913,0.01,125.0,0.4027681350708008,21.051921887997107,595.766509516058,-0.17161358739625737,6.901139222798945,295.7855940960034
70.43999999999913,0.01,125.0,0.39949703216552734,21.055949569347817,595.9770287349381,-0.17534834882124195,6.8994230869249815,295.85460548823147
70.44999999999914,0.01,125.0,0.3962259292602539,21.059944539669473,596.1875882306317,-0.1790814783247775,6.897669603436769,295.92359971910076
70.45999999999914,0.01,125.0,0.39295387268066406,21.063906798962076,596.3981876760286,-0.1828129390623829,6.89587878865352,295.99257641513515
70.46999999999915,0.01,125.0,0.389678955078125,21.067836337688885,596.6088267440183,-0.18654269420604722,6.894050659262895,296.0615352030217
70.47999999999915,0.01,125.0,0.38640403747558594,21.071733127239668,596.8195051073953,-0.19027070694459283,6.892185232320833,296.13047570961436
70.48999999999916,0.01,125.0,0.38312816619873047,21.075597167614426,597.0302224386678,-0.19399694048403918,6.890282525251386,296.1993975619376
70.49999999999916,0.01,125.0,0.3798532485961914,21.079428449276413,597.240978410344,-0.1977213580479655,6.888342555846545,296.26830038719015
70.50999999999917,0.01,125.0,0.37657690048217773,21.083226981762376,597.4517726948369,-0.20144392287787405,6.886365342266065,296.33718381274866
70.51999999999917,0.01,125.0,0.37329912185668945,21.086992750767198,597.6626049646546,-0.20516459823355282,6.884350903037285,296.40604746617134
70.52999999999918,0.01,125.0,0.37002038955688477,21.090725741985768,597.8734748921624,-0.2088833473934382,6.882299257054949,296.47489097520173
70.53999999999918,0.01,125.0,0.3667421340942383,21.094425945881337,598.0843821495824,-0.21260013365497718,6.880210423581013,296.5437139677723
70.54999999999919,0.01,125.0,0.363461971282959,21.09809336722228,598.2953264090413,-0.21631492033499003,6.878084422244462,296.61251607200813
70.55999999999919,0.01,125.0,0.3601827621459961,21.10172798693511,598.5063073427136,-0.22002767077003188,6.875921273041111,296.6812969162306
70.5699999999992,0.01,125.0,0.3569021224975586,21.105329814556573,598.7173246225831,-0.2237383483167548,6.873720996333409,296.7500561289611
70.5799999999992,0.01,125.0,0.3536210060119629,21.10889883578155,598.9283779207287,-0.22744691635226955,6.87148361285024,296.8187933389245
70.58999999999921,0.01,125.0,0.3503389358520508,21.11243504584167,599.1394669090867,-0.2311533382745067,6.869209143686716,296.88750817505303
70.59999999999921,0.01,125.0,0.34705686569213867,21.115938435200192,599.3505912595451,-0.23485757750257832,6.86689761030397,296.95620026648993
70.60999999999922,0.01,125.0,0.34377479553222656,21.119409003857115,599.5617506438972,-0.23855959747713867,6.864549034528943,297.024869242593
70.61999999999922,0.01,125.0,0.34049129486083984,21.12284675181244,599.7729447339359,-0.2422593616607452,6.86216343855417,297.09351473293833
70.62999999999923,0.01,125.0,0.3372077941894531,21.12625166476105,599.9841732014542,-0.24595683353821896,6.859740844937561,297.1621363673239
70.63999999999923,0.01,125.0,0.3339252471923828,21.129623742702947,600.1954357181019,-0.24965197661700536,6.857281276602178,297.23073377577333
70.64999999999924,0.01,125.0,0.3306412696838379,21.13296299517487,600.406731955529,-0.25334475442753396,6.854784756836007,297.29930658853937
70.65999999999924,0.01,125.0,0.32735729217529297,21.136269407871712,600.6180615854809,-0.25703513052357857,6.85225130929173,297.36785443610773
70.66999999999925,0.01,125.0,0.32407236099243164,21.13954298079347,600.8294242795597,-0.2607230684826171,6.849680957986493,297.4363769492007
70.67999999999925,0.01,125.0,0.3207869529724121,21.142783704403396,601.0408197093677,-0.2644085319061907,6.847073727301665,297.5048737587806
70.68999999999926,0.01,125.0,0.317502498626709,21.14599157393312,601.2522475464119,-0.2680914844202632,6.844429641982602,297.57334449605366
70.69999999999926,0.01,125.0,0.31421661376953125,21.14916659891939,601.4637074621513,-0.27177188967558025,6.841748727138398,297.6417887924735
70.70999999999927,0.01,125.0,0.31093263626098633,21.152308765057086,601.6751991281407,-0.27544971134802776,6.8390310082416415,297.7102062797449
70.71999999999927,0.01,125.0,0.307647705078125,21.155418091419698,601.8867222157913,-0.2791249131389907,6.83627651112816,297.7785965898274
70.72999999999928,0.01,125.0,0.30436277389526367,21.15849456847048,602.0982763967056,-0.28279745877571105,6.833485261996769,297.8469593549387
70.73999999999928,0.01,125.0,0.30107641220092773,21.161538196209435,602.3098613423904,-0.28646731201164605,6.83065728740901,297.9152942075587
70.74999999999929,0.01,125.0,0.2977919578552246,21.164548960331445,602.5214767243526,-0.29013443662682586,6.827792614288892,297.9836007804328
70.7599999999993,0.01,125.0,0.2945079803466797,21.16752687991,602.733122213956,-0.29379879642821105,6.824891269922623,298.05187870657574
70.7699999999993,0.01,125.0,0.29122257232666016,21.170471959713467,602.9447974827552,-0.29746035525004966,6.821953281958339,298.120127619275
70.7799999999993,0.01,125.0,0.2879371643066406,21.173384185436735,603.1565022023525,-0.3011190769542344,6.818978678405837,298.18834715209465
70.78999999999931,0.01,125.0,0.2846531867980957,21.176263557079803,603.3682360442069,-0.30477492543065915,6.815967487636293,298.25653693887875
70.79999999999932,0.01,125.0,0.28136777877807617,21.179110088947784,603.5799986797779,-0.3084278645975753,6.812919738381985,298.3246966137551
70.80999999999932,0.01,125.0,0.27808475494384766,21.181923766735565,603.7917897806675,-0.3120778584019481,6.809835459736007,298.392825811139
70.81999999999933,0.01,125.0,0.27480030059814453,21.184704614285003,604.0036090183349,-0.31572487081981226,6.806714681151986,298.4609241657364
70.82999999999933,0.01,125.0,0.271517276763916,21.187452617290987,604.2154560644778,-0.31936886585662755,6.803557432443786,298.52899131254793
70.83999999999934,0.01,125.0,0.2682328224182129,21.190167790058627,604.4273305906509,-0.32300980754763403,6.800363743785218,298.5970268868724
70.84999999999934,0.01,125.0,0.26494884490966797,21.19285011828281,604.6392322685515,-0.3266476599582072,6.79713364570974,298.6650305243103
70.85999999999935,0.01,125.0,0.26166725158691406,21.195499606731907,604.8511607697344,-0.3302823871842125,6.793867169110157,298.7330018607674
70.86999999999935,0.01,125.0,0.25838518142700195,21.198116279247778,605.0631157658019,-0.33391395335235946,6.790564345238312,298.8009405324585
70.87999999999936,0.01,125.0,0.25510311126708984,21.20070013106205,605.2750969285944,-0.33754232262055617,6.787225205704787,298.86884617591096
70.88999999999936,0.01,125.0,0.25182104110717773,21.203251162174723,605.4871039299052,-0.34116745917826274,6.78384978247858,298.93671842796806
70.89999999999937,0.01,125.0,0.24854040145874023,21.205769372585795,605.699136441527,-0.344789327246845,6.780438107886796,299.0045569257929
70.90999999999937,0.01,125.0,0.24526023864746094,21.208254776600384,605.9111941352529,-0.34840789107992726,6.776990214614325,299.0723613068718
70.91999999999938,0.01,125.0,0.24198150634765625,21.21070737898686,606.1232766830191,-0.3520231149637454,6.773506135703524,299.14013120901797
70.92999999999938,0.01,125.0,0.23870229721069336,21.21312719405034,606.335383756809,-0.35563496321749904,6.769985904553885,299.20786627037506
70.93999999999939,0.01,125.0,0.23542213439941406,21.21551421702245,606.5475150287497,-0.3592434001937043,6.766429554921708,299.2755661294206
70.94999999999939,0.01,125.0,0.2321453094482422,21.217868438366445,606.75967017092,-0.3628483902785448,6.7628371209197695,299.3432304249699
70.9599999999994,0.01,125.0,0.2288684844970703,21.22018989146093,606.9718488553037,-0.366449897892224,6.759208637016982,299.4108587961791
70.9699999999994,0.01,125.0,0.22559213638305664,21.2224785763059,607.1840507542184,-0.3700478874893156,6.755544138038058,299.47845088254934
70.97999999999941,0.01,125.0,0.22231674194335938,21.224734497669733,607.3962755399816,-0.3736423235591149,6.751843659163163,299.54600632392976
70.98999999999941,0.01,125.0,0.2190413475036621,21.226957665089166,607.6085228849585,-0.377233170625989,6.74810723592757,299.61352476052144
70.99999999999942,0.01,125.0,0.21576833724975586,21.229148078564204,607.8207924616095,-0.3808203932497271,6.744334904221308,299.68100583288077
71.00999999999942,0.01,125.0,0.2124943733215332,21.231305761936703,608.0330839423953,-0.38440395602589006,6.740526700288808,299.74844918192304
71.01999999999943,0.01,125.0,0.20922231674194336,21.23343070566992,608.2453970000147,-0.38798382358615996,6.7366826607285475,299.81585444892596
71.02999999999943,0.01,125.0,0.20595121383666992,21.23552292883734,608.4577313070715,-0.3915599605986894,6.732802822492684,299.8832212755333
71.03999999999944,0.01,125.0,0.2026805877685547,21.237582440975707,608.67008653636,-0.3951323317684497,6.728887222886695,299.95054930375824
71.04999999999944,0.01,125.0,0.19941234588623047,21.239609246853394,608.8824623607699,-0.39870090183757956,6.724935899569009,300.01783817598715
71.05999999999945,0.01,125.0,0.19614410400390625,21.24160337031226,609.0948584532385,-0.40226563558573325,6.720948890550631,300.0850875349829
71.06999999999945,0.01,125.0,0.19287633895874023,21.2435648113523,609.3072744869418,-0.40582649783042773,6.716926234194772,300.1522970238884
71.07999999999946,0.01,125.0,0.18960952758789062,21.24549357474189,609.5197101350554,-0.40938345342739024,6.7128679692164654,300.2194662862304
71.08999999999946,0.01,125.0,0.18634462356567383,21.247389670017768,609.7321650708029,-0.41293646727090505,6.70877413468219,300.2865949659226
71.09999999999947,0.01,125.0,0.18308115005493164,21.249253116253424,609.9446389675032,-0.4164855042941599,6.7046447700094784,300.35368270726946
71.10999999999947,0.01,125.0,0.17981910705566406,21.251083927753974,610.1571314986659,-0.42003052946959224,6.700479914966535,300.4207291549696
71.11999999999948,0.01,125.0,0.17655658721923828,21.25288211882453,610.3696423379436,-0.42357150780923475,6.696279609671837,300.4877339541193
71.12999999999948,0.01,125.0,0.17329692840576172,21.254647684696724,610.5821711591319,-0.4271084043650607,6.692043894593742,300.554696750216
71.13999999999949,0.01,125.0,0.17003726959228516,21.256380653980784,610.7947176359789,-0.4306411842293291,6.687772810550089,300.621617189162
71.1499999999995,0.01,125.0,0.1667804718017578,21.25808102667671,611.0072814425189,-0.43416981253492876,6.683466398707794,300.6884949172675
71.1599999999995,0.01,125.0,0.16352462768554688,21.259748831394727,611.2198622527858,-0.43769425445572313,6.679124700582443,300.7553295812546
71.1699999999995,0.01,125.0,0.16026973724365234,21.261384077671583,611.4324597410998,-0.44121447520689305,6.674747758037883,300.8221208282605
71.17999999999951,0.01,125.0,0.15701532363891602,21.26298677504402,611.6450735818767,-0.444730440045281,6.670335613285812,300.8888683058409
71.18999999999951,0.01,125.0,0.1537632942199707,21.26455692828041,611.8577034496273,-0.44824211426973354,6.665888308885357,300.9555716619738
71.19999999999952,0.01,125.0,0.1505126953125,21.26609456122261,612.0703490189102,-0.4517494632214437,6.661405887742657,301.0222305450627
71.20999999999952,0.01,125.0,0.1472644805908203,21.267599688175736,612.2830099645225,-0.45525245228429334,6.656888393110441,301.0888446039402
71.21999999999953,0.01,125.0,0.14401721954345703,21.269072332981644,612.4956859614044,-0.4587510468851946,6.6523358685875955,301.15541348787133
71.22999999999954,0.01,125.0,0.14077186584472656,21.270512505177077,612.7083766847344,-0.4622452124944313,6.647748358118741,301.22193684655724
71.23999999999954,0.01,125.0,0.1375265121459961,21.271920223835526,612.9210818097863,-0.46573491462599936,6.643125905993794,301.28841433013844
71.24999999999955,0.01,125.0,0.13428354263305664,21.273295488956986,613.1338010120247,-0.46922011883794773,6.638468556847532,301.3548455891984
71.25999999999955,0.01,125.0,0.1310434341430664,21.274638324383318,613.3465339669144,-0.4727007907327178,6.63377635565915,301.4212302747669
71.26999999999956,0.01,125.0,0.12780380249023438,21.27594875872475,613.5592803501584,-0.47617689595748325,6.62904934775182,301.48756803832356
71.27999999999956,0.01,125.0,0.12456655502319336,21.277226796749652,613.7720398377458,-0.47964840020448873,6.624287578792243,301.5538585318011
71.28999999999957,0.01,125.0,0.12133026123046875,21.278472462299884,613.9848121057133,-0.483115269211389,6.619491094790196,301.62010140758906
71.29999999999957,0.01,125.0,0.11809587478637695,21.27968576491219,614.1975968303365,-0.48657746876158653,6.61465994209808,301.686296318537
71.30999999999958,0.01,125.0,0.11486482620239258,21.280866723660054,614.4103936879857,-0.4900349646845694,6.609794167410461,301.75244291795804
71.31999999999958,0.01,125.0,0.1116337776184082,21.28201537192208,614.6232023552224,-0.4934877228562488,6.604893817763613,301.81854085963215
71.32999999999959,0.01,125.0,0.10840511322021484,21.283131709698264,614.8360225089417,-0.4969357091992956,6.599958940535048,301.88458979780984
71.33999999999959,0.01,125.0,0.1051778793334961,21.284215760830467,615.0488538260388,-0.5003788896834763,6.594989583443053,301.95058938721525
71.3499999999996,0.01,125.0,0.10195446014404297,21.285267539623803,615.2616959836472,-0.5038172303259899,6.589985794546216,302.0165392830497
71.3599999999996,0.01,125.0,0.09873199462890625,21.286287084225243,615.4745486590435,-0.5072506971918023,6.584947622242954,302.08243914099523
71.3699999999996,0.01,125.0,0.09551048278808594,21.287274404171534,615.6874115298859,-0.5106792563939816,6.579875115271033,302.1482886172177
71.37999999999961,0.01,125.0,0.09229230880737305,21.288229508999414,615.9002842739278,-0.5141028740940328,6.574768322707091,302.21408736837043
71.38999999999962,0.01,125.0,0.08907604217529297,21.289152432087487,616.113166569018,-0.517521516502231,6.569627293966148,302.27983505159756
71.39999999999962,0.01,125.0,0.08586311340332031,21.29004319250924,616.3260580933389,-0.5209351498779562,6.564452078801123,302.34553132453726
71.40999999999963,0.01,125.0,0.08264970779418945,21.290901823643274,616.5389585252641,-0.524343740530025,6.559242727302341,302.4111758453253
71.41999999999963,0.01,125.0,0.07943916320800781,21.291728320721216,616.7518675435007,-0.5277472548170237,6.553999289897038,302.47676827259835
71.42999999999964,0.01,125.0,0.0762324333190918,21.292522712353296,616.964784826708,-0.5311456591476402,6.5487218173488655,302.54230826549735
71.43999999999964,0.01,125.0,0.07302618026733398,21.293285036686488,617.1777100538316,-0.5345389199809961,6.543410360757386,302.6077954836709
71.44999999999965,0.01,125.0,0.0698232650756836,21.29401529848916,617.3906429041986,-0.5379270038269767,6.538064971557573,302.6732295872785
71.45999999999965,0.01,125.0,0.06662178039550781,21.29471353113992,617.6035830571835,-0.5413098772465623,6.532685701519301,302.73861023699413
71.46999999999966,0.01,125.0,0.06342411041259766,21.295379748943876,617.8165301924951,-0.5446875068521578,6.527272602746833,302.80393709400937
71.47999999999966,0.01,125.0,0.060227394104003906,21.296013990048003,618.0294839899847,-0.5480598593079229,6.5218257276783085,302.8692098200369
71.48999999999967,0.01,125.0,0.05703306198120117,21.296616263989044,618.2424441298853,-0.5514269013301001,6.516345129085226,302.93442807731367
71.49999999999967,0.01,125.0,0.05384206771850586,21.297186594608856,618.4554102925252,-0.5547885996873441,6.5108308600719225,302.9995915286045
71.50999999999968,0.01,125.0,0.050653934478759766,21.29772501528604,618.6683821584714,-0.5581449212010492,6.505282974075046,303.0646998372053
71.51999999999968,0.01,125.0,0.047466278076171875,21.298231554630828,618.8813594086245,-0.5614958327456772,6.499701524863032,303.1297526669461
71.52999999999969,0.01,125.0,0.04428291320800781,21.29870621741159,619.0943417241709,-0.5648413012490836,6.4940865665355725,303.19474968219475
71.5399999999997,0.01,125.0,0.041101932525634766,21.29914904654367,619.3073287863451,-0.5681812936928454,6.488438153523079,303.25969054786015
71.5499999999997,0.01,125.0,0.037923336029052734,21.299560065868924,619.5203202768107,-0.5715157771125853,6.482756340586148,303.3245749293954
71.5599999999997,0.01,125.0,0.03474569320678711,21.299939299229216,619.7333158774695,-0.5748447185982981,6.477041182815019,303.3894024928013
71.56999999999971,0.01,125.0,0.03157234191894531,21.300286756161285,619.9463152704619,-0.5781680852946754,6.471292735629033,303.4541729046295
71.57999999999971,0.01,125.0,0.028400897979736328,21.300602479580473,620.1593181380237,-0.5814858444014297,6.4655110547760835,303.5188858319858
71.58999999999972,0.01,125.0,0.025234222412109375,21.30088648856027,620.3723241628196,-0.5847979631736178,6.459696196332066,303.5835409425336
71.59999999999972,0.01,125.0,0.022067546844482422,21.301138830784392,620.5853330277054,-0.5881044089219647,6.453848216700327,303.64813790449693
71.60999999999973,0.01,125.0,0.018905162811279297,21.301359506252837,620.7983444160133,-0.5914051490131857,6.447967172611104,303.712676386664
71.61999999999973,0.01,125.0,0.015746116638183594,21.30154855788095,621.0113580110759,-0.5947001508703088,6.44205312112097,303.7771560583901
71.62999999999974,0.01,125.0,0.0125885009765625,21.30170601904733,621.2243734966548,-0.5979893819729958,6.436106119612264,303.84157658960135
71.63999999999974,0.01,125.0,0.009433269500732422,21.301831904057096,621.4373905568455,-0.6012728098578636,6.430126225792531,303.9059376507975
71.64999999999975,0.01,125.0,0.006282329559326172,21.301926236752102,621.6504088758861,-0.6045504021188045,6.424113497693949,303.9702389130555
71.65999999999976,0.01,125.0,0.0031347274780273438,21.301989060047696,621.8634281382538,-0.6078221264073063,6.418067993672758,304.03448004803244
71.66999999999976,0.01,125.0,-1.0967254638671875E-5,21.302020407322477,622.0764480288543,-0.611087950432771,6.411989772408682,304.0986607279692
71.67999999999977,0.01,125.0,-0.0031533241271972656,21.302020297649932,622.2894682329277,-0.6143478419628338,6.405878892904351,304.16278062569336
71.68999999999977,0.01,125.0,-0.006293773651123047,21.30198876440866,622.5024884359043,-0.6176017688236818,6.399735414484719,304.2268394146224
71.69999999999978,0.01,125.0,-0.009428977966308594,21.301925826672147,622.7155083235485,-0.62084969890037,6.393559396796479,304.2908367687673
71.70999999999978,0.01,125.0,-0.012562274932861328,21.301831536892482,622.9285275818154,-0.6240916001371438,6.387350899807472,304.3547723627353
71.71999999999979,0.01,125.0,-0.01569366455078125,21.301705914143152,623.1415458971844,-0.6273274405377394,6.381109983806097,304.41864587173336
71.72999999999979,0.01,125.0,-0.01882028579711914,21.301548977497646,623.3545629563259,-0.630557188165722,6.374836709400717,304.4824569715715
71.7399999999998,0.01,125.0,-0.021944046020507812,21.301360774639676,623.567578446101,-0.6337808111447865,6.3685311375190565,304.5462053386655
71.7499999999998,0.01,125.0,-0.025064945220947266,21.30114133417947,623.7805920538475,-0.6369982776590756,6.362193329407606,304.6098906500407
71.7599999999998,0.01,125.0,-0.02818155288696289,21.30089068472726,623.9936034671894,-0.6402095559534934,6.355823346631012,304.6735125833348
71.76999999999981,0.01,125.0,-0.0312952995300293,21.300608869198392,624.2066123740367,-0.64341461433402,6.349421251071473,304.7370708168011
71.77999999999982,0.01,125.0,-0.034407615661621094,21.30029591620309,624.4196184627287,-0.6466134211680229,6.34298710492813,304.8005650293119
71.78999999999982,0.01,125.0,-0.03751420974731445,21.299951840046475,624.6326214218909,-0.6498059448845701,6.336520970716447,304.8639949003612
71.79999999999983,0.01,125.0,-0.040618896484375,21.299576697949004,624.8456209402915,-0.6529921539747413,6.330022911267598,304.9273601100684
71.80999999999983,0.01,125.0,-0.043718814849853516,21.299170508984158,625.0586167072711,-0.6561720169919394,6.323492989727847,304.9906603391811
71.81999999999984,0.01,125.0,-0.04681730270385742,21.29873332083566,625.271608412361,-0.6593455025521999,6.316931269557925,305.0538952690784
71.82999999999984,0.01,125.0,-0.049910545349121094,21.29826514780862,625.4845957455695,-0.6625125793345016,6.310337814532399,305.117064581774
71.83999999999985,0.01,125.0,-0.05300092697143555,21.29776604235513,625.6975783970478,-0.6656732160810751,6.303712688739051,305.18016795991934
71.84999999999985,0.01,125.0,-0.056087493896484375,21.297236033085415,625.9105560574715,-0.668827381597712,6.2970559565782365,305.24320508680677
71.85999999999986,0.01,125.0,-0.059171199798583984,21.29667515814645,626.1235284178024,-0.6719750447540719,6.290367682762256,305.3061756463726
71.86999999999986,0.01,125.0,-0.062250614166259766,21.29608344614846,626.336495169384,-0.6751161744839902,6.283647932314712,305.36907932320025
71.87999999999987,0.01,125.0,-0.06532669067382812,21.295460940006798,626.5494560038455,-0.6782507397857845,6.276896770569868,305.4319158025234
71.88999999999987,0.01,125.0,-0.06839942932128906,21.29480767310006,626.7624106132457,-0.681378709722561,6.270114263172007,305.4946847702291
71.89999999999988,0.01,125.0,-0.07146835327148438,21.294123678806848,626.9753586899768,-0.684500053422519,6.263300476074778,305.55738591286087
71.90999999999988,0.01,125.0,-0.07453536987304688,21.29340899527413,627.188299926765,-0.6876147400792564,6.256455475540549,305.6200189176216
71.91999999999989,0.01,125.0,-0.07759523391723633,21.292663641575402,627.4012340167178,-0.6907227389520733,6.249579328139753,305.6825834723771
71.9299999999999,0.01,125.0,-0.08065319061279297,21.29188768923623,627.6141606531337,-0.6938240193662758,6.242672100750229,305.7450792656585
71.9399999999999,0.01,125.0,-0.08370590209960938,21.2910811573301,627.8270795300261,-0.6969185507134779,6.235733860556563,305.807505986666
71.9499999999999,0.01,125.0,-0.08675670623779297,21.290244098309106,628.0399903415996,-0.7000063024519046,6.228764675049424,305.8698633252716
71.95999999999991,0.01,125.0,-0.08980274200439453,21.289376531246727,628.2528927825828,-0.7030872441066932,6.221764612024901,305.9321509720221
71.96999999999991,0.01,125.0,-0.09284639358520508,21.28847850382668,628.4657865478954,-0.7061613452701929,6.2147337395838305,305.9943686181424
71.97999999999992,0.01,125.0,-0.0958852767944336,21.287550039890828,628.6786713329337,-0.7092285756022666,6.207672126131125,306.05651595553826
71.98999999999992,0.01,125.0,-0.09891891479492188,21.286591187122884,628.8915468333328,-0.7122889048305889,6.200579840375099,306.1185926767996
71.99999999999993,0.01,125.0,-0.10194969177246094,21.285601997974933,629.1044127452041,-0.7153423027509461,6.193456951326789,306.1805984752034
72.00999999999993,0.01,125.0,-0.10497665405273438,21.28458250105721,629.3172687651839,-0.7183887392275334,6.186303528299276,306.2425330447167
72.01999999999994,0.01,125.0,-0.10799837112426758,21.28353273451668,629.5301145901947,-0.7214281841932527,6.179119640906997,306.3043960799997
72.02999999999994,0.01,125.0,-0.11101770401000977,21.282452750805437,629.7429499175399,-0.724460607650009,6.171905359065061,306.3661872764088
72.03999999999995,0.01,125.0,-0.11403226852416992,21.281342573765336,629.9557744450481,-0.7274859796690074,6.164660752988557,306.42790632999953
72.04999999999995,0.01,125.0,-0.11704158782958984,21.280202251080095,630.1685878707858,-0.730504270391047,6.157385893191863,306.4895529375294
72.05999999999996,0.01,125.0,-0.12004804611206055,21.2790318352018,630.3813898932967,-0.7335154500268175,6.150080850487949,306.55112679646135
72.06999999999996,0.01,125.0,-0.12305068969726562,21.277831354740677,630.5941802116489,-0.736519488857191,6.142745695987678,306.61262760496624
72.07999999999997,0.01,125.0,-0.12604808807373047,21.276600847843703,630.8069585251964,-0.7395163572335174,6.135380501099102,306.67405506192614
72.08999999999997,0.01,125.0,-0.1290431022644043,21.275340366962965,631.0197245336749,-0.7425060255779155,6.127985337526764,306.7354088669372
72.09999999999998,0.01,125.0,-0.13203191757202148,21.27404993594032,631.2324779373446,-0.7454884643835658,6.120560277270981,306.7966887203125
72.10999999999999,0.01,125.0,-0.13501644134521484,21.272729616764597,631.4452184367041,-0.7484636442150013,6.1131053926271415,306.85789432308525
72.11999999999999,0.01,125.0,-0.13799810409545898,21.271379452351145,631.6579457328718,-0.7514315357083982,6.105620756184988,306.91902537701156
72.13,0.01,125.0,-0.14097261428833008,21.26999947131019,631.8706595273954,-0.7543921095718656,6.0981064408279,306.98008158457344
72.14,0.01,125.0,-0.14394617080688477,21.268589745167304,632.0833595221087,-0.7573453365857349,6.0905625197321775,307.0410626489818
72.15,0.01,125.0,-0.1469125747680664,21.267150283459234,632.2960454195605,-0.7602911876028475,6.082989066366316,307.1019682741791
72.16000000000001,0.01,125.0,-0.14987754821777344,21.26568115771155,632.5087169223953,-0.7632296335488434,6.075386154490284,307.1627981648428
72.17000000000002,0.01,125.0,-0.15283489227294922,21.26418238222937,632.7213737339724,-0.7661606454224473,6.067753858154791,307.2235520263877
72.18000000000002,0.01,125.0,-0.1557903289794922,21.262654033306642,632.9340155577949,-0.7690841942957551,6.060092251700563,307.2842295649693
72.19000000000003,0.01,125.0,-0.1587381362915039,21.261096130016846,633.146642098128,-0.77200025131452,6.052401409757601,307.3448304874863
72.20000000000003,0.01,125.0,-0.16168546676635742,21.25950874865393,633.3592530594283,-0.7749087876984363,6.044681407244452,307.40535450158393
72.21000000000004,0.01,125.0,-0.16462469100952148,21.257891893986265,633.5718481469149,-0.7778097747414243,6.036932319367464,307.4658013156564
72.22000000000004,0.01,125.0,-0.16756200790405273,21.25624564707617,633.7844270658549,-0.7807031838119127,6.029154221620046,307.5261706388501
72.23000000000005,0.01,125.0,-0.17049264907836914,21.25457002699713,633.9969895223257,-0.7835889863531226,6.021347189781923,307.58646218106634
72.24000000000005,0.01,125.0,-0.17341995239257812,21.252865100506344,634.2095352225958,-0.7864671538833475,6.013511299918388,307.6466756529642
72.25000000000006,0.01,125.0,-0.17634105682373047,21.251130900982417,634.422063873601,-0.7893376579962362,6.005646628379551,307.7068107659634
72.26000000000006,0.01,125.0,-0.1792583465576172,21.24936749041418,634.634575182611,-0.7922004703610718,5.997753251799584,307.7668672322472
72.27000000000007,0.01,125.0,-0.18217039108276367,21.247574906948604,634.8470688575153,-0.7950555627230519,5.989831247095969,307.8268447647652
72.28000000000007,0.01,125.0,-0.18507909774780273,21.245753203037776,635.0595446065848,-0.7979029069035677,5.981880691468734,307.8867430772362
72.29000000000008,0.01,125.0,-0.18798160552978516,21.243902412060297,635.2720021386153,-0.8007424748004817,5.973901662399695,307.9465618841509
72.30000000000008,0.01,125.0,-0.19087982177734375,21.242022596004997,635.4844411627361,-0.8035742383884049,5.9658942376516855,308.00630090077493
72.31000000000009,0.01,125.0,-0.19377422332763672,21.240113797787224,635.6968613886962,-0.8063981697189743,5.957858495267797,308.06595984315146
72.32000000000009,0.01,125.0,-0.19666194915771484,21.238176055553946,635.9092625266742,-0.8092142409211273,5.949794513570604,308.12553842810416
72.3300000000001,0.01,125.0,-0.19954442977905273,21.236209436062367,636.1216442872299,-0.8120224242013784,5.941702371161388,308.1850363732399
72.3400000000001,0.01,125.0,-0.2024245262145996,21.234213991764577,636.3340063815906,-0.8148226918440921,5.93358214691937,308.24445339695154
72.35000000000011,0.01,125.0,-0.20529747009277344,21.23218974650243,636.5463485215083,-0.8176150162117574,5.925433920000925,308.3037892184208
72.36000000000011,0.01,125.0,-0.20816469192504883,21.230136771801504,636.7586704189735,-0.82039936974526,5.917257769838804,308.3630435576208
72.37000000000012,0.01,125.0,-0.2110295295715332,21.228055124882253,636.9709717866916,-0.8231757249641548,5.909053776141347,308.4222161353192
72.38000000000012,0.01,125.0,-0.21388816833496094,21.22594482958654,637.1832523379405,-0.8259440544669364,5.900822018891701,308.48130667308067
72.39000000000013,0.01,125.0,-0.21674108505249023,21.223805947903188,637.3955117862365,-0.8287043309313102,5.892562578347028,308.5403148932696
72.40000000000013,0.01,125.0,-0.2195892333984375,21.221638537052662,637.6077498457156,-0.8314565271144623,5.884275535037711,308.5992405190531
72.41000000000014,0.01,125.0,-0.22243118286132812,21.219442644718676,637.8199662310863,-0.834200615853327,5.875960969766562,308.6580832744035
72.42000000000014,0.01,125.0,-0.22526979446411133,21.217218332890063,638.0321606575335,-0.8369365700648566,5.867618963608025,308.7168428841012
72.43000000000015,0.01,125.0,-0.2281022071838379,21.214965634945422,638.2443328408625,-0.8396643627462873,5.859249597907372,308.7755190737373
72.44000000000015,0.01,125.0,-0.23093032836914062,21.21268461287358,638.456482497212,-0.842383966975407,5.850852954279905,308.8341115697164
72.45000000000016,0.01,125.0,-0.23375225067138672,21.21037530958989,638.6686093433409,-0.8450953559108194,5.842429114610146,308.89262009925926
72.46000000000016,0.01,125.0,-0.23656892776489258,21.208037787083175,638.8807130964369,-0.8477985027922106,5.833978161051034,308.9510443904054
72.47000000000017,0.01,125.0,-0.2393798828125,21.205672097805525,639.0927934743079,-0.8504933809406122,5.825500176023107,309.0093841720159
72.48000000000017,0.01,125.0,-0.2421855926513672,21.2032782989774,639.304850195286,-0.8531799637586649,5.816995242213697,309.0676391737762
72.49000000000018,0.01,125.0,-0.24498748779296875,21.200856443050885,639.5168829782759,-0.8558582247308808,5.808463442576105,309.12580912619836
72.50000000000018,0.01,125.0,-0.24778270721435547,21.198406568172953,639.7288915427065,-0.8585281374239053,5.799904860328792,309.18389376062413
72.51000000000019,0.01,125.0,-0.25057268142700195,21.195928741100808,639.9408756083883,-0.861189675486778,5.791319578954549,309.24189280922747
72.5200000000002,0.01,125.0,-0.2533583641052246,21.193423014286537,640.1528348957994,-0.863842812651193,5.782707682199677,309.29980600501705
72.5300000000002,0.01,125.0,-0.256136417388916,21.190889430645484,640.3647691259424,-0.8664875227317573,5.774069254073161,309.3576330818391
72.5400000000002,0.01,125.0,-0.2589101791381836,21.188328066471595,640.576678020249,-0.8691237796262503,5.7654043788458385,309.4153737743798
72.55000000000021,0.01,125.0,-0.26167821884155273,21.185738964680212,640.7885613009138,-0.8717515573158806,5.7567131410495715,309.4730278181683
72.56000000000022,0.01,125.0,-0.26444101333618164,21.183122182491797,641.0004186905607,-0.8743708298655435,5.747995625476408,309.5305949495788
72.57000000000022,0.01,125.0,-0.2671976089477539,21.180477772358433,641.2122499123857,-0.8769815714240761,5.739251917177748,309.5880749058336
72.58000000000023,0.01,125.0,-0.26994848251342773,21.177805796268952,641.4240546901094,-0.8795837562245135,5.730482101463503,309.6454674250054
72.59000000000023,0.01,125.0,-0.27269411087036133,21.175106311443816,641.6358327480722,-0.8821773585843419,5.721686263901253,309.70277224602006
72.60000000000024,0.01,125.0,-0.2754344940185547,21.17237937033511,641.8475838111867,-0.8847623529057536,5.712864490315405,309.7599891086591
72.61000000000024,0.01,125.0,-0.2781686782836914,21.169625025394925,642.0593076048901,-0.8873387136758977,5.7040168667863425,309.8171177535623
72.62000000000025,0.01,125.0,-0.2808966636657715,21.166843338612086,642.2710038551442,-0.8899064154671339,5.695143479649579,309.87415792223015
72.63000000000025,0.01,125.0,-0.28362035751342773,21.164034371975426,642.4826722885304,-0.892465432937282,5.686244415494903,309.9311093570267
72.64000000000026,0.01,125.0,-0.28633594512939453,21.16119816840029,642.6943126322502,-0.8950157408298727,5.677319761165525,309.9879718011817
72.65000000000026,0.01,125.0,-0.2890477180480957,21.158334808948993,642.9059246139343,-0.8975573139743966,5.668369603757221,310.04474499879336
72.66000000000027,0.01,125.0,-0.29175329208374023,21.15544433176851,643.1175079620239,-0.9000901272865531,5.659394030617473,310.101428694831
72.67000000000027,0.01,125.0,-0.2944526672363281,21.15252679884767,643.3290624053417,-0.9026141557684972,5.650393129344603,310.1580226351372
72.68000000000028,0.01,125.0,-0.2971467971801758,21.149582272175305,643.5405876733303,-0.9051293745090867,5.641366987786913,310.21452656643066
72.69000000000028,0.01,125.0,-0.2998337745666504,21.1466108042035,643.7520834960521,-0.9076357586841282,5.632315694041818,310.27094023630855
72.70000000000029,0.01,125.0,-0.30251598358154297,21.14361246645783,643.9635496040943,-0.9101332835566216,5.623239336454972,310.327263393249
72.71000000000029,0.01,125.0,-0.3051910400390625,21.140587306622013,644.174985728759,-0.9126219244770049,5.614138003619401,310.38349578661354
72.7200000000003,0.01,125.0,-0.3078622817993164,21.137535396221622,644.3863916018254,-0.9151016568833967,5.605011784374627,310.43963716664973
72.7300000000003,0.01,125.0,-0.31052494049072266,21.134456773403627,644.5977669557877,-0.9175724563018395,5.595860767805788,310.4956872844935
72.74000000000031,0.01,125.0,-0.31318235397338867,21.13135152399872,644.8091115235219,-0.9200342983465403,5.586685043242765,310.55164589217156
72.75000000000031,0.01,125.0,-0.31583547592163086,21.128219700458985,645.020425038762,-0.9224871587201122,5.577484700259295,310.607512742604
72.76000000000032,0.01,125.0,-0.3184804916381836,21.125061345699766,645.2317072357667,-0.9249310132138135,5.5682598286720895,310.6632875896066
72.77000000000032,0.01,125.0,-0.3211193084716797,21.121876540783383,645.4429578492238,-0.9273658377077868,5.559010518539947,310.7189701878934
72.78000000000033,0.01,125.0,-0.32375335693359375,21.118665347698663,645.6541766146318,-0.9297916081712977,5.549736860162864,310.7745602930788
72.79000000000033,0.01,125.0,-0.32637977600097656,21.115427814129326,645.8653632681088,-0.9322083006629708,5.540438944081146,310.8300576616805
72.80000000000034,0.01,125.0,-0.32900142669677734,21.112164016369313,646.0765175462502,-0.9346158913310267,5.531116861074511,310.88546205112135
72.81000000000034,0.01,125.0,-0.3316159248352051,21.108874002102343,646.287639186414,-0.9370143564135179,5.521770702161196,310.94077321973214
72.82000000000035,0.01,125.0,-0.3342247009277344,21.10555784285399,646.4987279264352,-0.9394036722385621,5.512400558597056,310.9959909267538
72.83000000000035,0.01,125.0,-0.3368263244628906,21.10221559584471,646.7097835048638,-0.9417838152245768,5.503006521874665,311.0511149323398
72.84000000000036,0.01,125.0,-0.33942222595214844,21.09884733260008,646.9208056608223,-0.9441547618805114,5.493588683722415,311.10614499755854
72.85000000000036,0.01,125.0,-0.3420124053955078,21.095453110340557,647.1317941341484,-0.9465164888060797,5.484147136103605,311.1610808843958
72.86000000000037,0.01,125.0,-0.34459590911865234,21.0920329862866,647.342748665252,-0.9488689726919907,5.4746819712155395,311.21592235575685
72.87000000000037,0.01,125.0,-0.34717226028442383,21.088587027195413,647.553668995115,-0.9512121903201779,5.465193281488615,311.27066917546904
72.88000000000038,0.01,125.0,-0.3497428894042969,21.085115304592566,647.764554865387,-0.9535461185640293,5.455681159585408,311.32532110828396
72.89000000000038,0.01,125.0,-0.3523068428039551,21.081617875698523,647.9754060184331,-0.9558707343886156,5.446145698399763,311.37987791987985
72.90000000000039,0.01,125.0,-0.35486316680908203,21.07809480727048,648.1862221971902,-0.9581860148509167,5.436586991055872,311.4343393768639
72.9100000000004,0.01,125.0,-0.35741567611694336,21.07454617560239,648.397003145263,-0.9604919371000495,5.427005130907358,311.4887052467745
72.9200000000004,0.01,125.0,-0.35995960235595703,21.070972018841218,648.6077486070192,-0.9627884783774923,5.417400211536353,311.5429752980836
72.9300000000004,0.01,125.0,-0.36249828338623047,21.067372422817655,648.8184583272077,-0.9650756160173097,5.407772326752573,311.597149300199
72.94000000000041,0.01,125.0,-0.36503028869628906,21.063747439983793,649.029132051436,-0.9673533274463767,5.398121570592395,311.65122702346656
72.95000000000041,0.01,125.0,-0.3675546646118164,21.06009713709683,649.239769525836,-0.9696215901846008,5.388448037317927,311.7052082391725
72.96000000000042,0.01,125.0,-0.3700728416442871,21.056421590450707,649.450370497207,-0.9718803818451448,5.378751821416076,311.7590927195457
72.97000000000043,0.01,125.0,-0.37258434295654297,21.052720862034263,649.6609347131116,-0.9741296801346467,5.369033017597619,311.8128802377599
72.98000000000043,0.01,125.0,-0.3750901222229004,21.048995018604696,649.871461921732,-0.9763694628534407,5.359291720796268,311.86657056793587
72.99000000000044,0.01,125.0,-0.37758827209472656,21.045244117382467,650.0819518719181,-0.9785997078957754,5.349528026167729,311.92016348514386
73.00000000000044,0.01,125.0,-0.3800792694091797,21.04146823466152,650.2924043130921,-0.9808203932500327,5.339742029088766,311.97365876540556
73.01000000000045,0.01,125.0,-0.38256359100341797,21.037667441967425,650.5028189954388,-0.9830314969989447,5.329933825156261,312.0270561856965
73.02000000000045,0.01,125.0,-0.385042667388916,21.03384180605739,650.7131956698586,-0.98523299731981,5.320103510186267,312.08035552394807
73.03000000000046,0.01,125.0,-0.3875141143798828,21.029991379383496,650.9235340879193,-0.9874248724847091,5.310251180213064,312.13355655904996
73.04000000000046,0.01,125.0,-0.38997888565063477,21.026116238239695,651.1338340017132,-0.9896071008607192,5.300376931488212,312.1866590708521
73.05000000000047,0.01,125.0,-0.39243602752685547,21.022216449383187,651.3440951640957,-0.9917796609101273,5.290480860479599,312.239662840167
73.06000000000047,0.01,125.0,-0.39488744735717773,21.018292089107916,651.5543173285897,-0.993942531190645,5.280563063870493,312.2925676487718
73.07000000000048,0.01,125.0,-0.39733076095581055,21.014343214634344,651.7645002494809,-0.9960956903556111,5.270623638558582,312.3453732794105
73.08000000000048,0.01,125.0,-0.3997683525085449,21.010369907024785,651.9746436816273,-0.9982391171542164,5.26066268165502,312.39807951579616
73.09000000000049,0.01,125.0,-0.40219926834106445,21.006372223499696,652.1847473806977,-1.0003727904317037,5.250680290483473,312.4506861426127
73.10000000000049,0.01,125.0,-0.40462160110473633,21.002350230816283,652.3948111029327,-1.0024966891295788,5.240676562579151,312.5031929455176
73.1100000000005,0.01,125.0,-0.40703725814819336,20.998304014805235,652.604834605241,-1.0046107922858194,5.23065159568785,312.55559971114343
73.1200000000005,0.01,125.0,-0.40944766998291016,20.99423364222375,652.8148176453891,-1.006715079035081,5.220605487764987,312.60790622710033
73.1300000000005,0.01,125.0,-0.4118499755859375,20.99013916552392,653.0247599818115,-1.0088095286089025,5.210538336974631,312.660112281978
73.14000000000051,0.01,125.0,-0.4142441749572754,20.98602066576806,653.2346613734668,-1.0108941203359123,5.200450241688537,312.7122176653478
73.15000000000052,0.01,125.0,-0.41663312911987305,20.981878224018484,653.4445215801246,-1.0129688336420317,5.190341300485173,312.76422216776473
73.16000000000052,0.01,125.0,-0.41901445388793945,20.97771189272728,653.6543403623649,-1.015033648050678,5.180211612148748,312.8161255807696
73.17000000000053,0.01,125.0,-0.4213881492614746,20.9735217481884,653.8641174812923,-1.0170885431829666,5.170061275668235,312.8679276968911
73.18000000000053,0.01,125.0,-0.4237556457519531,20.969307866695782,654.0738526987743,-1.019133498757912,5.1598903902364,312.9196283096478
73.19000000000054,0.01,125.0,-0.4261150360107422,20.96507031023826,654.2835457774414,-1.0211684945926283,5.149699055248816,312.9712272135502
73.20000000000054,0.01,125.0,-0.4284682273864746,20.960809159878153,654.4931964805439,-1.023193510602528,5.139487370302884,313.0227242041027
73.21000000000055,0.01,125.0,-0.4308128356933594,20.956524477604287,654.7028045721428,-1.025208526801521,5.129255435196853,313.07411907780573
73.22000000000055,0.01,125.0,-0.4331507682800293,20.95221634924735,654.912369816919,-1.0272135233022106,5.119003349928833,313.12541163215775
73.23000000000056,0.01,125.0,-0.4354829788208008,20.947884841564548,655.1218919804115,-1.029208480316091,5.108731214695806,313.1766016656571
73.24000000000056,0.01,125.0,-0.4378061294555664,20.94353001177634,655.3313708288273,-1.031193378153742,5.09843912989264,313.22768897780406
73.25000000000057,0.01,125.0,-0.4401211738586426,20.93915195048178,655.5408061289452,-1.0331681972250228,5.088127196111097,313.278673369103
73.26000000000057,0.01,125.0,-0.4424304962158203,20.93475073874319,655.7501976484501,-1.0351329180392668,5.077795514138842,313.32955464106414
73.27000000000058,0.01,125.0,-0.4447331428527832,20.93032643378103,655.9595451558376,-1.0370875212054724,5.067444184958444,313.38033259620556
73.28000000000058,0.01,125.0,-0.44702672958374023,20.9258791023525,656.1688484201756,-1.039031987432496,5.057073309746384,313.43100703805516
73.29000000000059,0.01,125.0,-0.4493136405944824,20.92140883505666,656.3781072111992,-1.0409662975292406,5.046682989872053,313.4815777711527
73.3000000000006,0.01,125.0,-0.45159435272216797,20.916915698650712,656.5873212995499,-1.0428904324048465,5.036273326896755,313.53204460105144
73.3100000000006,0.01,125.0,-0.45386505126953125,20.912399755123488,656.7964904565365,-1.0448043730688792,5.0258444225727015,313.5824073343204
73.3200000000006,0.01,125.0,-0.4561300277709961,20.90786110461079,657.0056144540879,-1.046708100631517,5.0153963788420075,313.63266577854614
73.33000000000061,0.01,125.0,-0.4583878517150879,20.90329980433308,657.2146930651342,-1.0486015963037378,5.004929297835687,313.6828197423346
73.34000000000061,0.01,125.0,-0.4606361389160156,20.898715925815928,657.4237260631776,-1.0504848413975034,4.994443281872645,313.73286903531294
73.35000000000062,0.01,125.0,-0.4628787040710449,20.894109564426767,657.6327132224359,-1.0523578173259454,4.983938433458665,313.7828134681317
73.36000000000062,0.01,125.0,-0.46511411666870117,20.889480777386055,657.8416543180803,-1.0542205056035467,4.9734148552854,313.8326528524663
73.37000000000063,0.01,125.0,-0.46734094619750977,20.884829636219365,658.0505491258542,-1.056072887846327,4.962872650229359,313.8823870010192
73.38000000000063,0.01,125.0,-0.4695601463317871,20.88015622675739,658.2593974222165,-1.057914945772021,4.952311921350891,313.9320157275215
73.39000000000064,0.01,125.0,-0.4717721939086914,20.875460625294068,658.4681989844842,-1.0597466612002602,4.941732771893165,313.981538846735
73.40000000000065,0.01,125.0,-0.47397661209106445,20.870742903354977,658.6769535907372,-1.0615680160527534,4.931135305281157,314.030956174454
73.41000000000065,0.01,125.0,-0.47617292404174805,20.866003137234063,658.8856610197709,-1.0633789923534633,4.920519625120624,314.0802675275068
73.42000000000066,0.01,125.0,-0.4783611297607422,20.861241407993642,659.0943210511433,-1.0651795722287851,4.909885835197084,314.12947272375806
73.43000000000066,0.01,125.0,-0.4805426597595215,20.85645779669603,659.3029334652233,-1.066969737907722,4.89923403947479,314.17857158211007
73.44000000000067,0.01,125.0,-0.48271703720092773,20.85165237009843,659.5114980431904,-1.068749471722062,4.888564342095708,314.2275639225048
73.45000000000067,0.01,125.0,-0.4848814010620117,20.84682519972642,659.7200145668915,-1.0705187561065503,4.877876847378482,314.2764495659258
73.46000000000068,0.01,125.0,-0.48703908920288086,20.8419763857158,659.9284828188888,-1.0722775735990646,4.86717165981741,314.32522833439964
73.47000000000068,0.01,125.0,-0.48918962478637695,20.83710599482377,660.1369025827461,-1.0740259068407865,4.856448884081415,314.37390005099786
73.48000000000069,0.01,125.0,-0.4913325309753418,20.832214098575903,660.3452736426945,-1.075763738576372,4.8457086250130015,314.4224645398387
73.49000000000069,0.01,125.0,-0.4934673309326172,20.82730077326615,660.5535957836803,-1.0774910516541245,4.8349509876272325,314.47092162608885
73.5000000000007,0.01,125.0,-0.49559450149536133,20.82236609995682,660.761868791413,-1.0792078290261604,4.824176077110685,314.51927113596514
73.5100000000007,0.01,125.0,-0.497713565826416,20.817410154941864,660.9700924524127,-1.0809140537485806,4.813383998820418,314.5675128967363
73.5200000000007,0.01,125.0,-0.49982309341430664,20.8124330192836,661.1782665539622,-1.0826097089816358,4.802574858282927,314.6156467367245
73.53000000000071,0.01,125.0,-0.5019268989562988,20.807434788349454,661.3863908841552,-1.0842947779898933,4.791748761193105,314.66367248530736
73.54000000000072,0.01,125.0,-0.5040225982666016,20.80241551935989,661.5944652320387,-1.0859692441424025,4.7809058134132005,314.71158997291934
73.55000000000072,0.01,125.0,-0.5061101913452148,20.797375293377222,661.8024893872324,-1.0876330909128582,4.770046120971771,314.7593990310535
73.56000000000073,0.01,125.0,-0.5081882476806641,20.792314191463767,662.0104631401663,-1.0892863018797647,4.759169790062637,314.8070994922632
73.57000000000073,0.01,125.0,-0.510261058807373,20.787232308986958,662.218386282081,-1.0909288607265972,4.748276927043833,314.85469119016386
73.58000000000074,0.01,125.0,-0.5123229026794434,20.782129698398883,662.426258605171,-1.092560751241963,4.737367638436562,314.9021739594343
73.59000000000074,0.01,125.0,-0.514378547668457,20.777006469372086,662.6340799021551,-1.0941819573197613,4.726442030924137,314.9495476358187
73.60000000000075,0.01,125.0,-0.5164251327514648,20.7718626838954,662.8418499668489,-1.0957924629593432,4.715500211350934,314.99681205612796
73.61000000000075,0.01,125.0,-0.5184636116027832,20.766698432567882,663.049568593688,-1.0973922522656674,4.704542286721335,315.0439670582415
73.62000000000076,0.01,125.0,-0.5204954147338867,20.76151379645185,663.2572355780138,-1.09898130944946,4.693568364198672,315.09101248110875
73.63000000000076,0.01,125.0,-0.5225200653076172,20.75630884230451,663.4648507159784,-1.1005596188273679,4.6825785511041715,315.13794816475075
73.64000000000077,0.01,125.0,-0.5245342254638672,20.75108364165143,663.6724138044016,-1.1021271648221145,4.671572954915892,315.18477395026184
73.65000000000077,0.01,125.0,-0.5265393257141113,20.745838299396787,663.8799246408182,-1.103683931962654,4.6605516832676654,315.23148967981103
73.66000000000078,0.01,125.0,-0.5285391807556152,20.740572906139644,664.0873830238123,-1.1052299048843228,4.649514843948033,315.27809519664373
73.67000000000078,0.01,125.0,-0.5305280685424805,20.735287514332086,664.2947887528738,-1.106765068328993,4.638462544899184,315.3245903450832
73.68000000000079,0.01,125.0,-0.5325117111206055,20.72998223364666,664.5021416280173,-1.1082894071452203,4.627394894215889,315.37097497053225
73.6900000000008,0.01,125.0,-0.5344858169555664,20.72465711653545,664.7094414503539,-1.1098029062883967,4.616312000144431,315.41724891947445
73.7000000000008,0.01,125.0,-0.5364513397216797,20.719312258365893,664.9166880215193,-1.1113055508208967,4.605213971081541,315.46341203947594
73.7100000000008,0.01,125.0,-0.5384078025817871,20.713947744968674,665.1238811441032,-1.1127973259122246,4.594100915573327,315.5094641791868
73.72000000000081,0.01,125.0,-0.5403571128845215,20.708563666942855,665.331020621553,-1.1142782168391632,4.582972942314199,315.55540518834255
73.73000000000081,0.01,125.0,-0.5422968864440918,20.703160095814006,665.5381062582225,-1.1157482089859168,4.571830160145802,315.60123491776574
73.74000000000082,0.01,125.0,-0.5442299842834473,20.697737126949562,665.7451378591807,-1.1172072878442565,4.560672678055937,315.6469532193672
73.75000000000082,0.01,125.0,-0.5461549758911133,20.692294827106725,665.9521152304502,-1.1186554390136625,4.549500605177489,315.6925599461478
73.76000000000083,0.01,125.0,-0.5480709075927734,20.686833277347812,666.1590381787214,-1.120092648201468,4.5383140507873465,315.7380549521996
73.77000000000083,0.01,125.0,-0.5499768257141113,20.681352568271883,666.365906511495,-1.121518901222998,4.527113124305326,315.7834380927075
73.78000000000084,0.01,125.0,-0.5518765449523926,20.675852800014738,666.5727200371779,-1.1229341840017113,4.51589793529309,315.82870922395057
73.79000000000084,0.01,125.0,-0.5537681579589844,20.67033403456521,666.7794785651781,-1.1243384825693383,4.504668593453067,315.8738682033035
73.80000000000085,0.01,125.0,-0.5556492805480957,20.66479635298562,666.9861819055238,-1.1257317830660192,4.493425208627368,315.91891488923807
73.81000000000085,0.01,125.0,-0.5575242042541504,20.659239860180136,667.1928298690538,-1.1271140717404402,4.482167890796702,315.9638491413244
73.82000000000086,0.01,125.0,-0.5593891143798828,20.653664618137594,667.3994222676556,-1.1284853349499702,4.470896750079292,316.00867082023234
73.83000000000087,0.01,125.0,-0.561246395111084,20.64807072699379,667.6059589138371,-1.129845559160795,4.459611896729786,316.05337978773315
73.84000000000087,0.01,125.0,-0.5630936622619629,20.642458263042677,667.8124396211072,-1.1311947309480508,4.448313441138173,316.09797590670047
73.85000000000088,0.01,125.0,-0.564934253692627,20.636827326420054,668.0188642037377,-1.1325328369959569,4.437001493828687,316.14245904111186
73.86000000000088,0.01,125.0,-0.5667643547058105,20.631177983883124,668.225232477002,-1.1338598640979467,4.425676165458722,316.18682905605016
73.87000000000089,0.01,125.0,-0.5685868263244629,20.625510340336064,668.431544256841,-1.1351757991567983,4.4143375668177365,316.23108581770475
73.88000000000089,0.01,125.0,-0.5704021453857422,20.619824472072818,668.6377993602445,-1.136480629184764,4.402985808826163,316.275229193373
73.8900000000009,0.01,125.0,-0.5722064971923828,20.61412045061896,668.8439976049652,-1.1377743413036985,4.391621002534309,316.31925905146124
73.9000000000009,0.01,125.0,-0.5740046501159668,20.608398385647032,669.0501388094715,-1.139056922745185,4.380243259121267,316.3631752614866
73.9100000000009,0.01,125.0,-0.5757908821105957,20.60265833914587,669.2562227933281,-1.140328360850663,4.368852689893809,316.40697769407785
73.92000000000091,0.01,125.0,-0.5775713920593262,20.59690043032476,669.4622493767197,-1.1415886430715512,4.357449406285297,316.4506662209768
73.93000000000092,0.01,125.0,-0.5793428421020508,20.591124716404163,669.668218381023,-1.142837756969373,4.346033519854576,316.49424071503967
73.94000000000092,0.01,125.0,-0.5811057090759277,20.58533128798314,669.8741296281872,-1.1440756902158786,4.334605142284876,316.53770105023824
73.95000000000093,0.01,125.0,-0.5828571319580078,20.579520230892378,670.0799829410672,-1.145302430593167,4.323164385382712,316.5810471016611
73.96000000000093,0.01,125.0,-0.5846023559570312,20.573691659572795,670.2857781433762,-1.1465179659938052,4.3117113610767746,316.62427874551497
73.97000000000094,0.01,125.0,-0.5863404273986816,20.56784563601322,670.491515059972,-1.14772228442095,4.3002461814168305,316.66739585912575
73.98000000000094,0.01,125.0,-0.588066577911377,20.561982231739233,670.6971935163323,-1.1489153739884648,4.288768958572615,316.71039832093993
73.99000000000095,0.01,125.0,-0.589785099029541,20.556101565960116,670.9028133386498,-1.1500972229210369,4.277279804832725,316.7532860105257
74.00000000000095,0.01,125.0,-0.5914931297302246,20.55020371496982,671.1083743543095,-1.1512678195542945,4.265778832603509,316.79605880857406
74.01000000000096,0.01,125.0,-0.5931949615478516,20.544288783672513,671.3138763914593,-1.1524271523349217,4.25426615440796,316.8387165969001
74.02000000000096,0.01,125.0,-0.5948867797851562,20.538356834057033,671.5193192792962,-1.1535752098207719,4.242741882884604,316.8812592584442
74.03000000000097,0.01,125.0,-0.5965700149536133,20.53240796625918,671.7247028476369,-1.1547119806809811,4.231206130786391,316.92368667727305
74.04000000000097,0.01,125.0,-0.5982451438903809,20.52644226610964,671.9300269272995,-1.1558374536960798,4.2196590109795755,316.96599873858094
74.05000000000098,0.01,125.0,-0.599909782409668,20.520459814670733,672.1352913499608,-1.1569516177581038,4.208100636442609,317.00819532869076
74.06000000000098,0.01,125.0,-0.6015663146972656,20.514460716846635,672.3404959481076,-1.1580544618707038,4.196531120265022,317.05027633505523
74.07000000000099,0.01,125.0,-0.603215217590332,20.50844505369966,672.5456405552761,-1.1591459751492534,4.184950575646309,317.0922416462579
74.080000000001,0.01,125.0,-0.604853630065918,20.502412901523755,672.7507250058133,-1.1602261468209571,4.173359115894811,317.1340911520144
74.090000000001,0.01,125.0,-0.6064839363098145,20.496364365223094,672.9557491348286,-1.1612949662249568,4.161756854426595,317.17582474317334
74.100000000001,0.01,125.0,-0.6081056594848633,20.490299525859992,673.160712778481,-1.1623524228124364,4.150143904764339,317.2174423117176
74.11000000000101,0.01,125.0,-0.6097168922424316,20.48421846926514,673.3656157737397,-1.1633985061467265,4.1385203805362085,317.2589437507653
74.12000000000101,0.01,125.0,-0.6113200187683105,20.478121300342714,673.5704579584325,-1.1644332059034068,4.1268863954747355,317.30032895457066
74.13000000000102,0.01,125.0,-0.6129140853881836,20.472008100155026,673.775239171436,-1.165456511870408,4.115242063415695,317.34159781852543
74.14000000000102,0.01,125.0,-0.614499568939209,20.46587895930114,673.9799592524378,-1.1664684139481138,4.103587498296985,317.38275023915963
74.15000000000103,0.01,125.0,-0.6160745620727539,20.459733963611743,674.1846180420309,-1.1674689021494595,4.091922814157498,317.4237861141426
74.16000000000103,0.01,125.0,-0.6176414489746094,20.453573217991014,674.3892153816671,-1.1684579666000297,4.080248125135998,317.4647053422842
74.17000000000104,0.01,125.0,-0.6192002296447754,20.447396803501263,674.5937511138471,-1.169435597538158,4.068563545469991,317.5055078235356
74.18000000000104,0.01,125.0,-0.6207489967346191,20.44120480120481,674.7982250818823,-1.1704017853150217,4.056869189494604,317.54619345899033
74.19000000000105,0.01,125.0,-0.6222867965698242,20.434997311237463,675.0026371298944,-1.1713565203947376,4.045165171641448,317.5867621508853
74.20000000000105,0.01,125.0,-0.6238188743591309,20.428774443271763,675.2069871030069,-1.1722997933544557,4.033451606437494,317.6272138026017
74.21000000000106,0.01,125.0,-0.6253399848937988,20.42253625452817,675.4112748474397,-1.1732315948844525,4.021728608503944,317.6675483186661
74.22000000000106,0.01,125.0,-0.6268529891967773,20.416282854679228,675.615500209985,-1.1741519157882239,4.009996292555093,317.70776560475116
74.23000000000107,0.01,125.0,-0.6283555030822754,20.410014324787255,675.819663038532,-1.1750607469825731,3.9982547733972047,317.74786556767674
74.24000000000107,0.01,125.0,-0.629849910736084,20.40373076975643,676.0237631817799,-1.1759580794977038,3.986504165927373,317.7878481154107
74.25000000000108,0.01,125.0,-0.6313347816467285,20.397432270649066,676.2278004894777,-1.1768439044773062,3.97474458513239,317.82771315707004
74.26000000000109,0.01,125.0,-0.6328091621398926,20.391118922832597,676.4317748121842,-1.1777182131786454,3.9629761460876107,317.86746060292137
74.27000000000109,0.01,125.0,-0.6342763900756836,20.384790831211195,676.6356860014126,-1.1785809969726475,3.951198963955818,317.90709036438227
74.2800000000011,0.01,125.0,-0.6357331275939941,20.378448067310433,676.8395339097249,-1.1794322473439847,3.9394131539860857,317.9466023540219
74.2900000000011,0.01,125.0,-0.6371827125549316,20.37209073603449,677.0433183903981,-1.1802719558911592,3.92761883151264,317.98599648556177
74.3000000000011,0.01,125.0,-0.6386213302612305,20.36571890890894,677.2470392977585,-1.1811001143265871,3.9158161119537223,318.02527267387694
74.31000000000111,0.01,125.0,-0.6400508880615234,20.359332695606323,677.4506964868477,-1.181916714476679,3.9040051108104503,318.0644308349965
74.32000000000112,0.01,125.0,-0.6414713859558105,20.352932186725706,677.6542898138039,-1.1827217482819208,3.8921859436656776,318.1034708861046
74.33000000000112,0.01,125.0,-0.642880916595459,20.346517472866143,677.8578191356712,-1.1835152077969537,3.8803587261828523,318.1423927455413
74.34000000000113,0.01,125.0,-0.6442828178405762,20.340088663700186,678.0612843104,-1.1842970851906534,3.8685235741048767,318.18119633280315
74.35000000000113,0.01,125.0,-0.6456756591796875,20.33364583552178,678.2646851970371,-1.1850673727462049,3.856680603252964,318.2198815685442
74.36000000000114,0.01,125.0,-0.6470584869384766,20.32718907892998,678.4680216553925,-1.1858260628611812,3.844829929525496,318.2584483745768
74.37000000000114,0.01,125.0,-0.6484313011169434,20.320718494060593,678.6712935461819,-1.1865731480476172,3.832971668896878,318.2968966738721
74.38000000000115,0.01,125.0,-0.6497950553894043,20.31423418104942,678.8745007311227,-1.1873086209320838,3.821105937416396,318.33522639056105
74.39000000000115,0.01,125.0,-0.6511502265930176,20.307736230495525,679.0776430729333,-1.1880324742557606,3.809232851207069,318.37343744993524
74.40000000000116,0.01,125.0,-0.6524958610534668,20.30122472822959,679.2807204352383,-1.1887447008745076,3.7973525264645054,318.41152977844735
74.41000000000116,0.01,125.0,-0.6538324356079102,20.294699769619054,679.4837326825207,-1.1894452937589353,3.7854650794557543,318.449503303712
74.42000000000117,0.01,125.0,-0.6551589965820312,20.288161445262972,679.6866796802169,-1.1901342459944755,3.773570626518159,318.4873579545066
74.43000000000117,0.01,125.0,-0.6564764976501465,20.281609855297148,679.8895612946696,-1.1908115507814465,3.761669284058208,318.5250936607718
74.44000000000118,0.01,125.0,-0.6577844619750977,20.275045090320642,680.0923773932227,-1.1914772014351243,3.7497611685503873,318.56271035361243
74.45000000000118,0.01,125.0,-0.6590819358825684,20.268467245700887,680.295127844126,-1.1921311913858055,3.73784639653603,318.60020796529795
74.46000000000119,0.01,125.0,-0.6603703498840332,20.261876426342056,680.4978125165832,-1.1927735141788733,3.725925084622166,318.6375864292633
74.47000000000119,0.01,125.0,-0.6616511344909668,20.255272722843213,680.7004312808467,-1.1934041634748611,3.713997349480371,318.67484568010957
74.4800000000012,0.01,125.0,-0.6629204750061035,20.2486562114983,680.9029840080752,-1.1940231330495152,3.702063307845616,318.7119856536044
74.4900000000012,0.01,125.0,-0.6641807556152344,20.242027006748234,681.1054705701903,-1.1946304167938555,3.690123076515115,318.7490062866829
74.50000000000121,0.01,125.0,-0.6654324531555176,20.235385199192077,681.3078908402579,-1.1952260087142366,3.6781767723471703,318.7859075174481
74.51000000000121,0.01,125.0,-0.6666722297668457,20.228730874660517,681.5102446922499,-1.1958099029324067,3.6662245122600217,318.8226892851716
74.52000000000122,0.01,125.0,-0.6679048538208008,20.222064152362844,681.7125320009966,-1.1963820936855658,3.6542664132306917,318.8593515302942
74.53000000000122,0.01,125.0,-0.6691274642944336,20.215385103824634,681.9147526425203,-1.196942575326422,3.64230259229383,318.8958941944265
74.54000000000123,0.01,125.0,-0.6703386306762695,20.208693829181687,682.1169064935586,-1.197491342323248,3.6303331665405594,318.93231722034943
74.55000000000123,0.01,125.0,-0.6715435981750488,20.20199044287492,682.3189934318506,-1.1980283892599346,3.6183582531173206,318.96862055201484
74.56000000000124,0.01,125.0,-0.6727356910705566,20.195275006893166,682.5210133362795,-1.1985537108360458,3.6063779692247153,319.004804134546
74.57000000000124,0.01,125.0,-0.6739201545715332,20.188547649982457,682.7229660863485,-1.1990673018668696,3.5943924321163485,319.0408679142383
74.58000000000125,0.01,125.0,-0.6750941276550293,20.181808448436737,682.9248515628484,-1.19956915728347,3.5824017590976736,319.0768118385595
74.59000000000125,0.01,125.0,-0.6762590408325195,20.175057507160183,683.1266696473328,-1.200059272132736,3.5704060675248326,319.11263585615046
74.60000000000126,0.01,125.0,-0.6774144172668457,20.168294916751854,683.3284202224046,-1.200537641577433,3.5584054748034992,319.1483399168257
74.61000000000126,0.01,125.0,-0.6785593032836914,20.161520772579184,683.5301031715723,-1.2010042608962468,3.5464000983877186,319.18392397157373
74.62000000000127,0.01,125.0,-0.6796941757202148,20.154735179546343,683.7317183792982,-1.2014591254838334,3.53439005577875,319.2193879725576
74.63000000000127,0.01,125.0,-0.680821418762207,20.147938237789138,683.9332657310937,-1.2019022308508631,3.522375464523906,319.2547318731154
74.64000000000128,0.01,125.0,-0.6819376945495605,20.141130023601512,684.1347451134717,-1.2023335726240645,3.5103564422153912,319.28995562776066
74.65000000000128,0.01,125.0,-0.68304443359375,20.13431064665601,684.3361564137078,-1.2027531465462689,3.4983331064891443,319.32505919218283
74.66000000000129,0.01,125.0,-0.6841402053833008,20.127480202320072,684.5374995201745,-1.2031609484764505,3.4863055750236756,319.3600425232477
74.6700000000013,0.01,125.0,-0.6852288246154785,20.120638800266235,684.7387743221977,-1.2035569743897694,3.474273965538905,319.39490557899796
74.6800000000013,0.01,125.0,-0.6863064765930176,20.113786512020077,684.9399807102005,-1.2039412203776094,3.4622383957950014,319.4296483186534
74.6900000000013,0.01,125.0,-0.6873741149902344,20.106923447254143,685.1411185753209,-1.2043136826476177,3.450198983591219,319.4642707026114
74.70000000000131,0.01,125.0,-0.6884331703186035,20.100049706104237,685.3421878097936,-1.2046743575237424,3.4381558467647366,319.4987726924473
74.71000000000132,0.01,125.0,-0.6894807815551758,20.093165374401046,685.5431883068547,-1.2050232414462678,3.4261091031894932,319.53315425091495
74.72000000000132,0.01,125.0,-0.6905193328857422,20.08627056658549,685.7441199605988,-1.2053603309718506,3.4140588707750243,319.56741534194686
74.73000000000133,0.01,125.0,-0.6915488243103027,20.07936537325663,685.9449826662648,-1.2056856227735533,3.4020052674652996,319.6015559306546
74.74000000000133,0.01,125.0,-0.6925668716430664,20.072449885013523,686.1457763199975,-1.2059991136408768,3.3899484112375577,319.6355759833293
74.75000000000134,0.01,125.0,-0.6935763359069824,20.06552421629709,686.3465008188477,-1.206300800479793,3.3778884201011428,319.6694754674417
74.76000000000134,0.01,125.0,-0.6945767402648926,20.058588452938015,686.5471560610108,-1.2065906803127748,3.3658254120963385,319.7032543516427
74.77000000000135,0.01,125.0,-0.6955652236938477,20.051642685535363,686.7477419455403,-1.2068687502788251,3.3537595052932043,319.73691260576373
74.78000000000135,0.01,125.0,-0.6965451240539551,20.04468703329842,686.9482583723957,-1.2071350076335055,3.34169081779041,319.7704502008167
74.79000000000136,0.01,125.0,-0.6975159645080566,20.037721582057877,687.1487052427287,-1.2073894497489635,3.3296194677140685,319.8038671089946
74.80000000000136,0.01,125.0,-0.6984758377075195,20.030746422412793,687.3490824585494,-1.2076320741139581,3.317545573216573,319.8371633036718
74.81000000000137,0.01,125.0,-0.6994261741638184,20.023761664035714,687.5493899227737,-1.2078628783338847,3.305469252475427,319.870338759404
74.82000000000137,0.01,125.0,-0.7003660202026367,20.01676740229407,687.7496275394142,-1.2080818601307992,3.293390623692082,319.90339345192876
74.83000000000138,0.01,125.0,-0.7012972831726074,20.00976374209204,687.9497952134373,-1.2082890173434393,3.2813098050907676,319.9363273581657
74.84000000000138,0.01,125.0,-0.7022171020507812,20.00275076926031,688.1498928508582,-1.2084843479272471,3.269226914917327,319.9691404562167
74.85000000000139,0.01,125.0,-0.7031283378601074,19.995728598239797,688.3499203585509,-1.2086678499543886,3.2571420714380483,320.0018327253659
74.86000000000139,0.01,125.0,-0.7040286064147949,19.98869731486119,688.5498776445334,-1.2088395216137726,3.2450553929384984,320.0344041460803
74.8700000000014,0.01,125.0,-0.7049193382263184,19.98165702879704,688.7497646176821,-1.2089993612110697,3.2329669977223547,320.0668547000097
74.8800000000014,0.01,125.0,-0.7058005332946777,19.974607835414776,688.9495811879701,-1.209147367168727,3.2208770041102377,320.0991843699869
74.89000000000141,0.01,125.0,-0.706672191619873,19.967549830081825,689.1493272663243,-1.2092835380259856,3.2087855304385444,320.131393140028
74.90000000000141,0.01,125.0,-0.7075338363647461,19.960483108165622,689.3490027646253,-1.2094078724388946,3.1966926950582786,320.1634809953324
74.91000000000142,0.01,125.0,-0.7083845138549805,19.95340776980197,689.548607595707,-1.209520369180323,3.1845986163338833,320.195447922283
74.92000000000142,0.01,125.0,-0.7092256546020508,19.946323924663417,689.7481416734051,-1.2096210271399734,3.1725034126420737,320.22729390844637
74.93000000000143,0.01,125.0,-0.7100567817687988,19.939231668117394,689.9476049126519,-1.2097098453243926,3.160407202370668,320.2590189425728
74.94000000000143,0.01,125.0,-0.7108778953552246,19.932131100299703,690.1469972293331,-1.209786822856981,3.1483101039174177,320.2906230145965
74.95000000000144,0.01,125.0,-0.7116909027099609,19.925022321346148,690.3463185403363,-1.2098519589780012,3.1362122356888418,320.32210611563573
74.96000000000144,0.01,125.0,-0.712491512298584,19.917905412319044,690.5455687635498,-1.2099052530445862,3.1241137160990555,320.3534682379926
74.97000000000145,0.01,125.0,-0.7132840156555176,19.910780497196054,690.7447478176731,-1.2099467045307448,3.1120146635686035,320.38470937515365
74.98000000000145,0.01,125.0,-0.7140641212463379,19.903647657039496,690.9438556226452,-1.209976313027368,3.09991519652329,320.41582952178936
74.99000000000146,0.01,125.0,-0.7148361206054688,19.89650701582703,691.1428920992157,-1.2099940782422316,3.08781543339301,320.4468286737546
75.00000000000146,0.01,125.0,-0.7155966758728027,19.88935865462097,691.3418571693741,-1.21,3.0757154926105814,320.47770682808857
75.01000000000147,0.01,125.0,-0.7163491249084473,19.88220268786224,691.5407507559204,-1.209994078242228,3.0636154926105754,320.5084639830147
75.02000000000147,0.01,125.0,-0.7170901298522949,19.87503919661315,691.7395727827991,-1.209976313027361,3.051515551828147,320.5391001379408
75.03000000000148,0.01,125.0,-0.7178220748901367,19.867868295314626,691.9383231747653,-1.2099467045307344,3.039415788697867,320.5696152934591
75.04000000000148,0.01,125.0,-0.7185430526733398,19.86069007456572,692.1370018577186,-1.2099052530445722,3.0273163216525534,320.60000945134607
75.05000000000149,0.01,125.0,-0.7192530632019043,19.853504644038985,692.3356087584643,-1.209851958977984,3.0152172691221013,320.6302826145626
75.0600000000015,0.01,125.0,-0.7199554443359375,19.846312113406963,692.5341438049048,-1.2097868228569602,3.003118749532315,320.66043478725385
75.0700000000015,0.01,125.0,-0.720646858215332,19.8391125589636,692.732606926039,-1.2097098453243684,2.991020881303739,320.6904659747492
75.0800000000015,0.01,125.0,-0.7213287353515625,19.83190609038144,692.9309980516288,-1.2096210271399457,2.9789237828504893,320.7203761835623
75.09000000000151,0.01,125.0,-0.7219991683959961,19.824692803027922,693.1293171125327,-1.2095203691802916,2.9668275725790836,320.7501654213908
75.10000000000151,0.01,125.0,-0.7226605415344238,19.817472811343958,693.3275640405631,-1.20940787243886,2.9547323688872744,320.7798336971166
75.11000000000152,0.01,125.0,-0.7233095169067383,19.81024620592861,693.5257387686765,-1.2092835380259477,2.9426382901628796,320.80938102080546
75.12000000000153,0.01,125.0,-0.7239503860473633,19.80301311075954,693.723841230736,-1.2091473671686854,2.9305454547826137,320.8388074037071
75.13000000000153,0.01,125.0,-0.7245817184448242,19.79577360689906,693.9218713618436,-1.2089993612110246,2.918453981110921,320.86811285825496
75.14000000000154,0.01,125.0,-0.7252035140991211,19.78852778971461,694.1198290979127,-1.2088395216137242,2.9063639874988043,320.8972973980661
75.15000000000154,0.01,125.0,-0.7258124351501465,19.781275754573617,694.3177143758099,-1.2086678499543366,2.894275592282661,320.9263610379411
75.16000000000155,0.01,125.0,-0.7264137268066406,19.77401763022211,694.5155271333558,-1.2084843479271918,2.8821889137831116,320.95530379386395
75.17000000000155,0.01,125.0,-0.7270035743713379,19.76675349295404,694.7132673096581,-1.2082890173433805,2.8701040703038334,320.9841256830018
75.18000000000156,0.01,125.0,-0.7275838851928711,19.759483457210326,694.9109348445878,-1.208081860130737,2.8580211801303936,321.01282672370485
75.19000000000156,0.01,125.0,-0.7281537055969238,19.752207618358394,695.10852967916,-1.207862878333819,2.84594036152908,321.0414069355062
75.20000000000157,0.01,125.0,-0.7287130355834961,19.74492608130242,695.3060517553437,-1.2076320741138888,2.833861732745736,321.0698663391215
75.21000000000157,0.01,125.0,-0.7292633056640625,19.737638950946582,695.5035010161567,-1.2073894497488906,2.8217854120045907,321.09820495644897
75.22000000000158,0.01,125.0,-0.729802131652832,19.73034631788994,695.7008774056663,-1.2071350076334293,2.8097115175070955,321.126422810569
75.23000000000158,0.01,125.0,-0.7303314208984375,19.723048296573406,695.8981808688453,-1.2068687502787454,2.797640167430755,321.15451992574407
75.24000000000159,0.01,125.0,-0.7308516502380371,19.715744982364416,696.0954113518111,-1.2065906803126918,2.7855714799279614,321.1824963274184
75.25000000000159,0.01,125.0,-0.7313604354858398,19.708436465862032,696.2925688016348,-1.2063008004797067,2.773505573124828,321.21035204221766
75.2600000000016,0.01,125.0,-0.7318582534790039,19.70112286150717,696.4896531662936,-1.2059991136407868,2.7614425651200247,321.23808709794895
75.2700000000016,0.01,125.0,-0.7323470115661621,19.693804278972376,696.6866643949088,-1.2056856227734598,2.7493825739836106,321.26570152360017
75.2800000000016,0.01,125.0,-0.732825756072998,19.68648080885671,696.8836024376986,-1.2053603309717538,2.73732571775587,321.29319534934
75.29000000000161,0.01,125.0,-0.7332954406738281,19.679152551295978,697.0804672457873,-1.2050232414461677,2.7252721144461463,321.3205686065176
75.30000000000162,0.01,125.0,-0.7337532043457031,19.671819596889236,697.2772587713004,-1.2046743575236387,2.7132218820316782,321.3478213276621
75.31000000000162,0.01,125.0,-0.7342004776000977,19.664482064845775,697.4739769672693,-1.2043136826475107,2.7011751384564358,321.3749535464824
75.32000000000163,0.01,125.0,-0.7346382141113281,19.65714006006977,697.6706217879179,-1.2039412203774988,2.6891320016299547,321.401965297867
75.33000000000163,0.01,125.0,-0.7350649833679199,19.649793677928656,697.8671931885186,-1.2035569743896553,2.6770925894261737,321.4288566178833
75.34000000000164,0.01,125.0,-0.7354831695556641,19.642443028094974,698.063691125298,-1.203160948476333,2.665057019682271,321.45562754377755
75.35000000000164,0.01,125.0,-0.7358903884887695,19.635088196399412,698.260115555579,-1.2027531465461478,2.6530254101975013,321.4822781139744
75.36000000000165,0.01,125.0,-0.7362875938415527,19.62772929251452,698.4564664375431,-1.2023335726239401,2.640997878732034,321.5088083680764
75.37000000000165,0.01,125.0,-0.7366733551025391,19.6203664165761,698.6527437304684,-1.2019022308507352,2.6289745430057883,321.53521834686376
75.38000000000166,0.01,125.0,-0.7370500564575195,19.61299968302507,698.8489473946343,-1.2014591254837022,2.6169555206972746,321.5615080922938
75.39000000000166,0.01,125.0,-0.7374172210693359,19.60562918246049,699.0450773914646,-1.201004260896112,2.6049409294424315,321.5876776475008
75.40000000000167,0.01,125.0,-0.7377724647521973,19.598255010249794,699.2411336832893,-1.2005376415772948,2.5929308868334644,321.61372705679526
75.41000000000167,0.01,125.0,-0.7381181716918945,19.590877285602268,699.4371162333919,-1.2000592721325947,2.580925510417685,321.6396563656636
75.42000000000168,0.01,125.0,-0.7384543418884277,19.583496103885345,699.633025006248,-1.199569157283325,2.568924917696353,321.6654656207678
75.43000000000168,0.01,125.0,-0.7387795448303223,19.576111560466458,699.8288599672869,-1.1990673018667213,2.556929226123514,321.6911548699448
75.44000000000169,0.01,125.0,-0.7390937805175781,19.568723765018152,700.0246210828917,-1.198553710835894,2.5449385531048407,321.71672416220605
75.4500000000017,0.01,125.0,-0.7393980026245117,19.561332827212972,700.220308320542,-1.1980283892597794,2.5329530159964757,321.74217354773714
75.4600000000017,0.01,125.0,-0.739692211151123,19.553938847186725,700.4159216488142,-1.197491342323089,2.5209727321038717,321.7675030778971
75.4700000000017,0.01,125.0,-0.7399759292602539,19.54654192507521,700.6114610372862,-1.19694257532626,2.5089978186806348,321.7927128052182
75.48000000000171,0.01,125.0,-0.7402505874633789,19.539142165782604,700.806926456537,-1.1963820936854004,2.497028392927366,321.817802783405
75.49000000000171,0.01,125.0,-0.7405157089233398,19.531739659907966,701.002317878195,-1.1958099029322378,2.485064571990506,321.8427730673343
75.50000000000172,0.01,125.0,-0.7407689094543457,19.52433450281873,701.1976352747942,-1.1952260087140643,2.4731064729611774,321.86762371305423
75.51000000000172,0.01,125.0,-0.7410125732421875,19.516926813724183,701.3928786198225,-1.1946304167936797,2.4611542128740305,321.89235477778385
75.52000000000173,0.01,125.0,-0.741243839263916,19.509516687991756,701.5880478879598,-1.194023133049336,2.4492079087060876,321.9169663199126
75.53000000000173,0.01,125.0,-0.7414674758911133,19.502104249599114,701.7831430548398,-1.1934041634746786,2.4372676773755884,321.94145839899966
75.54000000000174,0.01,125.0,-0.7416791915893555,19.494689574840198,701.9781640973359,-1.1927735141786873,2.4253336357408353,321.96583107577345
75.55000000000175,0.01,125.0,-0.7418832778930664,19.4872727829243,702.1731109930845,-1.192131191385616,2.4134059005990425,321.9900844121309
75.56000000000175,0.01,125.0,-0.7420740127563477,19.479853950145365,702.3679837209138,-1.1914772014349313,2.40148458868518,322.0142184711369
75.57000000000176,0.01,125.0,-0.742255687713623,19.472433210017797,702.5627822604154,-1.1908115507812502,2.3895698166708246,322.0382333170238
75.58000000000176,0.01,125.0,-0.7424263954162598,19.465010653140656,702.7575065925156,-1.1901342459942759,2.377661701163006,322.0621290151905
75.59000000000177,0.01,125.0,-0.7425880432128906,19.45758638918649,702.9521566990471,-1.1894452937587328,2.3657603587030573,322.0859056322022
75.60000000000177,0.01,125.0,-0.7427387237548828,19.450160508754355,703.1467325629391,-1.188744700874302,2.353865905765464,322.1095632357892
75.61000000000178,0.01,125.0,-0.7428798675537109,19.442733121516802,703.3412341680267,-1.1880324742555515,2.341978458756715,322.1331018948469
75.62000000000178,0.01,125.0,-0.743011474609375,19.43530432284126,703.535661499242,-1.1873086209318715,2.3300981340141536,322.1565216794345
75.63000000000179,0.01,125.0,-0.7431297302246094,19.427874208095165,703.7300145424705,-1.1865731480474013,2.318225047804829,322.1798226607746
75.64000000000179,0.01,125.0,-0.7432398796081543,19.420442910792914,703.9242932845515,-1.1858260628609618,2.306359316324349,322.20300491125266
75.6500000000018,0.01,125.0,-0.7433390617370605,19.41301051199683,704.1184977136595,-1.1850673727459822,2.2945010556957333,322.22606850441593
75.6600000000018,0.01,125.0,-0.7434282302856445,19.405577121379455,704.3126278187796,-1.1842970851904273,2.2826503819682675,322.2490135149729
75.6700000000018,0.01,125.0,-0.743506908416748,19.398142839076595,704.5066835899935,-1.1835152077967244,2.270807411116357,322.2718400187926
75.68000000000181,0.01,125.0,-0.7435750961303711,19.390707769992424,704.7006650183844,-1.182721748281688,2.2589722590383836,322.29454809290377
75.69000000000182,0.01,125.0,-0.7436327934265137,19.383272019031118,704.8945720960844,-1.1819167144764429,2.2471450415555605,322.31713781549416
75.70000000000182,0.01,125.0,-0.7436823844909668,19.37583569109685,705.0884048162748,-1.1811001143263478,2.23532587441079,322.33960926590976
75.71000000000183,0.01,125.0,-0.743720531463623,19.368398867251937,705.2821631731858,-1.1802719558909165,2.2235148732675203,322.3619625246539
75.72000000000183,0.01,125.0,-0.7437467575073242,19.360961661937296,705.4758471618585,-1.1794322473437384,2.2117121537086053,322.3841976733866
75.73000000000184,0.01,125.0,-0.7437653541564941,19.35352419436222,705.669456778478,-1.178580996972398,2.1999178312351617,322.40631479492373
75.74000000000184,0.01,125.0,-0.7437710762023926,19.34608654082065,705.8629920204218,-1.1777182131783925,2.1881320212654316,322.4283139732361
75.75000000000185,0.01,125.0,-0.743767261505127,19.338648830058624,706.05645288583,-1.17684390447705,2.1763548391336416,322.45019529344876
75.76000000000185,0.01,125.0,-0.7437529563903809,19.33121115744357,706.2498393741307,-1.1759580794974442,2.164586400088865,322.4719588418401
75.77000000000186,0.01,125.0,-0.7437295913696289,19.32377362787966,706.4431514857052,-1.1750607469823091,2.1528268192938844,322.493604705841
75.78000000000186,0.01,125.0,-0.7436957359313965,19.31633633196596,706.6363892219841,-1.1741519157879563,2.141076211824055,322.5151329740339
75.79000000000187,0.01,125.0,-0.7436494827270508,19.308899374606643,706.8295525853039,-1.1732315948841818,2.12933469266617,322.53654373615217
75.80000000000187,0.01,125.0,-0.7435956001281738,19.30146287977937,707.0226415790501,-1.1722997933541814,2.117602376717322,322.5578370830788
75.81000000000188,0.01,125.0,-0.7435302734375,19.294026923778084,707.2156562078479,-1.17135652039446,2.105879378783774,322.579013106846
75.82000000000188,0.01,125.0,-0.7434544563293457,19.286591621043705,707.4085964770858,-1.1704017853147408,2.0941658135798233,322.60007190063385
75.83000000000189,0.01,125.0,-0.7433695793151855,19.27915707648041,707.6014623932963,-1.1694355975378738,2.08246179572667,322.6210135587697
75.8400000000019,0.01,125.0,-0.7432732582092285,19.271723380687252,707.7942539640612,-1.1684579665997423,2.070767439751285,322.64183817672694
75.8500000000019,0.01,125.0,-0.7431650161743164,19.264290648105156,707.9869711978682,-1.1674689021491687,2.0590828600852817,322.66254585112443
75.8600000000019,0.01,125.0,-0.7430500984191895,19.25685899794341,708.1796141043494,-1.1664684139478199,2.047408171063784,322.6831366797253
75.87000000000191,0.01,125.0,-0.7429232597351074,19.249428496959215,708.3721826943289,-1.1654565118701106,2.0357434869242996,322.7036107614359
75.88000000000191,0.01,125.0,-0.7427859306335449,19.24199926436186,708.5646769792986,-1.164433205903106,2.0240889218055926,322.7239681963052
75.89000000000192,0.01,125.0,-0.742638111114502,19.23457140505552,708.7570969719424,-1.1633985061464225,2.0124445897465555,322.74420908552327
75.90000000000192,0.01,125.0,-0.7424802780151367,19.22714502394437,708.9494426859931,-1.1623524228121291,2.000810604685085,322.76433353142073
75.91000000000193,0.01,125.0,-0.742311954498291,19.219720221164216,709.1417141362326,-1.1612949662246461,1.9891870804569578,322.7843416374676
75.92000000000193,0.01,125.0,-0.7421350479125977,19.212297101619228,709.3339113384444,-1.160226146820643,1.9775741307947055,322.8042335082722
75.93000000000194,0.01,125.0,-0.7419466972351074,19.204875751140097,709.5260343094607,-1.159145975148936,1.9659718693264931,322.8240092495802
75.94000000000194,0.01,125.0,-0.7417478561401367,19.197456284167743,709.7180830669722,-1.158054461870383,1.954380409574998,322.84366896827345
75.95000000000195,0.01,125.0,-0.7415385246276855,19.19003880560634,709.910057629814,-1.1569516177577799,1.942799864956288,322.8632127723692
75.96000000000195,0.01,125.0,-0.7413177490234375,19.18262342036006,710.1019580178702,-1.1558374536957525,1.9312303487787044,322.88264077101877
75.97000000000196,0.01,125.0,-0.7410888671875,19.17521024286982,710.2937842520739,-1.1547119806806505,1.919671974241741,322.9019530745066
75.98000000000197,0.01,125.0,-0.740849494934082,19.167799354197943,710.4855363545028,-1.153575209820438,1.9081248544349285,322.921149794249
75.99000000000197,0.01,125.0,-0.740598201751709,19.160390859248597,710.6772143480448,-1.1524271523345846,1.8965891023367183,322.94023104279336
76.00000000000198,0.01,125.0,-0.7403388023376465,19.152984877231077,710.8688182566374,-1.151267819553954,1.8850648308133666,322.9591969338167
76.01000000000198,0.01,125.0,-0.7400679588317871,19.145581489207697,711.0603481054098,-1.150097222920693,1.8735521526178212,322.9780475821249
76.02000000000199,0.01,125.0,-0.7397866249084473,19.138180809619374,711.251803920302,-1.1489153739881177,1.8620511803886084,322.99678310365107
76.03000000000199,0.01,125.0,-0.7394957542419434,19.130782943370285,711.4431857283982,-1.1477222844205996,1.8505620266487213,323.01540361545494
76.040000000002,0.01,125.0,-0.739194393157959,19.12338798582786,711.634493557832,-1.1465179659934517,1.8390848038045093,323.03390923572147
76.050000000002,0.01,125.0,-0.7388830184936523,19.115996041896278,711.8257274376904,-1.14530243059281,1.827619624144569,323.0523000837595
76.060000000002,0.01,125.0,-0.7385597229003906,19.108607211711337,712.0168873981095,-1.1440756902155185,1.8161665998386352,323.070576280001
76.07000000000201,0.01,125.0,-0.7382283210754395,19.10122161448233,712.2079734702266,-1.1428377569690096,1.804725842936474,323.08873794599936
76.08000000000202,0.01,125.0,-0.7378854751586914,19.09383933127157,712.3989856863716,-1.1415886430711844,1.7932974653667781,323.1067852044287
76.09000000000202,0.01,125.0,-0.7375340461730957,19.08646047651998,712.5899240796844,-1.1403283608502928,1.7818815789360605,323.1247181790824
76.10000000000203,0.01,125.0,-0.7371711730957031,19.079085136058247,712.7807886844497,-1.1390569227448117,1.7704782953275517,323.14253699487176
76.11000000000203,0.01,125.0,-0.7367968559265137,19.071713424327285,712.9715795358104,-1.137774341303322,1.759087726100098,323.16024177782504
76.12000000000204,0.01,125.0,-0.7364139556884766,19.064345455768017,713.1622966700538,-1.1364806291843843,1.7477099826870588,323.17783265508604
76.13000000000204,0.01,125.0,-0.7360215187072754,19.05698131621113,713.3529401246116,-1.1351757991564153,1.7363451763952091,323.1953097549129
76.14000000000205,0.01,125.0,-0.7356176376342773,19.04962110102405,713.5435099377738,-1.1338598640975603,1.724993418403639,323.21267320667687
76.15000000000205,0.01,125.0,-0.735203742980957,19.042264924647704,713.7340061487841,-1.1325328369955674,1.7136548197626578,323.22992314086093
76.16000000000206,0.01,125.0,-0.734778881072998,19.03491288721789,713.9244287980307,-1.131194730947658,1.7023294913926963,323.2470596890586
76.17000000000206,0.01,125.0,-0.7343449592590332,19.027565098407155,714.114777926903,-1.1298455591603989,1.691017544083214,323.2640829839725
76.18000000000207,0.01,125.0,-0.7339015007019043,19.020221648814562,714.3050535778872,-1.128485334949571,1.6797190884916042,323.28099315941336
76.19000000000207,0.01,125.0,-0.7334451675415039,19.01288263380754,714.4952557943755,-1.1271140717400376,1.6684342351421027,323.29779035029827
76.20000000000208,0.01,125.0,-0.7329816818237305,19.00554818213212,714.6853846207136,-1.1257317830656135,1.6571630944246964,323.3144746926497
76.21000000000208,0.01,125.0,-0.732506275177002,18.99821836531388,714.8754401025351,-1.1243384825689295,1.6459057765940346,323.33104632359397
76.22000000000209,0.01,125.0,-0.7320208549499512,18.990893302562103,715.0654222861883,-1.1229341840012994,1.6346623917683396,323.3475053813599
76.2300000000021,0.01,125.0,-0.7315263748168945,18.9835730940126,715.255331219214,-1.1215189012225828,1.623433049928321,323.3638520052776
76.2400000000021,0.01,125.0,-0.731020450592041,18.976257830264426,715.4451669501542,-1.1200926482010494,1.6122178609160893,323.38008633577687
76.2500000000021,0.01,125.0,-0.7305045127868652,18.968947625758503,715.634929528457,-1.1186554390132408,1.601016934434073,323.39620851438605
76.26000000000211,0.01,125.0,-0.7299795150756836,18.96164258063063,715.8246190047146,-1.1172072878438315,1.5898303800439348,323.4122186837304
76.27000000000211,0.01,125.0,-0.7294435501098633,18.95434278547987,716.014235430521,-1.1157482089854889,1.5786583071654907,323.4281169875308
76.28000000000212,0.01,125.0,-0.7288951873779297,18.94704834997877,716.2037788583759,-1.114278216838732,1.5675008250756302,323.44390357060246
76.29000000000212,0.01,125.0,-0.7283406257629395,18.939759398104986,716.3932493418758,-1.1127973259117903,1.5563580429072372,323.4595785788532
76.30000000000213,0.01,125.0,-0.7277750968933105,18.93247599184735,716.582646935857,-1.111305550820459,1.5452300696481136,323.4751421592823
76.31000000000213,0.01,125.0,-0.727198600769043,18.925198240878416,716.7719716957756,-1.109802906287956,1.5341170141399034,323.4905944599788
76.32000000000214,0.01,125.0,-0.7266111373901367,18.91792625487072,716.9612236781845,-1.1082894071447764,1.5230189850770182,323.50593563012023
76.33000000000214,0.01,125.0,-0.726015567779541,18.910660143496816,717.1504029407333,-1.1067650683285457,1.5119360910055648,323.52116581997103
76.34000000000215,0.01,125.0,-0.7254071235656738,18.903399987819018,717.3395095421683,-1.1052299048838725,1.5008684403222736,323.5362851808811
76.35000000000215,0.01,125.0,-0.7247910499572754,18.896145916583357,717.5285435420466,-1.1036839319622003,1.4898161412734292,323.5512938652844
76.36000000000216,0.01,125.0,-0.7241630554199219,18.88889800608378,717.7175050012125,-1.1021271648216577,1.4787793019538016,323.56619202669714
76.37000000000216,0.01,125.0,-0.7235274314880371,18.88165637552958,717.9063939812735,-1.100559618826908,1.4677580303055793,323.5809798197167
76.38000000000217,0.01,125.0,-0.7228789329528809,18.874421101214697,718.0952105450289,-1.098981309448997,1.4567524341173046,323.5956574000197
76.39000000000217,0.01,125.0,-0.7222213745117188,18.867192311885166,718.2839547560411,-1.0973922522652015,1.445762621022809,323.6102249243609
76.40000000000218,0.01,125.0,-0.721555233001709,18.859970098140046,718.47262667916,-1.0957924629588738,1.4347886985001512,323.62468255057115
76.41000000000219,0.01,125.0,-0.7208771705627441,18.852754545810026,718.6612263801416,-1.094181957319289,1.423830773870557,323.6390304375562
76.42000000000219,0.01,125.0,-0.7201900482177734,18.845545774104394,718.8497539255998,-1.0925607512414874,1.4128889542973584,323.6532687452949
76.4300000000022,0.01,125.0,-0.7194933891296387,18.838343873622215,719.0382093833409,-1.0909288607261187,1.401963346784938,323.66739763483787
76.4400000000022,0.01,125.0,-0.718785285949707,18.831148939730916,719.2265928220772,-1.089286301879283,1.3910540581776711,323.6814172683057
76.4500000000022,0.01,125.0,-0.7180662155151367,18.823961086871414,719.4149043114746,-1.0876330909123735,1.3801611951588728,323.6953278088875
76.46000000000221,0.01,125.0,-0.717339038848877,18.81678042471626,719.6031439223434,-1.0859692441419144,1.3692848642497435,323.7091294208391
76.47000000000222,0.01,125.0,-0.7166013717651367,18.80960703432777,719.7913117265907,-1.0842947779894023,1.358425171808319,323.7228222694816
76.48000000000222,0.01,125.0,-0.7158551216125488,18.802441020610114,719.9794077969341,-1.0826097089811415,1.3475822240284194,323.7364065211997
76.49000000000223,0.01,125.0,-0.7150959968566895,18.795282469393985,720.1674322071403,-1.0809140537480832,1.3367561269386026,323.74988234344
76.50000000000223,0.01,125.0,-0.714329719543457,18.788131509425416,720.3553850318343,-1.0792078290256601,1.3259469864011162,323.76324990470937
76.51000000000224,0.01,125.0,-0.7135519981384277,18.78098821222998,720.5432663469287,-1.0774910516536211,1.315154908110854,323.7765093745734
76.52000000000224,0.01,125.0,-0.7127633094787598,18.77385269224859,720.7310762290512,-1.0757637385758656,1.3043799975943122,323.7896609236545
76.53000000000225,0.01,125.0,-0.7119655609130859,18.7667250591538,720.9188147559737,-1.0740259068402769,1.2936223602085481,323.8027047236304
76.54000000000225,0.01,125.0,-0.7111592292785645,18.759605403544665,721.1064820065653,-1.0722775735985521,1.28288210114014,323.8156409472325
76.55000000000226,0.01,125.0,-0.7103409767150879,18.752493811251874,721.2940780606009,-1.0705187561060348,1.272159325404149,323.8284697682439
76.56000000000226,0.01,125.0,-0.7095136642456055,18.74539040148472,721.4816029987135,-1.0687494717215433,1.2614541378430832,323.841191361498
76.57000000000227,0.01,125.0,-0.7086763381958008,18.73829526484226,721.6690569027284,-1.0669697379072003,1.2507666431258624,323.8538059028764
76.58000000000227,0.01,125.0,-0.7078280448913574,18.731208501460298,721.8564398553768,-1.0651795722282602,1.240096945746785,323.86631356930764
76.59000000000228,0.01,125.0,-0.7069721221923828,18.724130221011382,722.0437519403915,-1.0633789923529355,1.229445150024497,323.8787145387651
76.60000000000228,0.01,125.0,-0.7061042785644531,18.717060499789454,722.2309932426017,-1.0615680160522225,1.2188113601009622,323.89100899026533
76.61000000000229,0.01,125.0,-0.705225944519043,18.709999457003807,722.4181638475997,-1.0597466611997264,1.2081956799404345,323.9031971038664
76.62000000000229,0.01,125.0,-0.7043404579162598,18.702947197558615,722.6052638421698,-1.0579149457714838,1.1975982133284317,323.9152790606658
76.6300000000023,0.01,125.0,-0.7034430503845215,18.695903792979447,722.7922933141456,-1.056072887845787,1.1870190638707114,323.92725504279906
76.6400000000023,0.01,125.0,-0.7025361061096191,18.688869362475597,722.9792523520755,-1.0542205056030038,1.1764583349922482,323.9391252334378
76.65000000000231,0.01,125.0,-0.7016196250915527,18.681844001414497,723.1661410457003,-1.0523578173253991,1.1659161299362126,323.9508898167877
76.66000000000231,0.01,125.0,-0.7006926536560059,18.674827805163577,723.3529594857146,-1.0504848413969545,1.1553925517629533,323.96254897808706
76.67000000000232,0.01,125.0,-0.6997561454772949,18.667820878627012,723.5397077637663,-1.0486015963031858,1.1448877033489784,323.9741029036047
76.68000000000232,0.01,125.0,-0.6988105773925781,18.660823317172234,723.7263859725526,-1.0467081006309622,1.134401687385941,323.9855517806382
76.69000000000233,0.01,125.0,-0.6978545188903809,18.653835211398306,723.9129942057244,-1.0448043730683212,1.123934606379626,323.9968957975121
76.70000000000233,0.01,125.0,-0.6968884468078613,18.6468566662094,724.0995325578385,-1.0428904324042856,1.1134865626489374,324.0081351435759
76.71000000000234,0.01,125.0,-0.6959118843078613,18.639887781741315,724.2860011245007,-1.0409662975286766,1.1030576583248892,324.0192700092024
76.72000000000234,0.01,125.0,-0.6949276924133301,18.632928662898234,724.4724000023182,-1.0390319874319291,1.0926479953495971,324.03030058578565
76.73000000000235,0.01,125.0,-0.6939315795898438,18.625979385974098,724.6587292889473,-1.0370875212049027,1.0822576754752724,324.0412270657392
76.74000000000235,0.01,125.0,-0.6929264068603516,18.619040070178198,724.844989082807,-1.035132918038694,1.071886800263218,324.05204964249396
76.75000000000236,0.01,125.0,-0.6919112205505371,18.61211080610959,725.0311794835089,-1.033168197224447,1.0615354710828258,324.0627685104966
76.76000000000236,0.01,125.0,-0.690887451171875,18.605191693904082,725.2173005915702,-1.0311933781531633,1.051203789110576,324.0733838652074
76.77000000000237,0.01,125.0,-0.6898512840270996,18.59828281939236,725.4033525085093,-1.0292084803155095,1.0408918553290392,324.0838959030985
76.78000000000237,0.01,125.0,-0.6888089179992676,18.591384306552087,725.5893353367034,-1.0272135233016262,1.0305997705258787,324.0943048216518
76.79000000000238,0.01,125.0,-0.6877555847167969,18.58449621737209,725.7752491797689,-1.0252085268009334,1.0203276352928572,324.10461081935705
76.80000000000238,0.01,125.0,-0.6866908073425293,18.57761866152492,725.9610941419428,-1.0231935106019376,1.0100755500248426,324.11481409570996
76.81000000000239,0.01,125.0,-0.6856179237365723,18.57075175345149,726.1468703285582,-1.0211684945920347,0.999843614918818,324.12491485121024
76.8200000000024,0.01,125.0,-0.684535026550293,18.56389557421412,726.3325778460928,-1.0191334987573155,0.9896319299728924,324.13491328735944
76.8300000000024,0.01,125.0,-0.6834421157836914,18.55705022394861,726.518216801835,-1.0170885431823673,0.979440594985314,324.1448096066592
76.8400000000024,0.01,125.0,-0.6823391914367676,18.55021580279077,726.7037873040746,-1.015033648050076,0.9692697095534851,324.154604012609
76.85000000000241,0.01,125.0,-0.6812281608581543,18.5433924108764,726.8892894621026,-1.0129688336414266,0.9591193730729791,324.16429670970456
76.86000000000242,0.01,125.0,-0.6801056861877441,18.536580129267815,727.0747233862115,-1.0108941203353043,0.9489896847365596,324.1738879034353
76.87000000000242,0.01,125.0,-0.6789746284484863,18.529779072405933,727.2600891875043,-1.0088095286082917,0.9388807435332014,324.18337780028264
76.88000000000243,0.01,125.0,-0.677833080291748,18.522989326121444,727.4453869782284,-1.0067150790344672,0.9287926482471133,324.192766607718
76.89000000000243,0.01,125.0,-0.6766819953918457,18.516210995318524,727.6306168714897,-1.004610792285203,0.9187254974567635,324.2020545342005
76.90000000000244,0.01,125.0,-0.6755218505859375,18.509444175364603,727.8157789814429,-1.0024966891289595,0.9086793895339063,324.21124178917506
76.91000000000244,0.01,125.0,-0.674351692199707,18.50268895685874,728.0008734231967,-1.0003727904310813,0.8986544226426115,324.2203285830704
76.92000000000245,0.01,125.0,-0.6731724739074707,18.49594543993674,728.1859003127654,-0.9982391171535914,0.8886506947382956,324.22931512729684
76.93000000000245,0.01,125.0,-0.6719837188720703,18.48921371519766,728.3708597671649,-0.9960956903549832,0.8786683035667546,324.2382016342442
76.94000000000246,0.01,125.0,-0.6707863807678223,18.482493878008935,728.5557519043169,-0.9939425311900143,0.8687073466631997,324.2469883172799
76.95000000000246,0.01,125.0,-0.6695775985717773,18.475786014201255,728.7405768430971,-0.9917796609094961,0.8587679213512944,324.25567539074655
76.96000000000247,0.01,125.0,-0.6683602333068848,18.469090238215532,728.9253347032392,-0.9896071008600853,0.8488501247421943,324.26426306996007
76.97000000000247,0.01,125.0,-0.6671319007873535,18.46240663588246,729.1100256056214,-0.9874248724840723,0.8389540537335884,324.2727515712075
76.98000000000248,0.01,125.0,-0.6658940315246582,18.45573531687458,729.2946496719803,-0.9852329973191704,0.8290798050087427,324.28114111174483
76.99000000000248,0.01,125.0,-0.664649486541748,18.44907637655933,729.4792070251492,-0.9830314969983023,0.8192274750355459,324.2894319097949
77.00000000000249,0.01,125.0,-0.663393497467041,18.442429881693908,729.6636977889149,-0.9808203932493875,0.8093971600655578,324.29762418454527
77.01000000000249,0.01,125.0,-0.6621289253234863,18.435795946719235,729.8481220877319,-0.9785997078951274,0.7995889561330589,324.30571815614593
77.0200000000025,0.01,125.0,-0.660853385925293,18.429174657465996,730.0324800471992,-0.97636946285279,0.7898029590541026,324.3137140457073
77.0300000000025,0.01,125.0,-0.659569263458252,18.42256612360674,730.216771793774,-0.9741296801339933,0.7800392644255697,324.3216120752978
77.04000000000251,0.01,125.0,-0.6582746505737305,18.415970430972152,730.4009974550102,-0.9718803818444886,0.7702979676242248,324.32941246794206
77.05000000000251,0.01,125.0,-0.6569728851318359,18.40938768446641,730.5851571593199,-0.9696215901839418,0.760579163805775,324.3371154476183
77.06000000000252,0.01,125.0,-0.6556596755981445,18.402817955615088,730.7692510361646,-0.9673533274457148,0.7508829479039306,324.3447212392564
77.07000000000252,0.01,125.0,-0.6543378829956055,18.396261358859103,730.9532792157208,-0.965075616016645,0.7412094146294685,324.3522300687354
77.08000000000253,0.01,125.0,-0.6530070304870605,18.389717980029143,731.1372418293096,-0.9627884783768249,0.7315586584692971,324.3596421628817
77.09000000000253,0.01,125.0,-0.6516661643981934,18.38318790972427,731.32113900911,-0.9604919370993795,0.7219307736855239,324.3669577494664
77.10000000000254,0.01,125.0,-0.6503167152404785,18.376671248080285,731.5049708882073,-0.9581860148502439,0.7123258543145252,324.37417705720327
77.11000000000254,0.01,125.0,-0.648956298828125,18.370168080927876,731.6887376006881,-0.95587073438794,0.7027439941660178,324.38130031574644
77.12000000000255,0.01,125.0,-0.6475887298583984,18.36367851793959,731.8724392814975,-0.9535461185633485,0.6931852868221335,324.3883277556881
77.13000000000255,0.01,125.0,-0.6462087631225586,18.357202630641,732.056076066677,-0.9512121903194943,0.6836498256364951,324.39525960855633
77.14000000000256,0.01,125.0,-0.6448225975036621,18.350740543009774,732.2396480929834,-0.9488689726913044,0.6741377037332953,324.4020961068127
77.15000000000256,0.01,125.0,-0.6434259414672852,18.344292317034736,732.4231554984136,-0.9465164888053907,0.6646490140063774,324.40883748385
77.16000000000257,0.01,125.0,-0.6420192718505859,18.33785805762006,732.6065984215841,-0.9441547618798196,0.6551838491183187,324.41548397399004
77.17000000000257,0.01,125.0,-0.6406040191650391,18.331437864901552,732.7899770021604,-0.9417838152238823,0.6457423014995157,324.4220358124812
77.18000000000258,0.01,125.0,-0.6391811370849609,18.3250318247099,732.9732913808095,-0.939403672237865,0.6363244633472721,324.4284932354962
77.19000000000258,0.01,125.0,-0.6377463340759277,18.318640013339046,733.1565416990568,-0.9370143564128182,0.6269304266248886,324.43485648012967
77.20000000000259,0.01,125.0,-0.6363043785095215,18.312262549998284,733.3397280991903,-0.9346158913303244,0.6175602830607556,324.4411257843959
77.2100000000026,0.01,125.0,-0.6348519325256348,18.305899506213187,733.5228507246904,-0.9322083006622657,0.6082141241474476,324.44730138722656
77.2200000000026,0.01,125.0,-0.6333904266357422,18.299550986887926,733.7059097197526,-0.92979160817059,0.5988920411408202,324.453383528468
77.2300000000026,0.01,125.0,-0.631920337677002,18.293217082621567,733.8889052296216,-0.9273658377070765,0.5895941250591095,324.45937244887944
77.24000000000261,0.01,125.0,-0.630439281463623,18.286897879244794,734.071837400448,-0.9249310132131005,0.580320466682034,324.46526839013
77.25000000000261,0.01,125.0,-0.6289510726928711,18.280593486430156,734.2547063792405,-0.9224871587193966,0.5710711565498983,324.47107159479685
77.26000000000262,0.01,125.0,-0.6274528503417969,18.274303975703223,734.4375123141049,-0.9200342983458221,0.5618462849626996,324.47678230636234
77.27000000000263,0.01,125.0,-0.6259455680847168,18.2680294471998,734.620255353862,-0.9175724563011185,0.5526459419792367,324.48240076921195
77.28000000000263,0.01,125.0,-0.6244297027587891,18.26176999151895,734.8029356483341,-0.9151016568826731,0.5434702174162208,324.48792722863175
77.29000000000264,0.01,125.0,-0.6229043006896973,18.255525694491357,734.9855533482494,-0.9126219244762787,0.5343192008473894,324.4933619308059
77.30000000000264,0.01,125.0,-0.621370792388916,18.249296651484457,735.1681086051943,-0.9101332835558928,0.525192981602622,324.4987051228144
77.31000000000265,0.01,125.0,-0.6198258399963379,18.243082943560566,735.3506015717093,-0.9076357586833969,0.5160916487670584,324.5039570526304
77.32000000000265,0.01,125.0,-0.6182723045349121,18.2368846851606,735.533032401145,-0.9051293745083527,0.5070152911802197,324.5091179691181
77.33000000000266,0.01,125.0,-0.6167120933532715,18.230701962115248,735.7154012479966,-0.9026141557677606,0.49796399743513153,324.5141881220299
77.34000000000266,0.01,125.0,-0.6151413917541504,18.22453484118171,735.8977082676179,-0.9000901272858141,0.4889378558774493,324.51916776200426
77.35000000000267,0.01,125.0,-0.6135621070861816,18.21838342726417,736.0799536160298,-0.8975573139736551,0.4799369546045866,324.52405714056306
77.36000000000267,0.01,125.0,-0.611973762512207,18.212247806193304,736.2621374503026,-0.8950157408291285,0.47096138146484545,324.5288565101091
77.37000000000268,0.01,125.0,-0.6103754043579102,18.20612806856818,736.4442599283647,-0.8924654329365352,0.4620112240565496,324.5335661239238
77.38000000000268,0.01,125.0,-0.6087689399719238,18.200024314524597,736.6263212090504,-0.8899064154663846,0.4530865697271797,324.53818623616434
77.39000000000269,0.01,125.0,-0.607154369354248,18.193936625124874,736.8083214521957,-0.8873387136751458,0.4441875055725113,324.5427171018616
77.40000000000269,0.01,125.0,-0.6055293083190918,18.18786508143133,736.990260818447,-0.884762352904999,0.4353141184357553,324.54715897691733
77.4100000000027,0.01,125.0,-0.6038961410522461,18.181809788348136,737.1721394692614,-0.882177358583585,0.4264664949067008,324.5515121181017
77.4200000000027,0.01,125.0,-0.6022543907165527,18.17577082693761,737.353957567145,-0.8795837562237541,0.41764472132086045,324.55577678305076
77.4300000000027,0.01,125.0,-0.6006026268005371,18.169748283030444,737.5357152754145,-0.8769815714233141,0.4088488837586184,324.55995323026394
77.44000000000271,0.01,125.0,-0.5989422798156738,18.163742256762436,737.7174127582449,-0.8743708298647791,0.40007906804438076,324.5640417191015
77.45000000000272,0.01,125.0,-0.5972728729248047,18.157752833964278,737.8990501808127,-0.8717515573151138,0.3913353597457285,324.56804250978195
77.46000000000272,0.01,125.0,-0.5955963134765625,18.151780105235026,738.0806277091524,-0.8691237796254809,0.3826178441725729,324.5719558633794
77.47000000000273,0.01,125.0,-0.593909740447998,18.145824142100256,738.2621455102048,-0.8664875227309855,0.37392660637631364,324.5757820418211
77.48000000000273,0.01,125.0,-0.5922155380249023,18.139885044695774,738.4436037516259,-0.8638428126504187,0.36526173114899935,324.5795213078849
77.49000000000274,0.01,125.0,-0.5905113220214844,18.133962889315523,738.625002602073,-0.8611896754860013,0.35662330302249073,324.5831739251964
77.50000000000274,0.01,125.0,-0.588798999786377,18.128057776095304,738.8063422309663,-0.8585281374231261,0.34801140626762633,324.5867401582266
77.51000000000275,0.01,125.0,-0.5870771408081055,18.122169786097437,738.9876228087273,-0.855858224730099,0.3394261248933907,324.59022027228923
77.52000000000275,0.01,125.0,-0.5853471755981445,18.116299014689353,739.1688445065884,-0.8531799637578809,0.3308675426460853,324.5936145335382
77.53000000000276,0.01,125.0,-0.5836067199707031,18.11044554293337,739.3500074967353,-0.8504933809398256,0.32233574300850215,324.59692320896465
77.54000000000276,0.01,125.0,-0.5818600654602051,18.10460947573366,739.5311119521648,-0.8477985027914215,0.31383080919909956,324.60014656639476
77.55000000000277,0.01,125.0,-0.5801024436950684,18.098790875079054,739.7121580469222,-0.845095355910028,0.305352824171181,324.60328487448675
77.56000000000277,0.01,125.0,-0.5783395767211914,18.092989850642102,739.8931459556732,-0.8423839669746132,0.2969018706120764,324.60633840272845
77.57000000000278,0.01,125.0,-0.5765652656555176,18.087206454874888,740.0740758541797,-0.8396643627454912,0.28847803094232594,324.60930742143455
77.58000000000278,0.01,125.0,-0.5747823715209961,18.08144080221833,740.2549479187285,-0.836936570064058,0.2800813873148667,324.612192201744
77.59000000000279,0.01,125.0,-0.5729928016662598,18.075692978503117,740.4357623267507,-0.8342006158525261,0.27171202161422187,324.61499301561713
77.6000000000028,0.01,125.0,-0.5711932182312012,18.06996305048645,740.6165192565359,-0.8314565271136589,0.26337001545569233,324.61771013583325
77.6100000000028,0.01,125.0,-0.5693850517272949,18.064251118304135,740.7972188870408,-0.8287043309305047,0.2550554501845515,324.6203438359878
77.6200000000028,0.01,125.0,-0.5675687789916992,18.05855726778686,740.9778613982239,-0.8259440544661284,0.2467684068752422,324.62289439048965
77.63000000000281,0.01,125.0,-0.5657434463500977,18.05288157999694,741.1584469709019,-0.8231757249633443,0.2385089663305767,324.6253620745584
77.64000000000281,0.01,125.0,-0.5639104843139648,18.047224145533434,741.3389757867019,-0.8203993697444473,0.23027720908093904,324.6277471642217
77.65000000000282,0.01,125.0,-0.5620675086975098,18.041585040690293,741.5194480281573,-0.8176150162109423,0.22207321538349037,324.6300499363125
77.66000000000282,0.01,125.0,-0.5602188110351562,18.035964365603316,741.6998638785643,-0.8148226918432747,0.21389706522137678,324.63227066846633
77.67000000000283,0.01,125.0,-0.5583591461181641,18.03036217749296,741.8802235222205,-0.8120224242005587,0.20574883830293986,324.63440963911853
77.68000000000283,0.01,125.0,-0.5564913749694824,18.024778586031776,742.0605271439955,-0.8092142409203052,0.19762861406093013,324.63646712750153
77.69000000000284,0.01,125.0,-0.5546154975891113,18.019213672282078,742.2407749298559,-0.8063981697181498,0.18953647165172294,324.63844341364216
77.70000000000285,0.01,125.0,-0.552729606628418,18.013667517306185,742.4209670665788,-0.8035742383875782,0.18147248995453732,324.6403387783587
77.71000000000285,0.01,125.0,-0.5508384704589844,18.0081402212399,742.6011037417519,-0.8007424747996527,0.17343674757065744,324.6421535032582
77.72000000000286,0.01,125.0,-0.5489382743835449,18.002631836535304,742.7811851439644,-0.7979029069027365,0.16542932282265682,324.6438878707339
77.73000000000286,0.01,125.0,-0.5470280647277832,17.997142453791465,742.9612114623299,-0.7950555627222183,0.15745029375362538,324.64554216396215
77.74000000000287,0.01,125.0,-0.5451111793518066,17.991672173144185,743.1411828868679,-0.792200470360236,0.14949973812639913,324.6471166668997
77.75000000000287,0.01,125.0,-0.5431842803955078,17.986221061350665,743.3210996085994,-0.7893376579953982,0.14157773342279273,324.64861166428096
77.76000000000288,0.01,125.0,-0.5412497520446777,17.980789218546708,743.500961819213,-0.7864671538825073,0.1336843568428347,324.6500274416152
77.77000000000288,0.01,125.0,-0.5393075942993164,17.975376721026258,743.6807697113985,-0.7835889863522801,0.1258196853040056,324.6513642851836
77.78000000000289,0.01,125.0,-0.5373563766479492,17.96998364508326,743.8605234786089,-0.7807031838110681,0.11798379544047881,324.65262248203663
77.79000000000289,0.01,125.0,-0.5353984832763672,17.964610081316778,744.0402233150598,-0.7778097747405773,0.11017676360236413,324.65380231999103
77.8000000000029,0.01,125.0,-0.5334300994873047,17.959256096484012,744.2198694158731,-0.7749087876975873,0.10239866585495437,324.6549040876271
77.8100000000029,0.01,125.0,-0.5314555168151855,17.953921795489137,744.399461976838,-0.7720002513136687,0.09464957797797453,324.6559280742856
77.8200000000029,0.01,125.0,-0.5294723510742188,17.94860724032098,744.579001194793,-0.7690841942949017,0.0869295754648339,324.6568745700654
77.83000000000291,0.01,125.0,-0.5274801254272461,17.943312516810238,744.7584872671963,-0.7661606454215916,0.07923873352188095,324.65774386582
77.84000000000292,0.01,125.0,-0.525479793548584,17.938037715555964,744.9379203923645,-0.7632296335479857,0.07157712706766112,324.6585362531552
77.85000000000292,0.01,125.0,-0.5234718322753906,17.932782917620475,745.1173007695202,-0.7602911876019876,0.06394483073217735,324.6592520244259
77.86000000000293,0.01,125.0,-0.521456241607666,17.927548199297718,745.2966285986964,-0.7573453365848727,0.05634191885615359,324.6598914727332
77.87000000000293,0.01,125.0,-0.5194320678710938,17.92233363688164,745.4759040806895,-0.7543921095710013,0.04876846549030099,324.66045489192175
77.88000000000294,0.01,125.0,-0.5173988342285156,17.917139316202924,745.6551274170583,-0.7514315357075317,0.041224544394587115,324.66094257657664
77.89000000000294,0.01,125.0,-0.5153589248657227,17.911965327860635,745.8342988102205,-0.7484636442141327,0.03371022903750795,324.6613548220206
77.90000000000295,0.01,125.0,-0.5133109092712402,17.906811738611975,746.0134184634992,-0.745488464382695,0.026225592595362793,324.66169192431096
77.91000000000295,0.01,125.0,-0.5112557411193848,17.90167862951926,746.1924865808854,-0.7425060255770426,0.018770707951532028,324.66195418023693
77.92000000000296,0.01,125.0,-0.509190559387207,17.896566072108065,746.3715033671807,-0.7395163572326423,0.011345647695757802,324.66214188731647
77.93000000000296,0.01,125.0,-0.5071191787719727,17.89147416651419,746.5504690279018,-0.736519488856314,0.003950484123427596,324.66225534379345
77.94000000000297,0.01,125.0,-0.5050382614135742,17.88640297472647,746.7293837695671,-0.7335154500259383,-0.0034147107651393118,324.6622948486347
77.95000000000297,0.01,125.0,-0.5029501914978027,17.881352592112332,746.9082477993145,-0.730504270390166,-0.010749865265402447,324.66226070152703
77.96000000000298,0.01,125.0,-0.5008544921875,17.876323090197353,747.0870613252357,-0.7274859796681241,-0.018054907969307844,324.6621532028744
77.97000000000298,0.01,125.0,-0.4987516403198242,17.871314545275474,747.2658245561378,-0.7244606076491237,-0.025329767765992807,324.6619726537947
77.98000000000299,0.01,125.0,-0.49663877487182617,17.866327028872274,747.4445377015907,-0.7214281841923652,-0.03257437384248775,324.66171935611703
77.990000000003,0.01,125.0,-0.4945201873779297,17.861360641123554,747.6232009718794,-0.718388739226644,-0.03978865568441509,324.6613936123786
78.000000000003,0.01,125.0,-0.49239158630371094,17.856415439249773,747.8018145782908,-0.7153423027500546,-0.046972543076685205,324.66099572582175
78.010000000003,0.01,125.0,-0.49025678634643555,17.851491523386734,747.9803787326833,-0.7122889048296954,-0.05412596610418941,324.660526000391
78.02000000000301,0.01,125.0,-0.4881153106689453,17.846588955523266,748.1588936479172,-0.709228575601371,-0.06124885515249001,324.65998474072995
78.03000000000301,0.01,125.0,-0.485964298248291,17.841707802416575,748.3373595374726,-0.7061613452692953,-0.06834114090850735,324.6593722521784
78.04000000000302,0.01,125.0,-0.48380565643310547,17.83684815943409,748.5157766154969,-0.7030872441057936,-0.07540275436120392,324.6586888407693
78.05000000000302,0.01,125.0,-0.48163938522338867,17.832010102869756,748.6941450970913,-0.7000063024510031,-0.08243362680226544,324.65793481322567
78.06000000000303,0.01,125.0,-0.47946643829345703,17.827193709017518,748.8724651981202,-0.6969185507125744,-0.08943368982677906,324.65711047695766
78.07000000000303,0.01,125.0,-0.47728490829467773,17.82239904463458,749.0507371352104,-0.6938240193653702,-0.09640287533390837,324.65621614005937
78.08000000000304,0.01,125.0,-0.4750957489013672,17.81762619555163,749.2289611256568,-0.6907227389511659,-0.10334111552756563,324.655252111306
78.09000000000304,0.01,125.0,-0.472900390625,17.812875238062613,749.4071373876125,-0.6876147400783469,-0.11024834291708081,324.65421870015075
78.10000000000305,0.01,125.0,-0.47069597244262695,17.80814623415636,749.5852661399932,-0.6845000534216076,-0.1171244903178678,324.65311621672157
78.11000000000305,0.01,125.0,-0.46848392486572266,17.80343927443193,749.7633476023349,-0.6813787097216476,-0.12396949085208737,324.6519449718184
78.12000000000306,0.01,125.0,-0.4662652015686035,17.79875443518327,749.9413819950793,-0.6782507397848693,-0.13078327794930733,324.6507052769099
78.13000000000306,0.01,125.0,-0.4640378952026367,17.79409178316758,750.1193695394312,-0.6751161744830729,-0.1375657853471595,324.6493974441304
78.14000000000307,0.01,125.0,-0.4618034362792969,17.78945140421555,750.2973104572629,-0.6719750447531527,-0.14431694709199366,324.6480217862769
78.15000000000308,0.01,125.0,-0.459561824798584,17.784833369852755,750.4752049713052,-0.668827381596791,-0.15103669753952864,324.646578616806
78.16000000000308,0.01,125.0,-0.45731258392333984,17.780237751604766,750.6530533050038,-0.6656732160801523,-0.15772497135549998,324.64506824983056
78.17000000000309,0.01,125.0,-0.45505428314208984,17.77566462576553,750.83085568252,-0.6625125793335768,-0.1643817035163049,324.643491000117
78.18000000000309,0.01,125.0,-0.4527912139892578,17.771114082934105,751.0086123287778,-0.6593455025512732,-0.17100682930964406,324.64184718308184
78.1900000000031,0.01,125.0,-0.45052003860473633,17.76658617079421,751.1863234696071,-0.6561720169910108,-0.17760028433516017,324.64013711478873
78.2000000000031,0.01,125.0,-0.4482417106628418,17.76208097040816,751.3639893313152,-0.652992153973811,-0.18416200450507364,324.63836111194536
78.2100000000031,0.01,125.0,-0.4459543228149414,17.75759855330153,751.5416101410194,-0.6498059448836377,-0.19069192604481508,324.6365194919003
78.22000000000311,0.01,125.0,-0.4436612129211426,17.75313901007338,751.7191861265525,-0.6466134211670888,-0.1971899854936548,324.6346125726398
78.23000000000312,0.01,125.0,-0.4413604736328125,17.748702397944164,751.8967175166533,-0.643414614333084,-0.203656119705329,324.6326406727849
78.24000000000312,0.01,125.0,-0.43905210494995117,17.744288793207833,752.0742045406329,-0.6402095559525557,-0.2100902658486631,324.63060411158784
78.25000000000313,0.01,125.0,-0.436737060546875,17.73989827215833,752.2516474285651,-0.6369982776581359,-0.21649236140819195,324.6285032089294
78.26000000000313,0.01,125.0,-0.43441343307495117,17.73553090155286,752.4290464112868,-0.6337808111438451,-0.22286234418477657,324.6263382853153
78.27000000000314,0.01,125.0,-0.4320840835571289,17.73118676722211,752.6064017203024,-0.6305571881647788,-0.22920015229621826,324.62410966187343
78.28000000000314,0.01,125.0,-0.4297466278076172,17.726865926386534,752.7837135879747,-0.6273274405367943,-0.23550572417786927,324.6218176603505
78.29000000000315,0.01,125.0,-0.42740345001220703,17.722568460108455,752.9609822472387,-0.624091600136197,-0.24177899858324042,324.6194626031087
78.30000000000315,0.01,125.0,-0.4250516891479492,17.71829442560833,753.1382079318398,-0.6208496988994251,-0.2480199145846056,324.61704481312285
78.31000000000316,0.01,125.0,-0.42269372940063477,17.71404390871685,753.315390876096,-0.617601768822735,-0.25422841157360304,324.614564613977
78.32000000000316,0.01,125.0,-0.42032814025878906,17.709816971422843,753.4925313151832,-0.6143478419618855,-0.26040442926183355,324.61202232986125
78.33000000000317,0.01,125.0,-0.4179553985595703,17.705613690020254,753.6696294848975,-0.6110879504318208,-0.26654790768145553,324.6094182855686
78.34000000000317,0.01,125.0,-0.4155764579772949,17.701434136034656,753.8466856217979,-0.6078221264063545,-0.27265878718577685,324.6067528064918
78.35000000000318,0.01,125.0,-0.4131894111633301,17.697278371454882,754.0236999631583,-0.604550402117851,-0.2787370084498435,324.60402621861994
78.36000000000318,0.01,125.0,-0.410794734954834,17.693146477343248,754.2006727468729,-0.6012728098569083,-0.2847825124710251,324.60123884853544
78.37000000000319,0.01,125.0,-0.40839529037475586,17.6890385299937,754.3776042116464,-0.5979893819720389,-0.29079524056959727,324.5983910234107
78.3800000000032,0.01,125.0,-0.4059877395629883,17.68495457708995,754.5544945969464,-0.5947001508693502,-0.29677513438932074,324.59548307100505
78.3900000000032,0.01,125.0,-0.40357208251953125,17.680894699694317,754.7313441427174,-0.5914051490122255,-0.3027221358980173,324.5925153196612
78.4000000000032,0.01,125.0,-0.4011502265930176,17.67685897886912,754.9081530897145,-0.5881044089210028,-0.3086361873881426,324.5894880983022
78.41000000000321,0.01,125.0,-0.39872264862060547,17.672847476603188,755.0849216795033,-0.5847979631726542,-0.3145172314773556,324.5864017364283
78.42000000000321,0.01,125.0,-0.3962879180908203,17.66886025011698,755.2616501542694,-0.5814858444004645,-0.32036521110908517,324.5832565641135
78.43000000000322,0.01,125.0,-0.3938450813293457,17.664897370936067,755.4383387567707,-0.5781680852937087,-0.3261800695530928,324.58005291200243
78.44000000000322,0.01,125.0,-0.39139652252197266,17.660958920122773,755.6149877304802,-0.5748447185973297,-0.3319617504060329,324.5767911113069
78.45000000000323,0.01,125.0,-0.38894176483154297,17.65704495489755,755.7915973196815,-0.5715157771116152,-0.3377101975920091,324.5734714938028
78.46000000000323,0.01,125.0,-0.3864779472351074,17.653155537249233,755.9681677692306,-0.5681812936918736,-0.3434253553631282,324.5700943918269
78.47000000000324,0.01,125.0,-0.38401031494140625,17.649290757776882,756.1446993246032,-0.5648413012481104,-0.34910716830004984,324.5666601382733
78.48000000000324,0.01,125.0,-0.3815340995788574,17.645450654627467,756.321192232181,-0.5614958327446984,-0.3547555813125338,324.56316906659026
78.49000000000325,0.01,125.0,-0.37905120849609375,17.641635313631678,756.4976467387274,-0.5581449212000689,-0.36037053963998367,324.55962151077716
78.50000000000325,0.01,125.0,-0.37656259536743164,17.637844801546716,756.6740630918639,-0.5547885996863622,-0.3659519888519872,324.55601780538075
78.51000000000326,0.01,125.0,-0.3740653991699219,17.63407917559304,756.8504415398795,-0.5514269013291166,-0.37149987484885366,324.55235828549223
78.52000000000326,0.01,125.0,-0.3715634346008301,17.630338521601338,757.0267823316356,-0.5480598593069379,-0.37701414386214765,324.54864328674375
78.53000000000327,0.01,125.0,-0.36905527114868164,17.626622887255326,757.2030857168517,-0.5446875068511713,-0.38249474245521986,324.54487314530513
78.54000000000327,0.01,125.0,-0.36653995513916016,17.622932334543837,757.3793519457244,-0.5413098772455742,-0.38794161752373435,324.54104819788057
78.55000000000328,0.01,125.0,-0.3640170097351074,17.619266934992442,757.5555812690699,-0.5379270038259871,-0.39335471629619284,324.5371687817053
78.56000000000328,0.01,125.0,-0.36148881912231445,17.61562676489509,757.7317739384199,-0.534538919980005,-0.39873398633445545,324.53323523454236
78.57000000000329,0.01,125.0,-0.35895299911499023,17.612011876703864,757.907930206069,-0.5311456591466477,-0.4040793755342582,324.52924789467903
78.5800000000033,0.01,125.0,-0.3564119338989258,17.60842234671271,758.0840503248361,-0.5277472548160295,-0.4093908321257274,324.5252071009237
78.5900000000033,0.01,125.0,-0.3538646697998047,17.604858227373718,758.2601345483033,-0.5243437405290293,-0.41466830467389043,324.52111319260246
78.6000000000033,0.01,125.0,-0.35131025314331055,17.601319580675717,758.4361831305771,-0.5209351498769591,-0.4199117420791834,324.51696650955574
78.61000000000331,0.01,125.0,-0.34874916076660156,17.597806478144282,758.6121963263839,-0.5175215165012325,-0.4251210935779557,324.51276739213495
78.62000000000332,0.01,125.0,-0.34618186950683594,17.594318986536614,758.7881743911655,-0.5141028740930327,-0.43029630874297065,324.5085161811992
78.63000000000332,0.01,125.0,-0.34360790252685547,17.590857167841545,758.964117581031,-0.5106792563929802,-0.4354373374839036,324.5042132181118
78.64000000000333,0.01,125.0,-0.34102821350097656,17.587421088816274,759.1400261527095,-0.5072506971907994,-0.44054413004783605,324.49985884473693
78.65000000000333,0.01,125.0,-0.3384428024291992,17.584010806681263,759.3159003635977,-0.5038172303249856,-0.44561663701974663,324.49545340343644
78.66000000000334,0.01,125.0,-0.3358497619628906,17.58062637865697,759.4917404716647,-0.5003788896824706,-0.45065480932299906,324.49099723706627
78.67000000000334,0.01,125.0,-0.3332509994506836,17.57726788103734,759.6675467354513,-0.4969357091982884,-0.45565859821982635,324.48649068897305
78.68000000000335,0.01,125.0,-0.33064699172973633,17.573935371042833,759.8433194142618,-0.4934877228552403,-0.4606279553118118,324.48193410299086
78.69000000000335,0.01,125.0,-0.3280353546142578,17.570628901125534,760.0190587679723,-0.49003496468355945,-0.4655628325403667,324.47732782343775
78.70000000000336,0.01,125.0,-0.32541847229003906,17.56734854757939,760.1947650569837,-0.4865774687605751,-0.4704631821872048,324.47267219511235
78.71000000000336,0.01,125.0,-0.32279396057128906,17.564094362856487,760.3704385424595,-0.4831152692103763,-0.475328956874813,324.4679675632905
78.72000000000337,0.01,125.0,-0.32016563415527344,17.560866423250772,760.5460794860882,-0.4796484002034747,-0.48016010956691924,324.46321427372175
78.73000000000337,0.01,125.0,-0.31753015518188477,17.557664766909216,760.7216881503208,-0.4761768959564678,-0.48495659356895643,324.4584126726261
78.74000000000338,0.01,125.0,-0.31488847732543945,17.554489465357396,760.89726479799,-0.472700790731701,-0.4897183625285235,324.4535631066904
78.75000000000338,0.01,125.0,-0.3122410774230957,17.55134058058414,761.0728096926437,-0.4692201188369296,-0.49444537043584297,324.4486659230651
78.76000000000339,0.01,125.0,-0.3095874786376953,17.548218169809907,761.2483230984496,-0.46573491462497996,-0.4991375716242147,324.44372146936075
78.77000000000339,0.01,125.0,-0.3069281578063965,17.54512229502353,761.4238052801478,-0.4622452124934105,-0.5037949207704668,324.4387300936445
78.7800000000034,0.01,125.0,-0.3042631149291992,17.542053013445464,761.5992565030981,-0.4587510468841726,-0.5084173728954033,324.4336921444368
78.7900000000034,0.01,125.0,-0.3015913963317871,17.53901038229617,761.7746770332326,-0.45525245228327005,-0.5130048833642474,324.42860797070784
78.80000000000341,0.01,125.0,-0.29891347885131836,17.53599446833285,761.9500671370556,-0.45174946322041915,-0.5175574078870825,324.4234779218742
78.81000000000341,0.01,125.0,-0.29622936248779297,17.533005333544335,762.1254270817391,-0.4482421142687077,-0.522074902519289,324.41830234779536
78.82000000000342,0.01,125.0,-0.29354190826416016,17.530043039919455,762.3007571350746,-0.44473044004425394,-0.5265573236619784,324.4130815987702
78.83000000000342,0.01,125.0,-0.2908468246459961,17.527107620836812,762.4760575654739,-0.4412144752058647,-0.5310046280624232,324.4078160255336
78.84000000000343,0.01,125.0,-0.2881464958190918,17.524199152590352,762.6513286416823,-0.43769425445469345,-0.5354167728144841,324.40250597925296
78.85000000000343,0.01,125.0,-0.28543996810913086,17.52131768763216,762.8265706332083,-0.4341698125338979,-0.5397937153590332,324.3971518115248
78.86000000000344,0.01,125.0,-0.2827277183532715,17.518463287951068,763.0017838100847,-0.430641184228297,-0.5441354134843744,324.3917538743712
78.87000000000344,0.01,125.0,-0.2800102233886719,17.515636010767533,763.1769684429643,-0.42710840436402747,-0.5484418253266596,324.38631252023634
78.88000000000345,0.01,125.0,-0.2772860527038574,17.512835908533646,763.352124803072,-0.4235715078082003,-0.5527129093703022,324.38082810198307
78.89000000000345,0.01,125.0,-0.27455806732177734,17.510063048006607,763.5272531621574,-0.4200305294685566,-0.5569486244483863,324.37530097288936
78.90000000000346,0.01,125.0,-0.271822452545166,17.507317467333387,763.7023537926376,-0.4164855042931231,-0.5611489297430741,324.36973148664487
78.91000000000346,0.01,125.0,-0.26908254623413086,17.504599242807934,763.8774269673111,-0.4129364672698671,-0.5653137847860075,324.3641199973474
78.92000000000347,0.01,125.0,-0.26633691787719727,17.501908417345593,764.0524729597392,-0.40938345342635113,-0.5694431494587082,324.3584668594996
78.93000000000347,0.01,125.0,-0.26358509063720703,17.49924504816682,764.2274920439128,-0.40582649782938746,-0.5735369839929738,324.352772428005
78.94000000000348,0.01,125.0,-0.26082801818847656,17.496609197260447,764.4024844943946,-0.4022656355846918,-0.5775952489712698,324.34703705816503
78.95000000000348,0.01,125.0,-0.25806474685668945,17.494000917078562,764.5774505863673,-0.398700901836537,-0.5816179053271188,324.3412611056753
78.96000000000349,0.01,125.0,-0.2552976608276367,17.491420269609993,764.7523905955381,-0.395132331767406,-0.5856049143454862,324.335444926622
78.9700000000035,0.01,125.0,-0.25252485275268555,17.488867293001714,764.9273047982343,-0.3915599605976446,-0.5895562376631623,324.32958887747856
78.9800000000035,0.01,125.0,-0.24974489212036133,17.486342044474185,765.1021934711645,-0.38798382358511413,-0.5934718372691408,324.32369331510193
78.9900000000035,0.01,125.0,-0.24696063995361328,17.48384459555298,765.2770568916093,-0.38440395602484306,-0.5973516755049939,324.3177585967292
79.00000000000351,0.01,125.0,-0.2441716194152832,17.481374989153444,765.4518953375649,-0.38082039324867906,-0.6011957150652443,324.3117850799742
79.01000000000352,0.01,125.0,-0.24137639999389648,17.47893327295929,765.6267090874566,-0.37723317062493994,-0.605003918997733,324.30577312282355
79.02000000000352,0.01,125.0,-0.23857641220092773,17.47651950895935,765.8014984201862,-0.37364232355806476,-0.6087762507039843,324.2997230836336
79.03000000000353,0.01,125.0,-0.23577117919921875,17.47413374483734,765.9762636152759,-0.37004788748826445,-0.6125126739395669,324.29363532112654
79.04000000000353,0.01,125.0,-0.23296117782592773,17.471776033045344,766.1510049527244,-0.36644989789117177,-0.6162131528144514,324.28751019438715
79.05000000000354,0.01,125.0,-0.23014545440673828,17.469446421267083,766.3257227130549,-0.36284839027749155,-0.6198776517933651,324.281348062859
79.06000000000354,0.01,125.0,-0.2273235321044922,17.467144966723016,766.5004171772677,-0.35924340019265,-0.6235061356961419,324.2751492863411
79.07000000000355,0.01,125.0,-0.22449827194213867,17.46487173140197,766.675088626935,-0.3556349632164438,-0.6270985696980702,324.26891422498414
79.08000000000355,0.01,125.0,-0.2216658592224121,17.46262674868255,766.8497373442491,-0.35202311496268907,-0.6306549193302364,324.2626432392872
79.09000000000356,0.01,125.0,-0.21883058547973633,17.460410090090324,767.024363611736,-0.34840789107887005,-0.6341751504798652,324.25633669009386
79.10000000000356,0.01,125.0,-0.2159867286682129,17.458221784235526,767.198967712637,-0.3447893272457868,-0.6376592293906557,324.24999493858905
79.11000000000357,0.01,125.0,-0.21314144134521484,17.456061916948844,767.3735499304795,-0.3411674591772036,-0.6411071226631153,324.24361834629514
79.12000000000357,0.01,125.0,-0.21029043197631836,17.45393050253539,767.5481105496491,-0.337542322619496,-0.6445187972548891,324.2372072750685
79.13000000000358,0.01,125.0,-0.20743274688720703,17.451827598215626,767.7226498546745,-0.33391395335129836,-0.6478942204810858,324.23076208709597
79.14000000000358,0.01,125.0,-0.20457124710083008,17.449753270746754,767.8971681306567,-0.33028238718315045,-0.6512333600146005,324.22428314489116
79.15000000000359,0.01,125.0,-0.2017054557800293,17.447707558275745,768.0716656633642,-0.32664765995714434,-0.6545361838864338,324.217770811291
79.16000000000359,0.01,125.0,-0.19883394241333008,17.445690503717945,768.2461427389471,-0.3230098075465702,-0.6578026604860069,324.2112254494522
79.1700000000036,0.01,125.0,-0.19595813751220703,17.44370216429381,768.4205996439844,-0.3193688658555628,-0.6610327585614743,324.2046474228473
79.1800000000036,0.01,125.0,-0.19307756423950195,17.44174258291869,768.5950366656274,-0.3157248708187466,-0.6642264472200315,324.19803709526167
79.19000000000361,0.01,125.0,-0.19019079208374023,17.439811807276293,768.7694540914566,-0.31207785840088165,-0.6673836959282207,324.1913948307895
79.20000000000361,0.01,125.0,-0.18729925155639648,17.437909899355454,768.9438522095295,-0.30842786459650795,-0.670504474512231,324.1847209938302
79.21000000000362,0.01,125.0,-0.1844043731689453,17.436036906839888,769.1182313085231,-0.30477492542959095,-0.6735887531581977,324.1780159490851
79.22000000000362,0.01,125.0,-0.1815047264099121,17.434192863108198,769.2925916775916,-0.30111907695316537,-0.6766365024124952,324.1712800615535
79.23000000000363,0.01,125.0,-0.17859792709350586,17.4323778158441,769.4669336062228,-0.2974603552489798,-0.6796476931820283,324.16451369652935
79.24000000000363,0.01,125.0,-0.175689697265625,17.430591836573164,769.6412573843813,-0.2937987964271403,-0.6826222967345197,324.15771721959754
79.25000000000364,0.01,125.0,-0.1727762222290039,17.428834939600506,769.8155633027471,-0.29013443662575433,-0.6855602846987926,324.1508909966302
79.26000000000364,0.01,125.0,-0.16985702514648438,17.427107177378215,769.9898516521432,-0.28646731201057374,-0.6884616290650516,324.1440353937832
79.27000000000365,0.01,125.0,-0.1669325828552246,17.425408607126748,770.1641227239171,-0.2827974587746379,-0.6913263021851588,324.13715077749254
79.28000000000365,0.01,125.0,-0.16400575637817383,17.423739281298197,770.3383768099884,-0.27912491313791676,-0.6941542767729066,324.1302375144707
79.29000000000366,0.01,125.0,-0.16107177734375,17.422099223734413,770.5126142028015,-0.27544971134695306,-0.6969455259042873,324.123295971703
79.30000000000366,0.01,125.0,-0.15813589096069336,17.420488505960975,770.686835195039,-0.2717718896745048,-0.6997000230177582,324.11632651644396
79.31000000000367,0.01,125.0,-0.15519332885742188,17.418907147051367,770.8610400800986,-0.268091484419187,-0.7024177419145047,324.1093295162138
79.32000000000367,0.01,125.0,-0.15224742889404297,17.417355213762793,771.0352291515692,-0.2644085319051137,-0.7050986567586979,324.1023053387946
79.33000000000368,0.01,125.0,-0.14929771423339844,17.415832739473853,771.2094027037069,-0.2607230684815394,-0.7077427420777503,324.095254352227
79.34000000000368,0.01,125.0,-0.14634275436401367,17.41433976233152,771.3835610311017,-0.2570351305225002,-0.7103499727625671,324.08817692480625
79.35000000000369,0.01,125.0,-0.14338397979736328,17.412876334787878,771.5577044287252,-0.2533447544264549,-0.7129203240677934,324.0810734250786
79.3600000000037,0.01,125.0,-0.14041948318481445,17.411442494989902,771.7318331920732,-0.24965197661592556,-0.7154537716120593,324.0739442218379
79.3700000000037,0.01,125.0,-0.1374521255493164,17.410038300158053,771.9059476170231,-0.2459568335371385,-0.7179502913782198,324.0667896841218
79.3800000000037,0.01,125.0,-0.13447999954223633,17.40866377890256,772.0800480000248,-0.242259361659664,-0.7204098597135924,324.059610181208
79.39000000000371,0.01,125.0,-0.13150548934936523,17.40731897890714,772.2541346378139,-0.23855959747605687,-0.7228324533301903,324.05240608261084
79.40000000000371,0.01,125.0,-0.1285233497619629,17.406003924013643,772.428207827603,-0.23485757750149586,-0.725218049304952,324.04517775807756
79.41000000000372,0.01,125.0,-0.12553930282592773,17.404718690516024,772.6022678668432,-0.23115333827342363,-0.7275666250799682,324.03792557758453
79.42000000000372,0.01,125.0,-0.12254953384399414,17.403463297487765,772.7763150537485,-0.2274469163511858,-0.7298781584627035,324.03064991133374
79.43000000000373,0.01,125.0,-0.11955738067626953,17.402237802149322,772.9503496867235,-0.22373834831567047,-0.7321526276262166,324.02335112974913
79.44000000000374,0.01,125.0,-0.11655998229980469,17.401042228342558,773.1243720647451,-0.22002767076894691,-0.7343900111093744,324.0160296034729
79.45000000000374,0.01,125.0,-0.11355924606323242,17.39987662851956,773.2983824870286,-0.21631492033390448,-0.736590287817065,324.0086857033618
79.46000000000375,0.01,125.0,-0.11055374145507812,17.39874103605893,773.4723812533139,-0.21260013365389105,-0.7387534370204052,324.0013198004836
79.47000000000375,0.01,125.0,-0.10754585266113281,17.397635498644377,773.6463686636746,-0.20888334739235143,-0.7408794383569451,323.9939322661134
79.48000000000376,0.01,125.0,-0.10453224182128906,17.396560040117766,773.8203450186611,-0.20516459823246552,-0.7429682718308698,323.9865234717298
79.49000000000376,0.01,125.0,-0.10151529312133789,17.39551471769955,773.9943106190624,-0.20144392287678617,-0.7450199178131954,323.9790937890115
79.50000000000377,0.01,125.0,-0.09849405288696289,17.39449956476834,774.1682657662395,-0.19772135804687707,-0.7470343570419643,323.9716435898333
79.51000000000377,0.01,125.0,-0.09546804428100586,17.39351462423947,774.3422107618873,-0.19399694048295021,-0.7490115706224341,323.9641732462629
79.52000000000378,0.01,125.0,-0.09244060516357422,17.39255994379666,774.5161459081297,-0.19027070694350337,-0.7509515400272646,323.95668313055666
79.53000000000378,0.01,125.0,-0.08940696716308594,17.391635537745024,774.6900715075677,-0.1865426942049572,-0.7528542470967006,323.9491736151564
79.54000000000379,0.01,125.0,-0.08637046813964844,17.390741468073394,774.8639878629452,-0.18281293906129242,-0.7547196740387511,323.9416450726854
79.55000000000379,0.01,125.0,-0.08333110809326172,17.389877763391997,775.037895277626,-0.17908147832368654,-0.7565478034293649,323.934097875945
79.5600000000038,0.01,125.0,-0.08028650283813477,17.389044452311065,775.21179405526,-0.1753483488201505,-0.7583386182126026,323.9265323979107
79.5700000000038,0.01,125.0,-0.0772390365600586,17.388241587282682,775.3856844997832,-0.17161358739516544,-0.760092101700805,323.91894901172856
79.5800000000038,0.01,125.0,-0.0741887092590332,17.38746919691708,775.5595669156561,-0.16787723090931886,-0.7618082375747576,323.91134809071156
79.59000000000381,0.01,125.0,-0.07113361358642578,17.38672730982449,775.7334416076253,-0.16413931623894082,-0.7634870098838517,323.9037300083358
79.60000000000382,0.01,125.0,-0.06807565689086914,17.386015973688625,775.9073088807237,-0.16039988027574,-0.7651284030462419,323.89609513823694
79.61000000000382,0.01,125.0,-0.06501436233520508,17.385335217119717,776.0811690404606,-0.1566589599264398,-0.766732401849,323.88844385420646
79.62000000000383,0.01,125.0,-0.061948299407958984,17.384685073496364,776.2550223926319,-0.15291659211241374,-0.7682989914482652,323.880776530188
79.63000000000383,0.01,125.0,-0.05887937545776367,17.384065590502285,776.4288692433669,-0.1491728137693213,-0.7698281573693901,323.8730935402735
79.64000000000384,0.01,125.0,-0.05580615997314453,17.383476796747708,776.602709899272,-0.14542766184674327,-0.7713198855070841,323.8653952586998
79.65000000000384,0.01,125.0,-0.052730560302734375,17.382918735147975,776.7765446672396,-0.14168117330781718,-0.7727741621255523,323.8576820598447
79.66000000000385,0.01,125.0,-0.04965019226074219,17.382391429544946,776.9503738545911,-0.13793338512887238,-0.7741909738586312,323.84995431822347
79.67000000000385,0.01,125.0,-0.04656791687011719,17.381894927622337,777.1241977688867,-0.13418433429906512,-0.7755703077099206,323.8422124084849
79.68000000000386,0.01,125.0,-0.04348134994506836,17.381429248453635,777.298016718163,-0.1304340578200136,-0.776912151052912,323.8344567054078
79.69000000000386,0.01,125.0,-0.04039287567138672,17.380994434954186,777.4718310106476,-0.1266825927054326,-0.7782164916311128,323.82668758389724
79.70000000000387,0.01,125.0,-0.03729963302612305,17.38059050619747,777.6456409549972,-0.12292997598076826,-0.7794833175581678,323.81890541898093
79.71000000000387,0.01,125.0,-0.03420305252075195,17.38021750986721,777.8194468600593,-0.11917624468283267,-0.7807126173179761,323.81111058580535
79.72000000000388,0.01,125.0,-0.031104087829589844,17.379875479342004,777.9932490351581,-0.11542143585943829,-0.7819043797648051,323.80330345963216
79.73000000000388,0.01,125.0,-0.0279998779296875,17.37956443846371,778.1670477899517,-0.11166558656903232,-0.7830585941234001,323.7954844158345
79.74000000000389,0.01,125.0,-0.024895191192626953,17.37928443968441,778.3408434343364,-0.10790873388033098,-0.7841752499890909,323.78765382989326
79.7500000000039,0.01,125.0,-0.021786212921142578,17.379035487772484,778.5146362787334,-0.10415091487195359,-0.7852543373278948,323.7798120773934
79.7600000000039,0.01,125.0,-0.01867389678955078,17.378817625643272,778.6884266336112,-0.10039216663205668,-0.7862958464766149,323.7719595340201
79.7700000000039,0.01,125.0,-0.015558719635009766,17.378630886675378,778.8622148098677,-0.0966325262579679,-0.787299768142936,323.7640965755553
79.78000000000391,0.01,125.0,-0.012440681457519531,17.378475299479028,779.0360011187346,-0.09287203085581992,-0.7882660934055162,323.75622357787387
79.79000000000391,0.01,125.0,-0.009318828582763672,17.378350892664454,779.2097858717294,-0.08911071754018418,-0.789194813714075,323.7483409169398
79.80000000000392,0.01,125.0,-0.006195068359375,17.378257704378626,779.3835693806561,-0.08534862343370461,-0.7900859208894773,323.74044896880264
79.81000000000392,0.01,125.0,-0.0030679702758789062,17.37819575369503,779.5573519577,-0.08158578566673122,-0.7909394071238147,323.7325481095937
79.82000000000393,0.01,125.0,6.246566772460938E-5,17.37816507399227,779.731133915237,-0.07782224137695365,-0.7917552649804824,323.7246387155225
79.83000000000393,0.01,125.0,0.0031952857971191406,17.37816569864895,779.904915565977,-0.07405802770903037,-0.7925334873942523,323.71672116287266
79.84000000000394,0.01,125.0,0.006331920623779297,17.37819765150692,780.0786972229636,-0.07029318181423914,-0.793274067671343,323.7087958279987
79.85000000000394,0.01,125.0,0.009470939636230469,17.378260970713157,780.2524791994787,-0.06652774085008475,-0.7939769994894857,323.700863087322
79.86000000000395,0.01,125.0,0.01261138916015625,17.378355680109518,780.4262618091859,-0.06276174197994934,-0.7946422768979869,323.6929233173271
79.87000000000396,0.01,125.0,0.015757083892822266,17.378481794001118,780.6000453659871,-0.05899522237272136,-0.7952698943177867,323.6849768945581
79.88000000000396,0.01,125.0,0.018903732299804688,17.378639364840048,780.7738301839272,-0.05522821920242873,-0.7958598465415142,323.6770241956149
79.89000000000397,0.01,125.0,0.022053241729736328,17.378828402163045,780.9476165775757,-0.05146076964787194,-0.7964121287335387,323.6690655971495
79.90000000000397,0.01,125.0,0.025206565856933594,17.379048934580343,781.1214048615974,-0.047692910892257113,-0.7969267364300177,323.66110147586215
79.91000000000398,0.01,125.0,0.028360843658447266,17.37930100023891,781.2951953509433,-0.04392468012282903,-0.7974036655389405,323.6531322084978
79.92000000000398,0.01,125.0,0.031519412994384766,17.379584608675497,781.4689883609458,-0.04015611453050408,-0.797842912340169,323.6451581718424
79.93000000000399,0.01,125.0,0.03468036651611328,17.37989980280544,781.6427842070326,-0.03638725130950323,-0.7982444734854742,323.637179742719
79.94000000000399,0.01,125.0,0.0378422737121582,17.3802466064706,781.8165832050607,-0.032618127656984915,-0.7986083459985694,323.62919729798415
79.950000000004,0.01,125.0,0.04100799560546875,17.38062502920772,781.9903856711255,-0.028848780772677933,-0.7989345272751395,323.6212112145242
79.960000000004,0.01,125.0,0.044176578521728516,17.381035109163776,782.1641919214177,-0.025079247858514293,-0.7992230150828664,323.61322186925145
79.970000000004,0.01,125.0,0.04734611511230469,17.381476874948994,782.3380022725094,-0.02130956611826202,-0.7994738075614517,323.6052296391006
79.98000000000401,0.01,125.0,0.050519466400146484,17.381950336100118,782.511817041259,-0.017539772757158022,-0.7996869032226345,323.597234901025
79.99000000000402,0.01,125.0,0.053694725036621094,17.38245553076412,782.68563654462,-0.013769904981540838,-0.7998623009502062,323.58923803199275
80.00000000000402,0.01,125.0,0.05687236785888672,17.382992478014486,782.8594610999278,-0.009999999998483456,-0.8000000000000217,323.58123940898327
80.01000000000403,0.01,125.0,0.06005287170410156,17.383561201693077,783.033291024708,-0.0062300950154260916,-0.8001000000000066,323.5732394089833
80.02000000000403,0.01,125.0,0.06323480606079102,17.384161730410117,783.207126636725,-0.002460227239808951,-0.8001623009501608,323.5652384089833
80.03000000000404,0.01,125.0,0.0664210319519043,17.384794078470726,783.3809682540292,0.001309566121294974,-0.8001869032225589,323.55723678597377
80.04000000000404,0.01,125.0,0.06960725784301758,17.385458288790247,783.554816194814,0.0050792478615471395,-0.8001738075613459,323.54923491694154
80.05000000000405,0.01,125.0,0.07279539108276367,17.38615436136868,783.728670777702,0.00884878077571065,-0.8001230150827304,323.5412331788659
80.06000000000405,0.01,125.0,0.07598686218261719,17.386882315279507,783.9025323213157,0.012618127660017466,-0.8000345272749733,323.53323194871507
80.07000000000406,0.01,125.0,0.07918119430541992,17.387642183901335,784.0764011444686,0.01638725131253558,-0.799908345998373,323.5252316034423
80.08000000000406,0.01,125.0,0.08237743377685547,17.38843399584439,784.2502775663077,0.020156114533536204,-0.7997444734852476,323.5172325199823
80.09000000000407,0.01,125.0,0.08557510375976562,17.38925777018216,784.4241619062661,0.023924680125860902,-0.7995429123399121,323.50923507524743
80.10000000000407,0.01,125.0,0.0887746810913086,17.390113521219757,784.5980544839681,0.027692910895288705,-0.7993036655386534,323.501239646124
80.11000000000408,0.01,125.0,0.09197664260864258,17.39100126803067,784.7719556191804,0.03146076965090321,-0.7990267364297003,323.49324660946866
80.12000000000408,0.01,125.0,0.09518051147460938,17.391921034456757,784.9458656318608,0.035228219205459654,-0.7987121287331912,323.4852563421044
80.13000000000409,0.01,125.0,0.09838628768920898,17.392872839571503,785.1197848422055,0.03899522237575191,-0.7983598465411365,323.47726922081705
80.1400000000041,0.01,125.0,0.1015920639038086,17.393856702448396,785.2937135706013,0.04276174198297949,-0.7979698943173787,323.4692856223516
80.1500000000041,0.01,125.0,0.10480356216430664,17.394872623087434,785.4676521376259,0.04652774085311447,-0.7975422768975488,323.4613059234084
80.1600000000041,0.01,125.0,0.10801458358764648,17.395920658709077,785.6416008638569,0.050293181817268405,-0.7970769994890173,323.4533305006394
80.17000000000411,0.01,125.0,0.11122846603393555,17.397000804544955,785.815560070444,0.05405802771205915,-0.7965740676708444,323.44535973064455
80.18000000000411,0.01,125.0,0.11444330215454102,17.398113089205296,785.9895300784896,0.057822241379977636,-0.7960334873937235,323.43739398996786
80.19000000000412,0.01,125.0,0.1176600456237793,17.399257522226844,786.1635112093817,0.06158578566975465,-0.7954552649799234,323.42943365509393
80.20000000000412,0.01,125.0,0.12087869644165039,17.40043412268308,786.337503784604,0.06534862343672748,-0.7948394071232255,323.42147910244415
80.21000000000413,0.01,125.0,0.12409830093383789,17.401642909647496,786.5115081258309,0.06911071754320641,-0.794185920888858,323.4135307083729
80.22000000000413,0.01,125.0,0.1273212432861328,17.402883892656835,786.6855245549275,0.07287203085884152,-0.7934948137134256,323.405588849164
80.23000000000414,0.01,125.0,0.13054418563842773,17.4041571050897,786.8595533938542,0.07663252626098882,-0.7927660934048367,323.3976539010269
80.24000000000414,0.01,125.0,0.13376903533935547,17.405462546946083,787.0335949649052,0.08039216663507691,-0.7919997681422264,323.38972624009284
80.25000000000415,0.01,125.0,0.13699674606323242,17.40680023729948,787.2076495903748,0.08415091487497309,-0.7911958464758753,323.3818062424114
80.26000000000415,0.01,125.0,0.14022588729858398,17.40817020476011,787.3817175927479,0.0879087338833497,-0.7903543373271251,323.37389428394664
80.27000000000416,0.01,125.0,0.14345550537109375,17.409572463633097,787.5557992947956,0.09166558657205026,-0.7894752499882912,323.36599074057335
80.28000000000416,0.01,125.0,0.14668703079223633,17.41100701868681,787.7298950194321,0.0954214358624554,-0.7885585941225702,323.35809598807344
80.29000000000417,0.01,125.0,0.1499190330505371,17.412473888994732,787.9040050896191,0.09917624468584894,-0.7876043797639452,323.35021040213223
80.30000000000418,0.01,125.0,0.1531538963317871,17.41397307932524,788.0781298285091,0.10292997598378366,-0.7866126173170862,323.3423343583346
80.31000000000418,0.01,125.0,0.15638971328735352,17.41550461828856,788.2522695593024,0.10668259270844709,-0.7855833175572479,323.33446823216144
80.32000000000419,0.01,125.0,0.15962648391723633,17.417068515421434,788.4264246054853,0.11043405782302715,-0.7845164916301628,323.32661239898584
80.33000000000419,0.01,125.0,0.16286420822143555,17.418664780260606,788.6005952906396,0.1141843343020777,-0.783412151051932,323.3187672340695
80.3400000000042,0.01,125.0,0.16610383987426758,17.420293422342823,788.7747819384423,0.11793338513188391,-0.7822703077089106,323.310933112559
80.3500000000042,0.01,125.0,0.16934585571289062,17.421954460741567,788.9489848726658,0.12168117331082769,-0.7810909738575912,323.3031104094819
80.3600000000042,0.01,125.0,0.17258691787719727,17.4236479192987,789.1232044172733,0.12542766184975274,-0.7798741621244822,323.29529949974335
80.37000000000421,0.01,125.0,0.17582988739013672,17.425373788477472,789.2974408964664,0.12917281377232964,-0.778619885505984,323.2875007581221
80.38000000000422,0.01,125.0,0.1790761947631836,17.427132087351374,789.4716946343513,0.132916592115421,-0.7773281573682601,323.27971455926706
80.39000000000422,0.01,125.0,0.18232202529907227,17.428922849299006,789.6459659552248,0.13665895992944593,-0.7759989914471053,323.2719412776934
80.40000000000423,0.01,125.0,0.18556833267211914,17.430746069551997,789.8202551837179,0.14039988027874492,-0.7746324018478101,323.2641812877789
80.41000000000423,0.01,125.0,0.18881702423095703,17.432601752878718,789.9945626444135,0.1441393162419445,-0.7732284030450219,323.25643496376046
80.42000000000424,0.01,125.0,0.19206523895263672,17.434489923121028,790.1688886619423,0.14787723091232133,-0.7717870098826017,323.24870267973
80.43000000000424,0.01,125.0,0.1953139305114746,17.436410575510553,790.3432335611736,0.15161358739816666,-0.7703082375734778,323.2409848096312
80.44000000000425,0.01,125.0,0.19856643676757812,17.43836371481567,790.5175976669289,0.1553483488231504,-0.7687921016994953,323.2332817272555
80.45000000000425,0.01,125.0,0.20181751251220703,17.440349379183345,790.6919813040771,0.15908147832668512,-0.767238618211263,323.22559380623846
80.46000000000426,0.01,125.0,0.20507001876831055,17.44236755430847,790.866384797869,0.16281293906428967,-0.7656478034279954,323.21792142005637
80.47000000000426,0.01,125.0,0.20832395553588867,17.444418254496153,791.0408084734122,0.16654269420795306,-0.7640196740373517,323.2102649420221
80.48000000000427,0.01,125.0,0.2115788459777832,17.446501494051514,791.2152526559572,0.17027070694649782,-0.7623542470952713,323.2026247452817
80.49000000000427,0.01,125.0,0.21483469009399414,17.448617282511293,791.3897176708978,0.1739969404859432,-0.7606515400258055,323.1950012028107
80.50000000000428,0.01,125.0,0.21809005737304688,17.450765629412235,791.564203843723,0.17772135804986858,-0.7589115706209452,323.18739468741046
80.51000000000428,0.01,125.0,0.22134780883789062,17.452946529985965,791.7387115000172,0.18144392287977618,-0.7571343570404455,323.17980557170426
80.52000000000429,0.01,125.0,0.22460508346557617,17.455160008074344,791.9132409653172,0.18516459823545398,-0.7553199178116469,323.17223422813385
80.53000000000429,0.01,125.0,0.22786235809326172,17.457406058909,792.087792565398,0.18888334739533835,-0.7534682718292914,323.1646810289557
80.5400000000043,0.01,125.0,0.23112058639526367,17.459684682489936,792.2623666259872,0.1926001336568764,-0.7515794383553371,323.1571463462374
80.5500000000043,0.01,125.0,0.23438024520874023,17.46199588835389,792.4369634728122,0.19631492033688816,-0.7496534370187674,323.1496305518539
80.56000000000431,0.01,125.0,0.237640380859375,17.46433969080598,792.6115834316959,0.20002767077192898,-0.7476902878153975,323.14213401748367
80.57000000000431,0.01,125.0,0.24090051651000977,17.466716094614572,792.786226828604,0.20373834831865084,-0.7456900111076772,323.1346571146055
80.58000000000432,0.01,125.0,0.24416160583496094,17.469125099779674,792.9608939895502,0.20744691635416443,-0.7436526276244896,323.1272002144944
80.59000000000432,0.01,125.0,0.24742412567138672,17.471566715838026,793.135585240548,0.2111533382764005,-0.7415781584609469,323.11976368821814
80.60000000000433,0.01,125.0,0.2506852149963379,17.47404095709474,793.3103009077065,0.21485757750447101,-0.7394666250781818,323.11234790663354
80.61000000000433,0.01,125.0,0.2539486885070801,17.476547809244703,793.4850413172776,0.21855959747903023,-0.737318049303136,323.10495324038277
80.62000000000434,0.01,125.0,0.25721168518066406,17.479087296129777,793.6598067953702,0.22225936166263555,-0.7351324533283446,323.0975800598897
80.63000000000434,0.01,125.0,0.26047563552856445,17.481659412981585,793.8345976683315,0.22595683354010815,-0.7329098597117172,323.09022873535645
80.64000000000435,0.01,125.0,0.26373958587646484,17.48426416933687,794.0094142624614,0.22965197661889336,-0.730650291376315,323.08289963675935
80.65000000000435,0.01,125.0,0.2670016288757324,17.486901565195637,794.1842569041548,0.23334475442942076,-0.7283537716101248,323.0755931338456
80.66000000000436,0.01,125.0,0.2702665328979492,17.489571581484395,794.3591259198068,0.23703513052546415,-0.7260203240658294,323.0683095961295
80.67000000000436,0.01,125.0,0.2735300064086914,17.492274246813377,794.5340216356218,0.24072306848450142,-0.7236499727605735,323.06104939288883
80.68000000000437,0.01,125.0,0.2767958641052246,17.495009546877466,794.70894437809,0.24440853190807366,-0.7212427420757273,323.05381289316125
80.69000000000437,0.01,125.0,0.280059814453125,17.49777750551852,794.8838944735588,0.2480914844221449,-0.7187986567566452,323.0466004657405
80.70000000000438,0.01,125.0,0.2833256721496582,17.500578103663052,795.0588722486141,0.25177188967746067,-0.7163177419124225,323.03941247917294
80.71000000000438,0.01,125.0,0.2865900993347168,17.50341136038455,795.2338780296508,0.25544971134990685,-0.7138000230156466,323.03224930175384
80.72000000000439,0.01,125.0,0.2898550033569336,17.5062772613779,795.4089121432547,0.25912491314086844,-0.7112455259021462,323.0251113015237
80.7300000000044,0.01,125.0,0.293121337890625,17.50917581141147,795.5839749158686,0.2627974587775874,-0.7086542767707362,323.0179988462647
80.7400000000044,0.01,125.0,0.2963857650756836,17.512107024790378,795.7590666739827,0.26646731201352103,-0.706026302182959,323.010912303497
80.7500000000044,0.01,125.0,0.2996506690979004,17.515070882441137,795.9341877442307,0.27013443662869946,-0.7033616290628224,323.0038520404751
80.76000000000441,0.01,125.0,0.3029160499572754,17.518067389132117,796.1093384530552,0.2737987964300832,-0.7006602846965341,322.9968184241845
80.77000000000442,0.01,125.0,0.306180477142334,17.521096549631693,796.2845191269466,0.27746035525192037,-0.6979222967322318,322.9898118213375
80.78000000000442,0.01,125.0,0.309445858001709,17.524158354403117,796.459730092443,0.28111907695610366,-0.6951476931797113,322.9828325983702
80.79000000000443,0.01,125.0,0.31270885467529297,17.527252812983136,796.6349716759871,0.2847749254325269,-0.6923365024101488,322.97588112143836
80.80000000000443,0.01,125.0,0.31597471237182617,17.53037990152989,796.810244204117,0.2884278645994416,-0.689488753155822,322.9689577564143
80.81000000000444,0.01,125.0,0.31923866271972656,17.533539648653612,796.9855480031324,0.2920778584038129,-0.6866044745098261,322.9620628688827
80.82000000000444,0.01,125.0,0.32250404357910156,17.53673203528081,797.160883399619,0.2957248708216755,-0.6836836959257865,322.9551968241376
80.83000000000445,0.01,125.0,0.32576751708984375,17.539957075716604,797.3362507199719,0.29936886585848926,-0.6807264472175683,322.9483599871783
80.84000000000445,0.01,125.0,0.32903003692626953,17.543214750887504,797.5116502907291,0.30300980754949414,-0.6777327585589819,322.94155272270615
80.85000000000446,0.01,125.0,0.3322935104370117,17.54650505125677,797.6870824382381,0.30664765996006577,-0.6747026604834854,322.93477539512054
80.86000000000446,0.01,125.0,0.3355569839477539,17.54982798636114,797.8625474887508,0.31028238718606943,-0.6716361838838831,322.9280283685157
80.87000000000447,0.01,125.0,0.3388185501098633,17.55318355620062,798.0380457686146,0.31391395335421474,-0.6685333600120208,322.9213120066768
80.88000000000447,0.01,125.0,0.34208011627197266,17.55657174170172,798.2135776041766,0.31754232262240983,-0.6653942204784771,322.9146266730767
80.89000000000448,0.01,125.0,0.3453407287597656,17.559992542864443,798.3891433215938,0.3211674591801148,-0.6622187972522513,322.90797273087196
80.90000000000448,0.01,125.0,0.3486018180847168,17.56344595015204,798.5647432470225,0.32478932724869536,-0.6590071226604485,322.9013505428994
80.91000000000449,0.01,125.0,0.35186147689819336,17.566931968332888,798.7403777065241,0.32840789108177587,-0.6557592293879598,322.89476047167284
80.92000000000449,0.01,125.0,0.35512208938598633,17.57045058310187,798.9160470262075,0.3320231149655923,-0.6524751504771404,322.888202879379
80.9300000000045,0.01,125.0,0.3583812713623047,17.57400180399573,799.0917515320386,0.3356349632193442,-0.6491549193274828,322.8816781278742
80.9400000000045,0.01,125.0,0.36164045333862305,17.577585616709356,799.2674915500787,0.33924340019554766,-0.6457985696952877,322.8751865786809
80.95000000000451,0.01,125.0,0.3648972511291504,17.581202021242746,799.4432674062459,0.3428483902803865,-0.6424061356933305,322.8687285929839
80.96000000000451,0.01,125.0,0.36815404891967773,17.58485099375404,799.6190794264585,0.34644989789406383,-0.6389776517905249,322.862304531627
80.97000000000452,0.01,125.0,0.3714113235473633,17.58853253424324,799.7949279363961,0.3500478874911536,-0.6355131528115825,322.8559147551091
80.98000000000452,0.01,125.0,0.374666690826416,17.592246647478714,799.9708132617386,0.35364232356095116,-0.6320126739366692,322.849559623581
80.99000000000453,0.01,125.0,0.37792062759399414,17.59599331438698,800.1467357282135,0.3572331706278234,-0.6284762507010578,322.84323949684165
81.00000000000453,0.01,125.0,0.38117456436157227,17.599772520662924,800.3226956613574,0.3608203932515596,-0.6249039189947778,322.83695473433465
81.01000000000454,0.01,125.0,0.384427547454834,17.60358426630654,800.4986933865641,0.36440395602772063,-0.6212957150622603,322.83070569514473
81.02000000000454,0.01,125.0,0.3876805305480957,17.60742854178109,800.6747292292273,0.36798382358798876,-0.6176516755019813,322.8244927379941
81.03000000000455,0.01,125.0,0.390932559967041,17.611305347086574,800.8508035146452,0.37155996060051616,-0.6139718372660995,322.81831622123906
81.04000000000455,0.01,125.0,0.3941826820373535,17.615214672686246,801.0269165681162,0.37513233177027455,-0.6102562376600924,322.8121765028664
81.05000000000456,0.01,125.0,0.3974308967590332,17.619156499506623,801.2030687148432,0.37870090183940247,-0.6065049143423877,322.8060739404898
81.06000000000456,0.01,125.0,0.4006795883178711,17.623130808474215,801.3792602798384,0.3822656355875542,-0.6027179053239917,322.80000889134635
81.07000000000457,0.01,125.0,0.4039268493652344,17.627137604357397,801.5554915879233,0.3858264978322467,-0.5988952489681142,322.7939817122931
81.08000000000457,0.01,125.0,0.40717172622680664,17.63117687285105,801.731762963967,0.3893834534292072,-0.5950369839897898,322.7879927598034
81.09000000000458,0.01,125.0,0.4104180335998535,17.63524859011332,801.9080747326956,0.39293646727271997,-0.5911431494554957,322.78204238996346
81.10000000000458,0.01,125.0,0.4136624336242676,17.63935277044932,802.0844272185968,0.39648550429597285,-0.5872137847827665,322.7761309584689
81.11000000000459,0.01,125.0,0.4169044494628906,17.643489394785565,802.2608207463014,0.4000305294714031,-0.5832489297398048,322.7702588206211
81.1200000000046,0.01,125.0,0.42014646530151367,17.647658439280196,802.4372556402494,0.40357150781104356,-0.5792486244450887,322.7644263313237
81.1300000000046,0.01,125.0,0.4233860969543457,17.651859903933214,802.6137322246423,0.4071084043668674,-0.5752129093669762,322.75863384507926
81.1400000000046,0.01,125.0,0.42662572860717773,17.65609376490276,802.7902508236817,0.41064118423113366,-0.5711418253233055,322.7528817159856
81.15000000000461,0.01,125.0,0.42986154556274414,17.660360022188833,802.9668117613309,0.41416981253673124,-0.5670354134809921,322.7471702977324
81.16000000000462,0.01,125.0,0.43309831619262695,17.66465863764446,803.1434153615528,0.4176942544575234,-0.5628937153556226,322.7414999435976
81.17000000000462,0.01,125.0,0.43633270263671875,17.66898962080639,803.3200619479294,0.42121447520869115,-0.5587167728110453,322.73587100644403
81.18000000000463,0.01,125.0,0.43956708908081055,17.673352947832758,803.4967518441375,0.424730440047081,-0.5545046280589562,322.73028383871593
81.19000000000463,0.01,125.0,0.4427986145019531,17.67774861872357,803.6734853736159,0.42824211427153125,-0.5502573236584832,322.72473879243535
81.20000000000464,0.01,125.0,0.4460301399230957,17.68217660486859,803.8502628598033,0.4317494632232392,-0.5459749025157657,322.71923621919876
81.21000000000464,0.01,125.0,0.44925880432128906,17.686636906267825,804.027084625852,0.43525245228608656,-0.5416574078835311,322.7137764701736
81.22000000000465,0.01,125.0,0.4524869918823242,17.691129494311042,804.2039509949147,0.43875104688698563,-0.5373048833606681,322.7083598960948
81.23000000000465,0.01,125.0,0.45571231842041016,17.695654364229867,804.380862289858,0.44224521249621995,-0.532917372891796,322.7029868472612
81.24000000000466,0.01,125.0,0.4589352607727051,17.700211487414073,804.5578188335004,0.44573491462778575,-0.5284949207668315,322.69765767353226
81.25000000000466,0.01,125.0,0.4621591567993164,17.704800840021804,804.7348209483746,0.4492201188397318,-0.5240375716205513,322.69237272432457
81.26000000000467,0.01,125.0,0.4653797149658203,17.7094224315898,804.9118689567749,0.4527007907344996,-0.5195453704321517,322.6871323486084
81.27000000000467,0.01,125.0,0.4685993194580078,17.71407622873946,805.0889631810909,0.4561768959592626,-0.5150183625248044,322.681936894904
81.28000000000468,0.01,125.0,0.4718165397644043,17.718762221934043,805.2661039433784,0.4596484002062658,-0.5104565935652094,322.6767867112788
81.29000000000468,0.01,125.0,0.4750337600708008,17.72348038733169,805.4432915655979,0.4631152692131637,-0.5058601095631444,322.67168214534314
81.30000000000469,0.01,125.0,0.47824716567993164,17.728230724932402,805.6205263694712,0.46657746876335876,-0.5012289568710104,322.6666235442475
81.31000000000469,0.01,125.0,0.4814586639404297,17.733013196589205,805.7978086767207,0.4700349646863392,-0.4965631821833745,322.6616112546788
81.3200000000047,0.01,125.0,0.48466968536376953,17.73782778322861,805.9751388086867,0.4734877228580162,-0.4918628325365087,322.65664562285696
81.3300000000047,0.01,125.0,0.48787784576416016,17.74267448008225,806.1525170865191,0.47693570920106054,-0.48712795530792613,322.6517269945316
81.34000000000471,0.01,125.0,0.49108457565307617,17.747553258539895,806.32994383132,0.48037888968523884,-0.4823585982159131,322.6468557149785
81.35000000000471,0.01,125.0,0.49428844451904297,17.75246410429643,806.5074193639055,0.48381723032775,-0.47755480931905825,322.6420321289964
81.36000000000472,0.01,125.0,0.49749135971069336,17.75740698874162,806.6849440049485,0.48725069719355985,-0.47271663701577826,322.63725658090317
81.37000000000472,0.01,125.0,0.5006928443908691,17.76238190233873,806.8625180748361,0.4906792563957366,-0.4678441300438402,322.632529414533
81.38000000000473,0.01,125.0,0.5038905143737793,17.767388830782643,807.0401418938595,0.4941028740957851,-0.4629373374798803,322.62785097323257
81.39000000000473,0.01,125.0,0.5070862770080566,17.772427735926385,807.2178157821675,0.4975215165039809,-0.45799630873891994,322.62322159985774
81.40000000000474,0.01,125.0,0.5102810859680176,17.777498598696468,807.3955400595269,0.5009351498797036,-0.4530210935738776,322.61864163677035
81.41000000000474,0.01,125.0,0.5134735107421875,17.78260140955615,807.5733150455139,0.5043437405317697,-0.448011742075078,322.6141114258346
81.42000000000475,0.01,125.0,0.51666259765625,17.787736144663576,807.7511410596096,0.5077472548187657,-0.44296830466975773,322.60963130841384
81.43000000000475,0.01,125.0,0.5198502540588379,17.79290277064014,807.9290184210563,0.5111456591493798,-0.4378908321215675,322.60520162536716
81.44000000000476,0.01,125.0,0.5230364799499512,17.79810127318073,808.1069474487628,0.5145389199827329,-0.43277937553007106,322.60082271704596
81.45000000000476,0.01,125.0,0.5262198448181152,17.803331637980232,808.2849284614947,0.5179270038287109,-0.4276339863302411,322.59649492329066
81.46000000000477,0.01,125.0,0.5294013023376465,17.808593836428415,808.4629617778746,0.5213098772482937,-0.4224547162919513,322.5922185834274
81.47000000000477,0.01,125.0,0.5325798988342285,17.813887849451795,808.641047716239,0.5246875068538867,-0.4172416175194657,322.58799403626443
81.48000000000478,0.01,125.0,0.5357551574707031,17.81921364844014,808.8191865947335,0.5280598593096489,-0.41199474245092416,322.5838216200892
81.49000000000478,0.01,125.0,0.5389299392700195,17.82457120001485,808.9973787312181,0.5314269013318235,-0.40671414385782495,322.5797016726647
81.50000000000479,0.01,125.0,0.5421013832092285,17.829960499407555,809.1756244432183,0.5347885996890647,-0.401399874844504,322.57563453122617
81.5100000000048,0.01,125.0,0.5452699661254883,17.83538151323965,809.3539240482125,0.538144921202767,-0.3960519888476106,322.5716205324777
81.5200000000048,0.01,125.0,0.5484366416931152,17.84083421290091,809.532277863345,0.5414958327473922,-0.3906705396355802,322.5676600125892
81.5300000000048,0.01,125.0,0.551600456237793,17.846318579317842,809.7106862054741,0.5448413012507959,-0.3852555813081035,322.5637533071929
81.54000000000481,0.01,125.0,0.5547614097595215,17.851834583880223,809.8891493912673,0.5481812936945548,-0.37980716829559275,322.5599007513798
81.55000000000481,0.01,125.0,0.5579214096069336,17.85738219797782,810.0676677371063,0.5515157771142919,-0.3743253553586444,322.55610267969683
81.56000000000482,0.01,125.0,0.5610771179199219,17.862961412073894,810.2462415590861,0.554844718600002,-0.36881019758749867,322.55235942614325
81.57000000000482,0.01,125.0,0.5642313957214355,17.868572183253097,810.424871173207,0.5581680852963764,-0.36326175040149583,322.5486713241674
81.58000000000483,0.01,125.0,0.5673813819885254,17.874214497210314,810.6035568950396,0.5614858444031277,-0.3576800695485292,322.5450387066634
81.59000000000484,0.01,125.0,0.5705304145812988,17.879888311030204,810.7822990400117,0.564797963175313,-0.35206521110449507,322.5414619059679
81.60000000000484,0.01,125.0,0.5736756324768066,17.88559361517602,810.9610979231221,0.568104408923657,-0.34641723147273906,322.53794125385684
81.61000000000485,0.01,125.0,0.5768179893493652,17.891330371500793,811.139953859274,0.571405149014875,-0.3407361873834996,322.5344770815421
81.62000000000485,0.01,125.0,0.5799574851989746,17.89709855139429,811.3188671629891,0.5747001508719951,-0.3350221358933479,322.53106971966827
81.63000000000486,0.01,125.0,0.5830950736999512,17.90289812624628,811.4978381485032,0.5779893819746792,-0.329275134384625,322.52771949830935
81.64000000000486,0.01,125.0,0.5862288475036621,17.908729076983285,811.6768671297658,0.581272809859544,-0.3234952405648753,322.5244267469655
81.65000000000487,0.01,125.0,0.5893592834472656,17.914591365458325,811.8559544205357,0.5845504021204819,-0.3176825124662769,322.52119179455985
81.66000000000487,0.01,125.0,0.5924882888793945,17.9204849582928,812.0351003341904,0.5878221264089807,-0.31183700844506906,322.51801496943517
81.67000000000488,0.01,125.0,0.595613956451416,17.926409841181595,812.2143051837734,0.5910879504344423,-0.30595878718097624,322.5148965993507
81.68000000000488,0.01,125.0,0.5987358093261719,17.932365980746113,812.3935692821852,0.5943478419645022,-0.3000479076766288,322.5118370114789
81.69000000000489,0.01,125.0,0.6018562316894531,17.938353338839377,812.5728929419928,0.5976017688253469,-0.29410442925698077,322.50883653240214
81.70000000000489,0.01,125.0,0.6049737930297852,17.944371901156273,812.7522764753812,0.6008496989020321,-0.28812841156872426,322.50589548810956
81.7100000000049,0.01,125.0,0.6080851554870605,17.950421639086574,812.9317201943928,0.6040916001387991,-0.28211991457970087,322.50301420399387
81.7200000000049,0.01,125.0,0.6111960411071777,17.956502490641448,813.1112244107837,0.6073274405393916,-0.2760789985783098,322.5001930048481
81.7300000000049,0.01,125.0,0.6143021583557129,17.962614451052524,813.2907894356903,0.6105571881673711,-0.2700057241729128,322.49743221486233
81.74000000000491,0.01,125.0,0.6174068450927734,17.968757472636085,813.4704155802009,0.6137808111464326,-0.263900152291236,322.4947321576206
81.75000000000492,0.01,125.0,0.620506763458252,17.974931541087017,813.6501031549274,0.6169982776607184,-0.2577623441797685,322.49209315609767
81.76000000000492,0.01,125.0,0.6236047744750977,17.981136608721602,813.8298524703383,0.6202095559551332,-0.25159236140315816,322.48951553265584
81.77000000000493,0.01,125.0,0.6266984939575195,17.987372656466356,814.0096638364256,0.6234146143356565,-0.24539026584360366,322.4869996090418
81.78000000000493,0.01,125.0,0.6297893524169922,17.993639641405935,814.1895375629904,0.6266134211696562,-0.2391561197002439,322.48454570638336
81.79000000000494,0.01,125.0,0.6328778266906738,17.99993753493011,814.3694739594046,0.6298059448862002,-0.23288998548854412,322.48215414518637
81.80000000000494,0.01,125.0,0.6359615325927734,18.006266313197017,814.549473334754,0.6329921539763683,-0.2265919260396789,322.4798252453315
81.81000000000495,0.01,125.0,0.6390433311462402,18.012625928522947,814.729535997886,0.636172016993563,-0.22026200449991198,322.47755932607106
81.82000000000495,0.01,125.0,0.6421194076538086,18.019016361834414,814.9096622571714,0.6393455025538202,-0.2139002843299731,322.47535670602605
81.83000000000496,0.01,125.0,0.6451930999755859,18.025437555910955,815.0898524207898,0.6425125793361187,-0.20750682930443162,322.47321770318274
81.84000000000496,0.01,125.0,0.6482634544372559,18.031889486910714,815.2701067963491,0.645673216082689,-0.20108170351106716,322.4711426348897
81.85000000000497,0.01,125.0,0.6513304710388184,18.03837212145509,815.4504256912182,0.6488273815993225,-0.19462497135023696,322.4691318178546
81.86000000000497,0.01,125.0,0.6543946266174316,18.044885426165482,815.6308094124329,0.651975044755679,-0.18813669753424042,322.4671855681411
81.87000000000498,0.01,125.0,0.6574544906616211,18.05142937243166,815.8112582666946,0.6551161744855939,-0.1816169470866803,322.46530420116574
81.88000000000498,0.01,125.0,0.6605095863342285,18.05800391733828,815.991772560419,0.6582507397873849,-0.17506578534182102,322.46348803169485
81.89000000000499,0.01,125.0,0.6635632514953613,18.064609013201625,816.1723525995925,0.661378709724158,-0.1684832779439438,322.46173737384146
81.900000000005,0.01,125.0,0.6666107177734375,18.071244645716583,816.3529986897246,0.6645000534241127,-0.16186949084669883,322.460052541062
81.910000000005,0.01,125.0,0.6696572303771973,18.07791075289432,816.5337111361819,0.6676147400808466,-0.1552244903124543,322.4584338461535
81.920000000005,0.01,125.0,0.6726984977722168,18.084607325198093,816.7144902437109,0.6707227389536602,-0.14854834291164243,322.4568816012504
81.93000000000501,0.01,125.0,0.6757359504699707,18.091334310175817,816.8953363169629,0.6738240193678592,-0.1418411155221024,322.4553961178213
81.94000000000501,0.01,125.0,0.678769588470459,18.09809166968052,817.0762496600648,0.6769185507150578,-0.13510287532842036,322.4539777066661
81.95000000000502,0.01,125.0,0.681800365447998,18.10487936556523,817.2572305767617,0.6800063024534811,-0.1283336898212663,322.4526266779128
81.96000000000502,0.01,125.0,0.6848273277282715,18.111697369219712,817.4382793704174,0.6830872441082662,-0.12153362679672802,322.4513433410146
81.97000000000503,0.01,125.0,0.6878490447998047,18.118545642496997,817.6193963441096,0.6861613452717623,-0.11470275435564187,322.4501280047466
81.98000000000503,0.01,125.0,0.6908683776855469,18.125424132945,817.8005818005347,0.6892285756038324,-0.10784114090292074,322.44898097720306
81.99000000000504,0.01,125.0,0.6938815116882324,18.13233281672186,817.9818360418642,0.6922889048321513,-0.10094885514687889,322.44790256579404
82.00000000000504,0.01,125.0,0.696892261505127,18.139271631838746,818.1631593700315,0.6953423027525051,-0.09402596609855383,322.4468930772426
82.01000000000505,0.01,125.0,0.6998996734619141,18.1462405544538,818.34455208635,0.6983887392290887,-0.08707254307102523,322.4459528175816
82.02000000000506,0.01,125.0,0.7029018402099609,18.153239551188424,818.5260144918946,0.7014281841948043,-0.08008865567873077,322.44508209215087
82.03000000000506,0.01,125.0,0.705899715423584,18.160268569590528,818.7075468874066,0.7044606076515573,-0.07307437383677914,322.4442812055941
82.04000000000507,0.01,125.0,0.7088947296142578,18.167327566744767,818.8891495731026,0.7074859796705518,-0.06602976776025997,322.44355046185575
82.05000000000507,0.01,125.0,0.7118849754333496,18.174416514040914,819.0708228487701,0.710504270392588,-0.05895490796355083,322.44289016417815
82.06000000000508,0.01,125.0,0.7148723602294922,18.181535363795252,819.2525670139106,0.7135154500283546,-0.05184986525962131,322.44230061509853
82.07000000000508,0.01,125.0,0.7178535461425781,18.18868408739755,819.4343823675487,0.7165194888587246,-0.044714710759334114,322.44178211644595
82.08000000000509,0.01,125.0,0.7208309173583984,18.19586262285898,819.6162692084228,0.7195163572350473,-0.037549515870743205,322.44133496933836
82.09000000000509,0.01,125.0,0.7238054275512695,18.203070932032567,819.7982278346515,0.7225060255794417,-0.03035435229838905,322.44095947417964
82.1000000000051,0.01,125.0,0.726773738861084,18.210308986308082,819.9802585439719,0.7254884643850883,-0.023129292042590937,322.44065593065665
82.1100000000051,0.01,125.0,0.7297396659851074,18.217576723696695,820.1623616338351,0.7284636442165201,-0.015874407398736343,322.4404246377362
82.1200000000051,0.01,125.0,0.7327008247375488,18.22487412035655,820.3445374010721,0.7314315357099131,-0.008589770956567416,322.44026589366223
82.13000000000511,0.01,125.0,0.73565673828125,18.23220112860393,820.5267861422758,0.7343921095733769,-0.0012754555994645422,322.4401799959527
82.14000000000512,0.01,125.0,0.7386093139648438,18.239557695986747,820.7091081535619,0.7373453365872426,0.006068465496272983,322.4401672413967
82.15000000000512,0.01,125.0,0.7415566444396973,18.246943789126398,820.8915037305219,0.7402911876043514,0.01344191886214918,322.44022792605165
82.16000000000513,0.01,125.0,0.7444987297058105,18.2543593555708,821.0739731684132,0.7432296335503434,0.02084483073819648,322.44036234524026
82.17000000000513,0.01,125.0,0.747438907623291,18.261804342867862,821.256516761969,0.7461606454239434,0.028277127073703716,322.44057079354764
82.18000000000514,0.01,125.0,0.7503728866577148,18.269278731944098,821.4391348053978,0.7490841942972474,0.035738733527946966,322.4408535648184
82.19000000000514,0.01,125.0,0.7533016204833984,18.27678246081068,821.6218275927173,0.7520002513160086,0.04322957547092327,322.44121095215365
82.20000000000515,0.01,125.0,0.7562284469604492,18.284315477015518,821.8045954173255,0.754908787699921,0.050749577984087205,322.44164324790836
82.21000000000515,0.01,125.0,0.7591485977172852,18.291877761485125,821.9874385720957,0.7578097747429051,0.058298665861090275,322.4421507436882
82.22000000000516,0.01,125.0,0.7620635032653809,18.2994692474623,822.1703573497107,0.7607031838133896,0.06587676360852321,322.44273373034684
82.23000000000516,0.01,125.0,0.7649750709533691,18.30708988249496,822.3533520421854,0.7635889863545956,0.07348379544666099,322.4433924979829
82.24000000000517,0.01,125.0,0.7678823471069336,18.314739633204496,822.5364229410104,0.7664671538848167,0.08111968531021085,322.44412733593737
82.25000000000517,0.01,125.0,0.7707843780517578,18.32241845667557,822.7195703373426,0.7693376579977013,0.08878435684906294,322.44493853279045
82.26000000000518,0.01,125.0,0.7736825942993164,18.330126300456094,822.9027945219094,0.7722004703625329,0.0964777334290439,322.4458263763589
82.27000000000518,0.01,125.0,0.7765750885009766,18.337863126399093,823.086095784914,0.7750555627245092,0.10419973813267318,322.4467911536932
82.28000000000519,0.01,125.0,0.7794609069824219,18.345628877284106,823.2694744161781,0.7779029069050211,0.11195029375992223,322.4478331510745
82.2900000000052,0.01,125.0,0.7823457717895508,18.353423486353936,823.4529307049511,0.780742474801931,0.11972932282897641,322.44895265401215
82.3000000000052,0.01,125.0,0.7852230072021484,18.361246944071837,823.6364649398147,0.7835742383898503,0.12753674757699973,322.45014994724045
82.3100000000052,0.01,125.0,0.7880973815917969,18.369099174143862,823.8200774092555,0.7863981697204155,0.13537248996090223,322.45142531471623
82.32000000000521,0.01,125.0,0.7909646034240723,18.376980147959785,824.003768400997,0.7892142409225646,0.1432364716581104,322.45277903961585
82.33000000000521,0.01,125.0,0.7938284873962402,18.38488979399403,824.1875382024767,0.7920224242028117,0.1511286140673401,322.45421140433245
82.34000000000522,0.01,125.0,0.796687126159668,18.392828078867996,824.3713871004168,0.7948226918455213,0.15904883830937228,322.4557226904731
82.35000000000522,0.01,125.0,0.7995395660400391,18.400794950129598,824.5553153812056,0.7976150162131825,0.16699706522783156,322.4573131788562
82.36000000000523,0.01,125.0,0.8023886680603027,18.408790345790003,824.739323330707,0.8003993697466811,0.17497321538996746,322.4589831495085
82.37000000000523,0.01,125.0,0.8052315711975098,18.41681423247061,824.923411234165,0.8031757249655718,0.18297720908743836,322.4607328816624
82.38000000000524,0.01,125.0,0.808070182800293,18.42486654818259,825.1075793764898,0.8059440544683493,0.19100896633709818,322.4625626537533
82.39000000000524,0.01,125.0,0.8109040260314941,18.432947250010596,825.2918280419717,0.808704330932719,0.1990684068817858,322.4644727434167
82.40000000000525,0.01,125.0,0.8137321472167969,18.441056290270915,825.4761575144719,0.8114565271158669,0.2071554501911171,322.4664634274855
82.41000000000525,0.01,125.0,0.8165545463562012,18.449193611743087,825.6605680773747,0.8142006158547276,0.21527001546227995,322.46853498198743
82.42000000000526,0.01,125.0,0.8193721771240234,18.457359157206653,825.8450600134922,0.8169365700662529,0.22341202162083137,322.47068768214206
82.43000000000526,0.01,125.0,0.8221850395202637,18.4655528789779,826.0296336050644,0.8196643627476795,0.23158138732149808,322.47292180235826
82.44000000000527,0.01,125.0,0.8249931335449219,18.473774729373105,826.2142891338543,0.8223839669767947,0.23977803094897907,322.4752376162315
82.45000000000528,0.01,125.0,0.827796459197998,18.482024660708557,826.3990268811482,0.8250953559122031,0.24800187061875123,322.47763539654096
82.46000000000528,0.01,125.0,0.8305912017822266,18.49030262530054,826.5838471277553,0.8277985027935901,0.2562528241778775,322.48011541524716
82.47000000000529,0.01,125.0,0.8333826065063477,18.498608537318365,826.7687501540084,0.8304933809419875,0.2645308092058176,322.4826779434889
82.48000000000529,0.01,125.0,0.8361697196960449,18.506942363383434,826.9537362393817,0.8331799637600359,0.2728357430152417,322.48532325158095
82.4900000000053,0.01,125.0,0.8389496803283691,18.515304060580398,827.1388056630155,0.8358582247322474,0.2811675426528463,322.4880516090111
82.5000000000053,0.01,125.0,0.8417253494262695,18.523693557383687,827.3239587036214,0.8385281374252677,0.2895261249001731,322.49086328443764
82.5100000000053,0.01,125.0,0.8444967269897461,18.532110810877953,827.5091956391954,0.8411896754881363,0.2979114062744301,322.49375854568666
82.52000000000531,0.01,125.0,0.8472599983215332,18.540555778147855,827.6945167473042,0.8438428126525469,0.30632330302931576,322.4967376597494
82.53000000000532,0.01,125.0,0.8500199317932129,18.549028378131073,827.8799223050858,0.8464875227331069,0.31476173115584555,322.49980089277966
82.54000000000532,0.01,125.0,0.8527727127075195,18.55752857744901,828.0654125888672,0.8491237796275986,0.32322660638318096,322.50294851009124
82.55000000000533,0.01,125.0,0.8555216789245605,18.56605630457609,828.2509878746417,0.8517515573172245,0.33171784417946126,322.5061807761551
82.56000000000533,0.01,125.0,0.8582639694213867,18.57461152136534,828.4366484376876,0.854370829866883,0.34023535975263786,322.5094979545969
82.57000000000534,0.01,125.0,0.8610005378723145,18.58319416105956,828.6223945529014,0.8569815714254113,0.34877906805131104,322.51290030819445
82.58000000000534,0.01,125.0,0.8637328147888184,18.591804166438287,828.808226494512,0.8595837562258443,0.35734888376556956,322.516388098875
82.59000000000535,0.01,125.0,0.866457462310791,18.60044149458618,828.9941445361765,0.8621773585856684,0.3659447213278324,322.51996158771266
82.60000000000535,0.01,125.0,0.8691773414611816,18.60910606920929,829.1801489511224,0.8647623529070754,0.3745664949136935,322.52362103492595
82.61000000000536,0.01,125.0,0.871891975402832,18.617797842623904,829.3662400118146,0.8673387136772153,0.38321411844276865,322.5273666998751
82.62000000000536,0.01,125.0,0.874600887298584,18.626516762377936,829.552417990241,0.8699064154684469,0.3918875055795452,322.5311988410595
82.63000000000537,0.01,125.0,0.8773026466369629,18.635262771250925,829.7386831578649,0.8724654329385905,0.4005865697342341,322.5351177161153
82.64000000000537,0.01,125.0,0.880000114440918,18.6440357977173,829.9250357855775,0.8750157408311768,0.40931122406362447,322.53912358181265
82.65000000000538,0.01,125.0,0.8826913833618164,18.652835798861716,830.1114761435548,0.8775573139756964,0.4180613814719407,322.5432166940533
82.66000000000538,0.01,125.0,0.8853769302368164,18.66166271269534,830.2980045015435,0.8800901272878483,0.4268369546117022,322.547397307868
82.67000000000539,0.01,125.0,0.8880562782287598,18.670516481997712,830.4846211286705,0.8826141557697879,0.43563785588458515,322.5516656774141
82.68000000000539,0.01,125.0,0.8907299041748047,18.679397044780004,830.6713262934906,0.8851293745103729,0.44446399744228754,322.55602205597296
82.6900000000054,0.01,125.0,0.893397331237793,18.688304343821756,830.8581202639384,0.8876357586854098,0.4533152911873958,322.5604666959474
82.7000000000054,0.01,125.0,0.8960580825805664,18.697238317134136,831.0450033073768,0.8901332835578987,0.4621916487742544,322.5649998488593
82.71000000000541,0.01,125.0,0.898714542388916,18.706198897959947,831.2319756905482,0.8926219244782774,0.4710929816098379,322.56962176534705
82.72000000000541,0.01,125.0,0.9013638496398926,18.71518604338384,831.419037679528,0.8951016568846646,0.48001920085462524,322.57433269516315
82.73000000000542,0.01,125.0,0.9040088653564453,18.724199681880243,831.6061895399619,0.8975724563031028,0.48897021742347646,322.5791328871717
82.74000000000542,0.01,125.0,0.9066462516784668,18.733239770533814,831.7934315367808,0.900034298347799,0.4979459419865121,322.5840225893459
82.75000000000543,0.01,125.0,0.9092769622802734,18.742306233050602,831.9807639344862,0.9024871587213663,0.5069462849699947,322.5890020487658
82.76000000000543,0.01,125.0,0.9119038581848145,18.75139900267341,832.1681869968168,0.904931013215063,0.515971156557213,322.5940715116155
82.77000000000544,0.01,125.0,0.9145236015319824,18.760518041255263,832.3557009868435,0.9073658377090318,0.5250204666893683,322.59923122318105
82.78000000000544,0.01,125.0,0.9171371459960938,18.76966327727059,832.5433061672562,0.9097916081725379,0.5340941250664633,322.60448142784793
82.79000000000545,0.01,125.0,0.9197440147399902,18.778834648730555,832.731002800029,0.9122083006642063,0.5431920411481933,322.6098223690986
82.80000000000545,0.01,125.0,0.9223442077636719,18.78803208887796,832.9187911465165,0.9146158913322577,0.55231412415484,322.61525428951006
82.81000000000546,0.01,125.0,0.9249396324157715,18.7972555309556,833.1066714674054,0.9170143564147442,0.5614602830681673,322.6207774307516
82.82000000000546,0.01,125.0,0.927527904510498,18.80650492727976,833.294644022715,0.9194036722397836,0.5706304266323194,322.6263920335823
82.83000000000547,0.01,125.0,0.9301104545593262,18.81578020632487,833.482709071988,0.9217838152257936,0.5798244633547219,322.6320983378486
82.84000000000547,0.01,125.0,0.9326863288879395,18.82508131087047,833.6708668740513,0.9241547618817234,0.5890423015069846,322.63789658248214
82.85000000000548,0.01,125.0,0.9352555274963379,18.834408174159353,833.85911768716,0.9265164888072872,0.5982838491258066,322.6437870054972
82.86000000000548,0.01,125.0,0.9378190040588379,18.843760729434322,834.0474617689017,0.9288689726931935,0.6075490140138842,322.64976984398845
82.87000000000549,0.01,125.0,0.9403753280639648,18.853138919474915,834.2358993761961,0.9312121903213757,0.6168377037408208,322.65584533412857
82.8800000000055,0.01,125.0,0.942927360534668,18.86254267275556,834.424430765391,0.9335461185652224,0.6261498256440393,322.66201371116597
82.8900000000055,0.01,125.0,0.945469856262207,18.87197194636091,834.6130561921186,0.935870734389804,0.6354852868296963,322.6682752094224
82.9000000000055,0.01,125.0,0.9480071067810059,18.88142664492354,834.8017759115824,0.9381860148521002,0.6448439941735992,322.6746300622907
82.91000000000551,0.01,125.0,0.950538158416748,18.890906715991356,834.9905901780317,0.9404919371012282,0.654225854322125,322.6810785022324
82.92000000000552,0.01,125.0,0.9530634880065918,18.90041209757553,835.1794992451917,0.9427884783786662,0.663630773693142,322.68762076077564
82.93000000000552,0.01,125.0,0.9555821418762207,18.9099427324556,835.3685033661675,0.9450756160184789,0.6730586584769336,322.69425706851257
82.94000000000553,0.01,125.0,0.958092212677002,18.91949855387437,835.5576027934922,0.947353327447541,0.6825094146371232,322.7009876550973
82.95000000000553,0.01,125.0,0.9605979919433594,18.929079476001146,835.746797779031,0.9496215901857603,0.6919829479116035,322.7078127492437
82.96000000000554,0.01,125.0,0.9630956649780273,18.938685455920584,835.9360885737912,0.9518803818462994,0.701479163813466,322.7147325787228
82.97000000000554,0.01,125.0,0.9655866622924805,18.94831641257037,836.1254754283505,0.9541296801357965,0.7109979676319338,322.72174737036096
82.98000000000555,0.01,125.0,0.9680724143981934,18.9579722791933,836.3149585924763,0.9563694628545856,0.7205392644332966,322.7288573500373
82.99000000000555,0.01,125.0,0.970550537109375,18.967653003337286,836.5045383152683,0.9585997078969153,0.7301029590618474,322.7360627426816
83.00000000000556,0.01,125.0,0.9730215072631836,18.977358508708384,836.6942148453018,0.9608203932511677,0.7396889561408214,322.74336377227223
83.01000000000556,0.01,125.0,0.9754881858825684,18.98708872378102,836.883988430389,0.9630314970000748,0.749297160073338,322.7507606618336
83.02000000000557,0.01,125.0,0.9779443740844727,18.996843605639853,837.0738593176269,0.9652329973209351,0.7589274750433437,322.7582536334344
83.03000000000557,0.01,125.0,0.9803967475891113,19.006623049380703,837.2638277536834,0.9674248724858294,0.768579805016558,322.7658429081848
83.04000000000558,0.01,125.0,0.9828414916992188,19.0164270168566,837.4538939841773,0.9696071008618347,0.7782540537414212,322.77352870623497
83.05000000000558,0.01,125.0,0.9852800369262695,19.026255431773595,837.644058254346,0.9717796609112377,0.7879501247500446,322.78131124677236
83.06000000000559,0.01,125.0,0.9877109527587891,19.036108232142862,837.8343208086638,0.973942531191748,0.7976679213591619,322.78919074801985
83.07000000000559,0.01,125.0,0.9901347160339355,19.045985341670455,838.0246818909853,0.9760956903567092,0.8074073466710844,322.79716742723343
83.0800000000056,0.01,125.0,0.9925518035888672,19.0558866888308,838.2151417444021,0.9782391171553094,0.8171683035746564,322.80524150070016
83.0900000000056,0.01,125.0,0.9949617385864258,19.065812206866692,838.4057006112905,0.9803727904327916,0.8269506947462145,322.8134131837359
83.10000000000561,0.01,125.0,0.9973645210266113,19.075761824252563,838.5963587333592,0.9824966891306619,0.8367544226505474,322.82168269068336
83.11000000000561,0.01,125.0,0.9997615814208984,19.085735469462833,838.7871163516019,0.9846107922868975,0.8465793895418591,322.8300502349099
83.12000000000562,0.01,125.0,1.002150058746338,19.095733085277047,838.9779737062966,0.986715079036154,0.8564254974647331,322.8385160288053
83.13000000000562,0.01,125.0,1.004532814025879,19.105754585864517,839.1689310371494,0.9888095286099705,0.8662926482550997,322.84708028378
83.14000000000563,0.01,125.0,1.0069084167480469,19.115799914004782,839.3599885830081,0.9908941203369752,0.8761807435412045,322.8557432102625
83.15000000000563,0.01,125.0,1.0092763900756836,19.12586899817227,839.5511465821482,0.9929688336430895,0.8860896847445793,322.8645050176979
83.16000000000564,0.01,125.0,1.0116372108459473,19.13596176207303,839.7424052721301,0.9950336480517308,0.8960193730810152,322.8733659145454
83.17000000000564,0.01,125.0,1.013991355895996,19.146078134181494,839.9337648897509,0.9970885431840142,0.9059697095615376,322.88232610827623
83.18000000000565,0.01,125.0,1.0163383483886719,19.15621804774046,840.1252256710928,0.9991334987589546,0.9159405949933828,322.89138580537184
83.19000000000565,0.01,125.0,1.018679141998291,19.16638143122435,840.3167878515703,1.0011684945936659,0.9259319299809774,322.9005452113218
83.20000000000566,0.01,125.0,1.0210108757019043,19.176568222644338,840.5084516658827,1.0031935106035605,0.9359436149269191,322.9098045306216
83.21000000000566,0.01,125.0,1.0233345031738281,19.186778331401364,840.7002173481093,1.0052085268025484,0.9459755500329599,322.9191639667709
83.22000000000567,0.01,125.0,1.0256538391113281,19.197011676433107,840.8920851314234,1.0072135233032329,0.9560276353009904,322.92862372227125
83.23000000000567,0.01,125.0,1.0279650688171387,19.207268214824225,841.0840552481878,1.0092084803171082,0.966099770534028,322.93818399862425
83.24000000000568,0.01,125.0,1.0302691459655762,19.2175478655124,841.2761279303362,1.011193378154754,0.9761918553372042,322.9478449963296
83.25000000000568,0.01,125.0,1.0325651168823242,19.22785055697206,841.4683034089915,1.0131681972260296,0.9863037891187569,322.95760691488294
83.26000000000569,0.01,125.0,1.0348544120788574,19.23817620814089,841.6605819145612,1.0151329180402684,0.9964354710910224,322.96746995277414
83.2700000000057,0.01,125.0,1.0371356010437012,19.248524752261684,841.8529636766427,1.017087521206469,1.0065868002714302,322.97743430748505
83.2800000000057,0.01,125.0,1.03941011428833,19.258896108272126,842.0454489241655,1.0190319874334872,1.0167576754835002,322.98750017548775
83.2900000000057,0.01,125.0,1.0416765213012695,19.269290209415015,842.2380378852483,1.0209662975302267,1.0269479953578402,322.9976677522426
83.30000000000571,0.01,125.0,1.043935775756836,19.279706974628034,842.4307307873426,1.0228904324058272,1.0371576583331477,323.0079372321962
83.31000000000572,0.01,125.0,1.0461883544921875,19.290146332385607,842.6235278570889,1.0248043730698548,1.0473865626572112,323.0183088087795
83.32000000000572,0.01,125.0,1.0484333038330078,19.300608215930534,842.8164293204129,1.0267081006324876,1.057634606387915,323.0287826744061
83.33000000000573,0.01,125.0,1.0506701469421387,19.31109254896887,843.0094354025723,1.028601596304703,1.067901687394245,323.03935902047
83.34000000000573,0.01,125.0,1.0529003143310547,19.321599250438297,843.2025463280621,1.0304848413984633,1.0781877033572973,323.05003803734394
83.35000000000574,0.01,125.0,1.055121898651123,19.33212825358161,843.3957623205666,1.0323578173269,1.0884925517712871,323.06081991437753
83.36000000000574,0.01,125.0,1.0573368072509766,19.34267947256813,843.5890836031025,1.0342205056044962,1.0988161299445613,323.07170483989523
83.37000000000575,0.01,125.0,1.0595436096191406,19.353252840640643,843.7825103978282,1.0360728878472711,1.1091583350006116,323.0826930011947
83.38000000000575,0.01,125.0,1.0617432594299316,19.36384827673684,843.9760429262348,1.0379149457729597,1.1195190638790895,323.0937845845447
83.39000000000576,0.01,125.0,1.0639352798461914,19.374465709331144,844.1696814090022,1.0397466612011939,1.1298982133368245,323.1049797751835
83.40000000000576,0.01,125.0,1.0661191940307617,19.38510506212961,844.3634260660956,1.0415680160536818,1.1402956799488417,323.1162787573169
83.41000000000577,0.01,125.0,1.0682950019836426,19.395766254069922,844.557277116717,1.0433789923543864,1.150711360109384,323.12768171411636
83.42000000000577,0.01,125.0,1.070465087890625,19.406449204089764,844.7512347792579,1.0451795722297028,1.161145150032933,323.1391888277175
83.43000000000578,0.01,125.0,1.0726261138916016,19.417153854968674,844.9452992712988,1.0469697379086345,1.1715969457552355,323.15080027921783
83.44000000000578,0.01,125.0,1.0747785568237305,19.427880116107595,845.1394708098486,1.0487494717229688,1.1820666431343272,323.1625162486754
83.45000000000579,0.01,125.0,1.0769243240356445,19.438627901675837,845.3337496110098,1.050518756107452,1.1925541378515623,323.1743369151067
83.46000000000579,0.01,125.0,1.0790634155273438,19.449397144916198,845.5281358900266,1.052277573599961,1.2030593254126423,323.1862624564852
83.4700000000058,0.01,125.0,1.0811924934387207,19.460187779071475,845.7226298614759,1.0540259068416773,1.2135821011486472,323.19829304973933
83.4800000000058,0.01,125.0,1.0833163261413574,19.47099970400587,845.9172317392666,1.0557637385772578,1.2241223602170694,323.21042887075083
83.49000000000581,0.01,125.0,1.08543062210083,19.48183286726729,846.1119417363068,1.0574910516550045,1.2346799976028475,323.222670094353
83.50000000000581,0.01,125.0,1.0875368118286133,19.492687173488303,846.3067600649796,1.0592078290270353,1.2452549081194029,323.2350168943291
83.51000000000582,0.01,125.0,1.0896358489990234,19.503562541606595,846.5016869367146,1.06091405374945,1.2558469864096786,323.2474694434103
83.52000000000582,0.01,125.0,1.0917272567749023,19.514458900096592,846.6967225621307,1.0626097089824997,1.2664561269471786,323.26002791327437
83.53000000000583,0.01,125.0,1.0938100814819336,19.525376172664348,846.8918671511318,1.064294777990752,1.277082224037009,323.2726924745439
83.54000000000583,0.01,125.0,1.09588623046875,19.536314273479174,847.0871209128585,1.0659692441432556,1.287725171816922,323.28546329678426
83.55000000000584,0.01,125.0,1.0979528427124023,19.54727313578387,847.2824840555934,1.067633090913706,1.29838486425836,323.29834054850244
83.56000000000584,0.01,125.0,1.1000118255615234,19.558252664210997,847.4779567869514,1.069286301880607,1.3090611951675024,323.31132439714503
83.57000000000585,0.01,125.0,1.1020622253417969,19.569252782466616,847.6735393135936,1.070928860727434,1.3197540581863139,323.3244150090967
83.58000000000585,0.01,125.0,1.1041059494018555,19.58027340472004,847.8692318414184,1.0725607512427944,1.3304633467935936,323.33761254967857
83.59000000000586,0.01,125.0,1.1061415672302246,19.59131446421406,848.0650345754657,1.0741819573205873,1.341188954306027,323.3509171831465
83.60000000000586,0.01,125.0,1.108168601989746,19.60237587988637,848.2609477201079,1.0757924629601634,1.3519307738792383,323.3643290726896
83.61000000000587,0.01,125.0,1.1101875305175781,19.613457565906273,848.4569714789069,1.0773922522664825,1.3626886985088456,323.3778483804284
83.62000000000587,0.01,125.0,1.1121983528137207,19.624559441211456,848.653106054566,1.0789813094502694,1.373462621031516,323.3914752674135
83.63000000000588,0.01,125.0,1.1142020225524902,19.635681424739598,848.8493516489782,1.0805596188281716,1.384252434126024,323.40520989362386
83.64000000000588,0.01,125.0,1.116197109222412,19.64682344496513,849.0457084632257,1.0821271648229127,1.3950580303143112,323.41905241796513
83.65000000000589,0.01,125.0,1.1181836128234863,19.657985416057357,849.2421766976754,1.0836839319634468,1.405879301962546,323.4330029982683
83.6600000000059,0.01,125.0,1.1201629638671875,19.6691672521856,849.438756551836,1.0852299048851102,1.416716141282186,323.4470617912879
83.6700000000059,0.01,125.0,1.1221318244934082,19.680368881824275,849.635448224358,1.0867650683297747,1.4275684403310427,323.46122895270076
83.6800000000059,0.01,125.0,1.1240949630737305,19.691590200069214,849.8322519131764,1.0882894071459968,1.4384360910143459,323.4755046371041
83.69000000000591,0.01,125.0,1.1260480880737305,19.702831149699957,850.0291678151772,1.0898029062891676,1.4493189850858115,323.48988899801424
83.70000000000591,0.01,125.0,1.1279940605163574,19.7140916305807,850.2261961266743,1.0913055508216618,1.4602170141487087,323.5043821878651
83.71000000000592,0.01,125.0,1.1299314498901367,19.72537157118587,850.4233370429802,1.0927973259129844,1.471130069656931,323.51898435800655
83.72000000000592,0.01,125.0,1.1318602561950684,19.736670885684777,850.6205907586922,1.0942782168399174,1.4820580429160664,323.53369565870315
83.73000000000593,0.01,125.0,1.1337809562683105,19.747989488246734,850.8179574675491,1.0957482089866655,1.493000825084471,323.5485162391323
83.74000000000594,0.01,125.0,1.1356935501098633,19.759327297809424,851.0154373624317,1.0972072878449994,1.5039583071743434,323.5634462473832
83.75000000000594,0.01,125.0,1.1375975608825684,19.77068423331053,851.21303063541,1.0986554390143999,1.5149303800527991,323.57848583045495
83.76000000000595,0.01,125.0,1.1394939422607422,19.78206020891936,851.4107374777432,1.1000926482021998,1.5259169344429488,323.59363513425546
83.77000000000595,0.01,125.0,1.1413803100585938,19.793455148341973,851.6085580798325,1.1015189012237243,1.5369178609249765,323.6088943035999
83.78000000000596,0.01,125.0,1.1432600021362305,19.804868951442565,851.806492631316,1.102934184002432,1.5479330499372195,323.6242634822092
83.79000000000596,0.01,125.0,1.1451311111450195,19.816301551463933,852.0045413208305,1.1043384825700535,1.5589623917772495,323.63974281270856
83.80000000000597,0.01,125.0,1.1469926834106445,19.82775286257539,852.2027043363453,1.1057317830667284,1.5700057766029556,323.65533243662634
83.81000000000597,0.01,125.0,1.1488466262817383,19.839222789409504,852.4009818649712,1.1071140717411436,1.5810630944336286,323.67103249439236
83.82000000000598,0.01,125.0,1.1506915092468262,19.850711255672326,852.5993740928653,1.1084853349506683,1.5921342351510457,323.68684312533674
83.83000000000598,0.01,125.0,1.1525278091430664,19.862218170764802,852.7978812054222,1.1098455591614873,1.603219088500558,323.70276446768827
83.84000000000599,0.01,125.0,1.1543564796447754,19.87374344885624,852.9965033871299,1.1111947309487376,1.6143175440921784,323.7187966585733
83.85000000000599,0.01,125.0,1.156177043914795,19.885287013652693,853.1952408216185,1.112532836996638,1.6254294914016716,323.7349398340142
83.860000000006,0.01,125.0,1.1579885482788086,19.896848784091848,853.3940936917552,1.1138598640986221,1.6365548197716437,323.7511941289282
83.870000000006,0.01,125.0,1.1597905158996582,19.908428669574644,853.5930621795962,1.115175799157468,1.6476934184126357,323.7675596771259
83.880000000006,0.01,125.0,1.1615839004516602,19.920026574733647,853.7921464662921,1.1164806291854281,1.658845176404216,323.78403661131006
83.89000000000601,0.01,125.0,1.163370132446289,19.93164241373817,853.9913467320396,1.1177743413043582,1.670009982696076,323.8006250630741
83.90000000000602,0.01,125.0,1.165146827697754,19.94327611506264,854.190663156177,1.1190569227458391,1.6811877261091253,323.81732516290106
83.91000000000602,0.01,125.0,1.1669154167175293,19.954927583339625,854.3900959173278,1.1203283608513113,1.6923782953365893,323.83413704016215
83.92000000000603,0.01,125.0,1.1686749458312988,19.966596737506805,854.5896451931613,1.1215886430721937,1.703581578945108,323.8510608231155
83.93000000000603,0.01,125.0,1.1704258918762207,19.978283486965125,854.7893111605365,1.12283775697001,1.7147974653758358,323.868096638905
83.94000000000604,0.01,125.0,1.172168254852295,19.989987745883894,854.9890939954063,1.12407569021651,1.7260258429455415,323.88524461355877
83.95000000000604,0.01,125.0,1.1739015579223633,20.001709428432424,855.1889938728652,1.1253024305937924,1.7372665998477124,323.90250487198824
83.96000000000605,0.01,125.0,1.1756258010864258,20.013448444011654,855.3890109671497,1.1265179659944249,1.748519624153656,323.91987753798674
83.97000000000605,0.01,125.0,1.1773428916931152,20.025204702022524,855.58914545159,1.127722284421564,1.7597848038136061,323.93736273422826
83.98000000000606,0.01,125.0,1.179049015045166,20.03697813093946,855.7893974986102,1.128915373989073,1.7710620266578276,323.9549605822664
83.99000000000606,0.01,125.0,1.1807479858398438,20.048768621089916,855.9897672799198,1.1300972229216393,1.782351180397724,323.972671202533
84.00000000000607,0.01,125.0,1.182436466217041,20.06057610094832,856.1902549661307,1.1312678195548913,1.7936521526269462,323.990494714337
84.01000000000607,0.01,125.0,1.1841192245483398,20.072400465610496,856.3908607271403,1.1324271523355127,1.8049648308225008,324.00843123586327
84.02000000000608,0.01,125.0,1.1857895851135254,20.084241657855987,856.5915847317965,1.1335752098213572,1.8162891023458618,324.0264808841715
84.03000000000608,0.01,125.0,1.1874547004699707,20.096099553707127,856.7924271483752,1.1347119806815604,1.8276248544440812,324.04464377519497
84.04000000000609,0.01,125.0,1.189107894897461,20.107974100711832,856.9933881439124,1.1358374536966536,1.8389719742509025,324.0629200237394
84.0500000000061,0.01,125.0,1.1907539367675781,20.119865179660813,857.1944678849196,1.1369516177586716,1.8503303487878748,324.08130974348194
84.0600000000061,0.01,125.0,1.192389965057373,20.131772719028493,857.3956665367164,1.1380544618712658,1.8616998649654675,324.0998130469698
84.0700000000061,0.01,125.0,1.194018840789795,20.143696618679073,857.5969842639067,1.1391459751498096,1.873080409584186,324.1184300456195
84.08000000000611,0.01,125.0,1.1956377029418945,20.155636807086978,857.7984212300936,1.1402261468215076,1.8844718693356899,324.13716084971537
84.09000000000611,0.01,125.0,1.1972460746765137,20.167593184116402,857.9999775981646,1.1412949662255014,1.8958741308039109,324.1560055684087
84.10000000000612,0.01,125.0,1.1988482475280762,20.179565644863175,858.2016535300058,1.1423524228129753,1.9072870804661717,324.17496430971676
84.11000000000612,0.01,125.0,1.200439453125,20.19155412733846,858.4034491864546,1.1433985061472594,1.9187106046943072,324.19403718052143
84.12000000000613,0.01,125.0,1.2020220756530762,20.203558521869716,858.6053647277281,1.1444332059039337,1.9301445897557856,324.2132242865684
84.13000000000613,0.01,125.0,1.2035975456237793,20.215578742626253,858.8074003129469,1.1454565118709295,1.9415889218148308,324.23252573246594
84.14000000000614,0.01,125.0,1.2051615715026855,20.227614718082496,859.0095561003733,1.1464684139486294,1.953043486933546,324.2519416216841
84.15000000000614,0.01,125.0,1.2067179679870605,20.23966633379753,859.2118322475542,1.1474689021499689,1.964508171073038,324.2714720565535
84.16000000000615,0.01,125.0,1.2082653045654297,20.251733513477408,859.4142289108922,1.1484579666005332,1.9759828600945437,324.2911171382642
84.17000000000616,0.01,125.0,1.2098021507263184,20.263816166523068,859.6167462460271,1.1494355975386559,1.987467439760555,324.3108769668652
84.18000000000616,0.01,125.0,1.2113308906555176,20.275914188030338,859.8193844076925,1.1504017853155135,1.9989617957359473,324.3307516412628
84.19000000000617,0.01,125.0,1.2128520011901855,20.2880274969369,860.0221435495729,1.1513565203952236,2.0104658135891085,324.3507412592202
84.20000000000617,0.01,125.0,1.2143621444702148,20.300156016948808,860.2250238245424,1.1522997933549357,2.0219793787930667,324.37084591735606
84.21000000000618,0.01,125.0,1.2158641815185547,20.312299638393515,860.428025384712,1.153231594884927,2.033502376726622,324.391065711144
84.22000000000618,0.01,125.0,1.2173552513122559,20.324458280208706,860.6311483810961,1.1541519157886921,2.0450346926754768,324.4114007349113
84.23000000000619,0.01,125.0,1.2188386917114258,20.336631832721835,860.8343929638983,1.1550607469830358,2.0565762118333697,324.4318510818381
84.24000000000619,0.01,125.0,1.2203125953674316,20.348820219638956,861.0377592822256,1.1559580794981605,2.068126819303206,324.4524168439564
84.2500000000062,0.01,125.0,1.221778392791748,20.361023345592635,861.241247484422,1.1568439044777572,2.0796864000981934,324.47309811214944
84.2600000000062,0.01,125.0,1.223233699798584,20.373241129520558,861.4448577178781,1.1577182131790904,2.091254839142977,324.49389497615044
84.2700000000062,0.01,125.0,1.2246794700622559,20.38547346651855,861.6485901291734,1.1585809969730865,2.1028320212747738,324.5148075245419
84.28000000000621,0.01,125.0,1.2261171340942383,20.39772026121918,861.8524448638386,1.1594322473444176,2.1144178312445105,324.5358358447546
84.29000000000622,0.01,125.0,1.2275447845458984,20.40998143256013,862.056422066451,1.1602719558915864,2.126012153717961,324.55698002306707
84.30000000000622,0.01,125.0,1.2289643287658691,20.422256880405595,862.2605218807767,1.1611001143270083,2.1376148732768825,324.57824014460425
84.31000000000623,0.01,125.0,1.2303743362426758,20.43454652369326,862.4647444495808,1.1619167144770943,2.1492258744201584,324.599616293337
84.32000000000623,0.01,125.0,1.2317728996276855,20.446850267055694,862.6690899148178,1.1627217482823302,2.160845041564935,324.62110855208124
84.33000000000624,0.01,125.0,1.233163833618164,20.459167996051978,862.8735584174885,1.1635152077973572,2.1724722590477645,324.6427170024969
84.34000000000624,0.01,125.0,1.2345466613769531,20.471499634388167,863.0781500974491,1.1642970851910508,2.184107411125744,324.6644417250874
84.35000000000625,0.01,125.0,1.235917091369629,20.483845101001943,863.2828650937931,1.1650673727465963,2.1957503819776605,324.68628279919864
84.36000000000625,0.01,125.0,1.237281322479248,20.496204271915644,863.4877035448033,1.1658260628615666,2.2074010557051325,324.70824030301844
84.37000000000626,0.01,125.0,1.2386350631713867,20.508577085140445,863.6926655875225,1.166573148047997,2.219059316333754,324.7303143135755
84.38000000000626,0.01,125.0,1.2399787902832031,20.520963435772163,863.897751358374,1.1673086209324577,2.2307250478142397,324.75250490673886
84.39000000000627,0.01,125.0,1.2413134574890137,20.533363223675003,864.1029609927318,1.1680324742561286,2.24239813402357,324.774812157217
84.40000000000627,0.01,125.0,1.2426390647888184,20.5457763582499,864.3082946249687,1.1687447008748695,2.2540784587661373,324.79723613855725
84.41000000000628,0.01,125.0,1.243955135345459,20.558202748897795,864.5137523885512,1.169445293759291,2.265765905774892,324.8197769231449
84.42000000000628,0.01,125.0,1.2452616691589355,20.570642300251254,864.7193344160403,1.1701342459948245,2.277460358712491,324.84243458220266
84.43000000000629,0.01,125.0,1.246558666229248,20.58309491694285,864.9250408390429,1.1708115507817898,2.289161701172445,324.8652091857898
84.4400000000063,0.01,125.0,1.2478466033935547,20.59556050360515,865.1308717882125,1.1714772014354615,2.300869816680269,324.88810080280155
84.4500000000063,0.01,125.0,1.249124526977539,20.608038969639093,865.3368273932487,1.1721311913861368,2.3125845886946292,324.91110950096834
84.4600000000063,0.01,125.0,1.2503933906555176,20.620530214908875,865.5429077829451,1.1727735141791986,2.3243059006084965,324.9342353468553
84.47000000000631,0.01,125.0,1.2516531944274902,20.633034148815437,865.7491130850943,1.1734041634751806,2.3360336357502947,324.9574784058614
84.48000000000631,0.01,125.0,1.252903938293457,20.64555068075972,865.9554434265826,1.1740231330498285,2.3477676773850527,324.98083874221896
84.49000000000632,0.01,125.0,1.2541437149047852,20.65807972014266,866.1618989333904,1.1746304167941628,2.359507908715557,325.0043164189928
84.50000000000632,0.01,125.0,1.2553744316101074,20.670621157291713,866.368479730592,1.175226008714538,2.3712542128835046,325.02791149807996
84.51000000000633,0.01,125.0,1.2565956115722656,20.68317490160782,866.575185942165,1.1758099029327023,2.383006472970656,325.0516240402088
84.52000000000633,0.01,125.0,1.2578086853027344,20.69574085772355,866.7820176911812,1.1763820936858553,2.394764571999989,325.07545410493856
84.53000000000634,0.01,125.0,1.2590088844299316,20.708318944576583,866.9889750997585,1.1769425753267055,2.4065283929368535,325.09940175065856
84.54000000000634,0.01,125.0,1.260202407836914,20.720909033420888,867.1960582892043,1.1774913423235254,2.4182978186901267,325.1234670345879
84.55000000000635,0.01,125.0,1.2613859176635742,20.733511057499264,867.4032673795386,1.1780283892602061,2.430072732113368,325.1476500127748
84.56000000000635,0.01,125.0,1.262558937072754,20.746124916675907,867.6106024901137,1.1785537108363113,2.441853016005976,325.17195074009595
84.57000000000636,0.01,125.0,1.2637228965759277,20.758750506046642,867.8180637392805,1.1790673018671292,2.453638553114345,325.196369270256
84.58000000000636,0.01,125.0,1.2648768424987793,20.771387735012407,868.0256512443411,1.1795691572837232,2.4654292261330224,325.2209056557872
84.59000000000637,0.01,125.0,1.2660231590270996,20.784036503437402,868.2333651216913,1.1800592721329837,2.4772249177058656,325.24555994804854
84.60000000000637,0.01,125.0,1.2671575546264648,20.79669673502768,868.4412054867258,1.1805376415776743,2.4890255104272017,325.2703321972256
84.61000000000638,0.01,125.0,1.2682819366455078,20.80936831057395,868.6491724540762,1.1810042608964821,2.5008308868429845,325.29522245232994
84.62000000000639,0.01,125.0,1.2693991661071777,20.822051129940412,868.857266137182,1.1814591254840627,2.512640929451955,325.3202307611984
84.63000000000639,0.01,125.0,1.2705039978027344,20.83474512160149,869.0654866484815,1.1819022308510865,2.524455520706802,325.34535717049295
84.6400000000064,0.01,125.0,1.271601676940918,20.847450161579523,869.2738340996976,1.1823335726242818,2.5362745430153186,325.3706017257
84.6500000000064,0.01,125.0,1.2726879119873047,20.86016617834894,869.4823086013135,1.1827531465464802,2.5480978787415673,325.3959644711302
84.6600000000064,0.01,125.0,1.2737646102905273,20.87289305746882,869.6909102630972,1.1831609484766559,2.5599254102070383,325.4214454499176
84.67000000000641,0.01,125.0,1.2748322486877441,20.88563070357173,869.899639193672,1.1835569743899688,2.571757019691811,325.4470447040197
84.68000000000642,0.01,125.0,1.2758893966674805,20.898379026058617,870.1084955007078,1.1839412203778028,2.583592589435717,325.4727622742166
84.69000000000642,0.01,125.0,1.276937484741211,20.911137920025297,870.3174792909685,1.1843136826478051,2.595432001639501,325.498598200111
84.70000000000643,0.01,125.0,1.2779755592346191,20.923907294872716,870.526590670169,1.1846743575239238,2.6072751384659854,325.52455252012743
84.71000000000643,0.01,125.0,1.2790040969848633,20.936687050465068,870.7358297431178,1.1850232414464432,2.6191218820412305,325.5506252715121
84.72000000000644,0.01,125.0,1.2800226211547852,20.94947709143492,870.9451966136226,1.18536033097202,2.6309721144557012,325.57681649033253
84.73000000000644,0.01,125.0,1.2810311317443848,20.962277317646475,871.154691384537,1.1856856227737165,2.6428257177654273,325.6031262114771
84.74000000000645,0.01,125.0,1.2820305824279785,20.975087628963927,871.3643141577136,1.185999113641034,2.6546825739931705,325.62955446865476
84.75000000000645,0.01,125.0,1.2830190658569336,20.98790793478821,871.5740650340033,1.1863008004799442,2.666542565129587,325.6561012943947
84.76000000000646,0.01,125.0,1.2839984893798828,21.000738125446787,871.7839441133513,1.1865906803129198,2.6784055731343925,325.682766720046
84.77000000000646,0.01,125.0,1.2849688529968262,21.013578110340593,871.9939514946059,1.186868750278964,2.690271479937528,325.70955077577736
84.78000000000647,0.01,125.0,1.285928726196289,21.026427798870568,872.2040872757094,1.1871350076336384,2.702140167440324,325.73645349057676
84.79000000000647,0.01,125.0,1.2868785858154297,21.039287086132536,872.4143515536982,1.1873894497490904,2.714011517516666,325.76347489225117
84.80000000000648,0.01,125.0,1.2878189086914062,21.052155871990696,872.6247444245597,1.1876320741140791,2.725885412014163,325.79061500742637
84.81000000000648,0.01,125.0,1.2887487411499023,21.065034061077615,872.8352659832797,1.1878628783339997,2.73776173275531,325.8178738615465
84.82000000000649,0.01,125.0,1.2896690368652344,21.07792154848912,873.0459163238905,1.1880818601309082,2.749640361538656,325.84525147887405
84.83000000000649,0.01,125.0,1.2905793190002441,21.09081823885778,873.2566955393755,1.188289017343542,2.7615211801399715,325.8727478824894
84.8400000000065,0.01,125.0,1.2914795875549316,21.103724032047786,873.4676037217642,1.188484347927344,2.773404070313413,325.9003630942908
84.8500000000065,0.01,125.0,1.2923717498779297,21.116638827923342,873.6786409620848,1.1886678499544794,2.7852889137926926,325.92809713499395
84.86000000000651,0.01,125.0,1.2932524681091309,21.12956254542213,873.8898073503642,1.1888395216138574,2.7971755922922434,325.9559500241319
84.87000000000651,0.01,125.0,1.2941241264343262,21.142495070103227,874.1011029758185,1.1889993612111482,2.809063987508388,325.9839217800548
84.88000000000652,0.01,125.0,1.2949838638305664,21.155436311367577,874.3125279265197,1.1891473671687995,2.8209539811205055,326.0120124199299
84.89000000000652,0.01,125.0,1.2958359718322754,21.16838615000589,874.5240822896335,1.1892835380260522,2.8328454547921997,326.0402219597411
84.90000000000653,0.01,125.0,1.2966761589050293,21.18134450972422,874.7357661511337,1.189407872438955,2.8447382901724665,326.068550414289
84.91000000000653,0.01,125.0,1.2975072860717773,21.194311271313275,874.9475795962311,1.1895203691803773,2.8566323688968622,326.09699779719074
84.92000000000654,0.01,125.0,1.2983288764953613,21.207286344173998,875.1595227089443,1.1896210271400218,2.8685275725886723,326.12556412087974
84.93000000000654,0.01,125.0,1.2991399765014648,21.220269632938958,875.3715955723862,1.189709845324435,2.8804237828600785,326.1542493966056
84.94000000000655,0.01,125.0,1.299941062927246,21.23326103270398,875.5837982687158,1.1897868228570172,2.8923208813133288,326.18305363443426
84.95000000000655,0.01,125.0,1.3007330894470215,21.24626044333326,875.796130879043,1.1898519589780314,2.904218749541905,326.2119768432474
84.96000000000656,0.01,125.0,1.3015151023864746,21.259267774227737,876.0085934834764,1.1899052530446104,2.9161172691316914,326.2410190307428
84.97000000000656,0.01,125.0,1.302286148071289,21.27228292525161,876.2211861612187,1.189946704530763,2.9280163216621435,326.2701802034341
84.98000000000657,0.01,125.0,1.3030471801757812,21.28530578673233,876.4339089904713,1.1899763130273802,2.939915788707457,326.29946036665075
84.99000000000657,0.01,125.0,1.3037996292114258,21.298336258534096,876.6467620483387,1.1899940782422376,2.951815551837737,326.32885952453785
85.00000000000658,0.01,125.0,1.3045411109924316,21.311374254826216,876.8597454109241,1.19,2.9637154926201656,326.35837768005626
85.01000000000658,0.01,125.0,1.3052711486816406,21.324419665936148,877.0728591534725,1.189994078242222,2.9756154926201717,326.38801483498247
85.02000000000659,0.01,125.0,1.305992603302002,21.33747237742297,877.286103350132,1.1899763130273489,2.9875154334026,326.41777098990866
85.0300000000066,0.01,125.0,1.3067049980163574,21.350532303455996,877.4994780739063,1.1899467045307164,2.9994151965328797,326.4476461442427
85.0400000000066,0.01,125.0,1.3074045181274414,21.363599353436165,877.712983396941,1.1899052530445482,3.011314663578193,326.47764029620805
85.0500000000066,0.01,125.0,1.3080968856811523,21.376673398617445,877.9266193904755,1.1898519589779537,3.0232137161086445,326.50775344284386
85.06000000000661,0.01,125.0,1.3087787628173828,21.389754367474264,878.1403861244618,1.1897868228569237,3.0351122356984304,326.53798558000494
85.07000000000662,0.01,125.0,1.3094496726989746,21.402842155102444,878.3542836681366,1.189709845324326,3.047010103927006,326.56833670236193
85.08000000000662,0.01,125.0,1.3101110458374023,21.41593665182944,878.5683120896878,1.1896210271398973,3.0589072023802553,326.5988068034012
85.09000000000663,0.01,125.0,1.3107614517211914,21.42903776228782,878.7824714562062,1.1895203691802374,3.07080341265166,326.629395875425
85.10000000000663,0.01,125.0,1.3114023208618164,21.442145376805037,878.9967618338292,1.1894078724387993,3.0826986163434684,326.66010390955154
85.11000000000664,0.01,125.0,1.3120331764221191,21.455259400013663,879.2111832875974,1.189283538025881,3.0945926950678624,326.690930895715
85.12000000000664,0.01,125.0,1.3126535415649414,21.46837973177789,879.4257358815976,1.1891473671686128,3.1064855304481274,326.7218768226657
85.13000000000665,0.01,125.0,1.3132638931274414,21.481506267193545,879.6404196789155,1.188999361210946,3.1183770041198198,326.7529416779702
85.14000000000665,0.01,125.0,1.3138651847839355,21.494638906124827,879.8552347415875,1.1888395216136396,3.1302669977319355,326.7841254480114
85.15000000000666,0.01,125.0,1.3144559860229492,21.507777557972673,880.0701811306488,1.1886678499542458,3.142155392948078,326.81542811798874
85.16000000000666,0.01,125.0,1.315035343170166,21.52092211783291,880.2852589062287,1.1884843479270948,3.1540420714476265,326.8468496719182
85.17000000000667,0.01,125.0,1.3156070709228516,21.53407247126462,880.5004681274071,1.1882890173432776,3.1659269149269034,326.87839009263274
85.18000000000667,0.01,125.0,1.316166877746582,21.547228541973855,880.7158088521198,1.188081860130628,3.1778098051003423,326.910049361782
85.19000000000668,0.01,125.0,1.3167157173156738,21.560390210751326,880.9312811375397,1.1878628783337042,3.1896906237016545,326.941827459833
85.20000000000668,0.01,125.0,1.3172564506530762,21.57355736792449,881.1468850396474,1.1876320741137678,3.2015692524849975,326.97372436607003
85.21000000000669,0.01,125.0,1.3177862167358398,21.586729932431027,881.3626206133267,1.1873894497487638,3.2134455732261413,327.0057400585949
85.22000000000669,0.01,125.0,1.318305492401123,21.59990779459839,881.5784879126511,1.1871350076332963,3.225319467723635,327.03787451432714
85.2300000000067,0.01,125.0,1.318814754486084,21.613090849522408,881.7944869905972,1.1868687502786062,3.2371908177999744,327.0701277090044
85.2400000000067,0.01,125.0,1.3193140029907227,21.626278997067274,882.0106178990925,1.1865906803125463,3.2490595053027667,327.1024996171824
85.25000000000671,0.01,125.0,1.3198027610778809,21.639472137097187,882.2268806890633,1.186300800479555,3.260925412105898,327.13499021223544
85.26000000000671,0.01,125.0,1.3202810287475586,21.65267016470797,882.4432754104344,1.1859991136406294,3.2727884201107,327.16759946635653
85.27000000000672,0.01,125.0,1.3207511901855469,21.66587297499545,882.6598021120816,1.1856856227732961,3.284648411247112,327.20032735055764
85.28000000000672,0.01,125.0,1.32120943069458,21.679080486897313,882.8764608418317,1.185360330971584,3.2965052674748514,327.23317383467014
85.29000000000673,0.01,125.0,1.321657657623291,21.692292581204264,883.0932516467008,1.185023241445992,3.3083588707845735,327.2661388873449
85.30000000000673,0.01,125.0,1.3220958709716797,21.705509157780504,883.3101745725129,1.184674357523457,3.3202091031990393,327.29922247605276
85.31000000000674,0.01,125.0,1.322523593902588,21.718730116490228,883.5272296640908,1.1843136826473228,3.33205584677428,327.3324245670848
85.32000000000674,0.01,125.0,1.3229413032531738,21.73195535242926,883.7444169652558,1.183941220377305,3.3438989836007593,327.36574512555256
85.33000000000675,0.01,125.0,1.3233494758605957,21.745184765461797,883.9617365187802,1.1835569743894554,3.3557383958045386,327.3991841153886
85.34000000000675,0.01,125.0,1.3237452507019043,21.75841826022041,884.1791883664349,1.1831609484761272,3.367573965548439,327.43274149934666
85.35000000000676,0.01,125.0,1.3241329193115234,21.771655712727437,884.3967725490372,1.182753146545936,3.3794055750332066,327.46641723900217
85.36000000000676,0.01,125.0,1.324510097503662,21.78489704192056,884.6144891061646,1.1823335726237223,3.391233106498672,327.50021129475255
85.37000000000677,0.01,125.0,1.3248767852783203,21.798142142895603,884.8323380765839,1.1819022308505114,3.403056442224915,327.53412362581753
85.38000000000677,0.01,125.0,1.3252334594726562,21.811390910748393,885.050319498013,1.181459125483472,3.4148754645334263,327.5681541902398
85.39000000000678,0.01,125.0,1.3255786895751953,21.824643245343125,885.2684334071206,1.181004260895876,3.426690055788267,327.60230294488514
85.40000000000678,0.01,125.0,1.3259153366088867,21.837899032238884,885.4866798395741,1.1805376415770528,3.438500098397232,327.63656984544303
85.41000000000679,0.01,125.0,1.3262410163879395,21.85115818560498,885.7050588298966,1.1800592721323466,3.4503054748130086,327.67095484642704
85.4200000000068,0.01,125.0,1.3265571594238281,21.864420595768866,885.9235704117528,1.1795691572830709,3.462106067534338,327.7054579011752
85.4300000000068,0.01,125.0,1.32686185836792,21.877686167363112,886.1422146177107,1.1790673018664612,3.4739017591071746,327.74007896185054
85.4400000000068,0.01,125.0,1.3271574974060059,21.8909547859468,886.3609914793844,1.1785537108356279,3.485692432125845,327.77481797944165
85.45000000000681,0.01,125.0,1.327441692352295,21.904226360920866,886.579901027244,1.1780283892595074,3.4974779692342075,327.8096749037629
85.46000000000681,0.01,125.0,1.3277158737182617,21.917500777844396,886.7989432908533,1.177491342322811,3.5092582531268084,327.84464968345526
85.47000000000682,0.01,125.0,1.327979564666748,21.930777936581585,887.0181182986319,1.176942575325976,3.5210331665500427,327.8797422659865
85.48000000000683,0.01,125.0,1.328233242034912,21.94405773222826,887.2374260779978,1.1763820936851102,3.5328025923033084,327.914952597652
85.49000000000683,0.01,125.0,1.3284783363342285,21.957340064648616,887.4568666553203,1.1758099029319418,3.5445664132401653,327.95028062357505
85.50000000000684,0.01,125.0,1.3287124633789062,21.970624848011965,887.6764400559669,1.175226008713762,3.556324512269491,327.98572628770745
85.51000000000684,0.01,125.0,1.3289341926574707,21.98391197264576,887.896146304447,1.1746304167933714,3.5680767723566347,328.02128953283017
85.52000000000685,0.01,125.0,1.329148769378662,21.99720131457234,888.1159854241736,1.1740231330490218,3.5798230765245744,328.05697030055376
85.53000000000685,0.01,125.0,1.329350471496582,22.010492802266132,888.3359574373194,1.1734041634743586,3.5915633078550706,328.092768531319
85.54000000000686,0.01,125.0,1.3295435905456543,22.023786306981105,888.5560623653422,1.1727735141783613,3.60329734948982,328.12868416439755
85.55000000000686,0.01,125.0,1.3297252655029297,22.037081742886567,888.7763002284121,1.172131191385284,3.61502508463161,328.16471713789247
85.56000000000687,0.01,125.0,1.3298959732055664,22.050378995541603,888.996671045841,1.1714772014345933,3.6267463965454687,328.2008673887388
85.57000000000687,0.01,125.0,1.33005952835083,22.063677955273665,889.2171748357965,1.1708115507809063,3.6384611685598207,328.2371348527043
85.58000000000688,0.01,125.0,1.3302102088928223,22.07697855055718,889.4378116153493,1.170134245993926,3.6501692840676356,328.2735194643899
85.59000000000688,0.01,125.0,1.3303518295288086,22.090280652646115,889.658581400855,1.169445293758377,3.661870626527581,328.3100211572306
85.60000000000689,0.01,125.0,1.3304829597473145,22.10358417094141,889.8794842073817,1.16874470087394,3.673565079465171,328.3466398634959
85.61000000000689,0.01,125.0,1.3306031227111816,22.11688900053889,890.1005200490912,1.1680324742551838,3.685252526473916,328.3833755142906
85.6200000000069,0.01,125.0,1.3307127952575684,22.130195031766007,890.3216889390967,1.1673086209314976,3.696932851216474,328.42022803955535
85.6300000000069,0.01,125.0,1.3308134078979492,22.14350215971859,890.5429908894145,1.1665731480470216,3.708605937425795,328.4571973680675
85.6400000000069,0.01,125.0,1.3309030532836914,22.156810293797577,890.7644259110117,1.165826062860576,3.720271668906271,328.4942834274418
85.65000000000691,0.01,125.0,1.3309822082519531,22.17011932433042,890.9859940139498,1.1650673727455907,3.731929929534883,328.5314861441309
85.66000000000692,0.01,125.0,1.3310508728027344,22.183429146412948,891.2076952071933,1.1642970851900296,3.7435806032623447,328.56880544342624
85.67000000000692,0.01,125.0,1.3311100006103516,22.19673965514098,891.4295294986575,1.163515207796321,3.755223574114251,328.6062412494589
85.68000000000693,0.01,125.0,1.3311591148376465,22.21005075514709,891.6514968952091,1.1627217482812786,3.7668587261922197,328.64379348520004
85.69000000000693,0.01,125.0,1.3311972618103027,22.223362346295474,891.8735974027607,1.1619167144760274,3.7784859436750384,328.68146207246195
85.70000000000694,0.01,125.0,1.3312249183654785,22.236674318913582,892.0958310262237,1.1611001143259263,3.7901051108198045,328.71924693189874
85.71000000000694,0.01,125.0,1.331242561340332,22.249986568097246,892.3181977694129,1.160271955890489,3.80171611196307,328.757147983007
85.72000000000695,0.01,125.0,1.331249713897705,22.263298993710656,892.540697635094,1.1594322473433052,3.813318831521981,328.7951651441266
85.73000000000695,0.01,125.0,1.3312468528747559,22.27661149084964,892.7633306250312,1.158580996971959,3.82491315399542,328.8332983324418
85.74000000000696,0.01,125.0,1.3312349319458008,22.28992395937839,892.9860967399399,1.1577182131779475,3.8364989639651457,328.8715474639818
85.75000000000696,0.01,125.0,1.3312101364135742,22.303236308697855,893.2089959795337,1.1568439044765992,3.8480761460969313,328.9099124536215
85.76000000000697,0.01,125.0,1.3311762809753418,22.316548410061998,893.4320283426208,1.1559580794969877,3.8596445851417034,328.9483932150825
85.77000000000697,0.01,125.0,1.331131935119629,22.329860172871758,893.6551938267215,1.1550607469818475,3.871204165936679,328.98698966093394
85.78000000000698,0.01,125.0,1.3310785293579102,22.34317149222296,893.8784924284504,1.1541519157874889,3.8827547734065035,329.0257017025933
85.79000000000698,0.01,125.0,1.3310136795043945,22.356482277516548,894.1019241433727,1.1532315948837084,3.8942962925643845,329.0645292503274
85.80000000000699,0.01,125.0,1.3309383392333984,22.3697924143116,894.325488966148,1.1522997933537023,3.9058286085132274,329.10347221325304
85.810000000007,0.01,125.0,1.3308539390563965,22.38310179770394,894.5491868902913,1.151356520393975,3.91735160644677,329.1425304993382
85.820000000007,0.01,125.0,1.330756664276123,22.396410337094512,894.7730179082685,1.15040178531425,3.928865171650716,329.18170401540266
85.830000000007,0.01,125.0,1.3306517601013184,22.40971790373728,894.9969820116395,1.1494355975373771,3.940369189503864,329.22099266711916
85.84000000000701,0.01,125.0,1.3305354118347168,22.4230244213383,895.221079190677,1.1484579665992396,3.951863545479244,329.26039635901424
85.85000000000701,0.01,125.0,1.3304104804992676,22.436329775456656,895.4453094348904,1.1474689021486602,3.963348125145242,329.2999149944691
85.86000000000702,0.01,125.0,1.3302741050720215,22.449633880261654,895.6696727326452,1.1464684139473056,3.9748228141667346,329.33954847572056
85.87000000000702,0.01,125.0,1.3301258087158203,22.46293662131238,895.8941690714479,1.1454565118695905,3.9862874983062135,329.3792967038622
85.88000000000703,0.01,125.0,1.3299694061279297,22.476237879399545,896.1187984376611,1.14443320590258,3.9977420634249152,329.4191595788453
85.89000000000703,0.01,125.0,1.3298015594482422,22.48953757346083,896.3435608164552,1.1433985061458907,4.009186395483947,329.4591369994796
85.90000000000704,0.01,125.0,1.3296232223510742,22.50283558905532,896.56845619219,1.1423524228115916,4.020620380545411,329.49922886343444
85.91000000000705,0.01,125.0,1.3294358253479004,22.516131821278837,896.7934845480806,1.1412949662241028,4.032043904773533,329.53943506723994
85.92000000000705,0.01,125.0,1.3292365074157715,22.529426179532322,897.0186458662936,1.1402261468200938,4.04345685443578,329.5797555062877
85.93000000000706,0.01,125.0,1.3290281295776367,22.542718544606487,897.243940128089,1.139145975148381,4.054859115903986,329.62019007483207
85.94000000000706,0.01,125.0,1.3288097381591797,22.55600882590227,897.4693673135351,1.1380544618698223,4.066250575655476,329.6607386659911
85.95000000000707,0.01,125.0,1.3285813331604004,22.56929692328387,897.6949274017943,1.1369516177572132,4.07763112027418,329.7014011717477
85.96000000000707,0.01,125.0,1.3283414840698242,22.58258273661548,897.9206203710272,1.13583745369518,4.089000636451758,329.74217748295047
85.97000000000708,0.01,125.0,1.3280925750732422,22.595866151456182,898.1464461983935,1.1347119806800723,4.100359010988716,329.783067489315
85.98000000000708,0.01,125.0,1.3278326988220215,22.60914707720692,898.3724048599082,1.133575209819854,4.111706130795523,329.82407107942487
85.99000000000709,0.01,125.0,1.3275609016418457,22.62242540419515,898.5984963306804,1.1324271523339948,4.123041882893727,329.86518814073287
86.00000000000709,0.01,125.0,1.3272814750671387,22.635701013211573,898.8247205847225,1.1312678195533585,4.134366154417073,329.9064185595618
86.0100000000071,0.01,125.0,1.326991081237793,22.64897382796225,899.0510775948547,1.1300972229200918,4.145678832612612,329.947762221106
86.0200000000071,0.01,125.0,1.326690673828125,22.662243738774634,899.2775673331345,1.1289153739875106,4.156979804841819,329.9892190094322
86.0300000000071,0.01,125.0,1.3263797760009766,22.675510645512922,899.5041897705223,1.127722284419987,4.1682689585817,330.03078880748063
86.04000000000711,0.01,125.0,1.3260579109191895,22.68877444327294,899.7309448769776,1.1265179659928333,4.179546181425906,330.0724714970665
86.05000000000712,0.01,125.0,1.3257265090942383,22.70203502238214,899.9578326214104,1.1253024305921857,4.1908113610858395,330.11426695888076
86.06000000000712,0.01,125.0,1.325383186340332,22.71529228747309,900.1848529716343,1.1240756902148887,4.202064385391767,330.15617507249164
86.07000000000713,0.01,125.0,1.3250327110290527,22.7285461193365,900.4120058945092,1.122837756968374,4.213305142293922,330.1981957163456
86.08000000000713,0.01,125.0,1.3246684074401855,22.7417964464468,900.6392913557027,1.121588643070543,4.224533519863611,330.2403287677686
86.09000000000714,0.01,125.0,1.324296474456787,22.75504313052121,900.8667093201673,1.120328360849646,4.235749406294322,330.28257410296726
86.10000000000714,0.01,125.0,1.3239130973815918,22.768286095265783,901.0942597514726,1.1190569227441591,4.246952689902824,330.32493159703023
86.11000000000715,0.01,125.0,1.3235206604003906,22.781525226239605,901.3219426124253,1.1177743413026635,4.2581432591302715,330.36740112392926
86.12000000000715,0.01,125.0,1.3231182098388672,22.794760432843617,901.5497578646879,1.1164806291837202,4.269321002543304,330.40998255652056
86.13000000000716,0.01,125.0,1.322704792022705,22.80799161494201,901.7777054690164,1.1151757991557454,4.280485808835147,330.452675766546
86.14000000000716,0.01,125.0,1.3222804069519043,22.821218662862247,902.005785385166,1.1138598640968849,4.29163756682671,330.49548062463435
86.15000000000717,0.01,125.0,1.3218464851379395,22.83444146693177,902.2339975717947,1.1125328369948861,4.302776165467685,330.53839700030267
86.16000000000717,0.01,125.0,1.3214025497436523,22.84765993178316,902.4623419864641,1.1111947309469712,4.313901493837639,330.58142476195735
86.17000000000718,0.01,125.0,1.3209481239318848,22.860873957280603,902.690818585782,1.1098455591597065,4.325013441147114,330.62456377689574
86.18000000000718,0.01,125.0,1.3204846382141113,22.87408343851993,902.919427325355,1.1084853349488728,4.336111896738717,330.66781391130723
86.19000000000719,0.01,125.0,1.320009708404541,22.887288284902077,903.1481681597403,1.107114071739334,4.347196750088211,330.71117503027466
86.2000000000072,0.01,125.0,1.3195247650146484,22.90048838198613,903.3770410425894,1.105731783064904,4.35826789080561,330.7546469977756
86.2100000000072,0.01,125.0,1.3190288543701172,22.91368362963628,903.6060459264094,1.1043384825682145,4.369325208636265,330.79822967668366
86.2200000000072,0.01,125.0,1.3185248374938965,22.92687391817999,903.8351827627058,1.1029341840005789,4.380368593461952,330.84192292877003
86.23000000000721,0.01,125.0,1.318009853363037,22.940059166554935,904.0644515018877,1.1015189012218565,4.391397935301963,330.88572661470465
86.24000000000721,0.01,125.0,1.3174824714660645,22.953239265088573,904.2938520935534,1.1000926482003177,4.4024131243141875,330.9296405940577
86.25000000000722,0.01,125.0,1.3169474601745605,22.96641408980324,904.5233844862043,1.0986554390125034,4.413414050796196,330.97366472530086
86.26000000000722,0.01,125.0,1.3164029121398926,22.979583564404994,904.7530486271025,1.0972072878430885,4.424400605186327,331.01779886580886
86.27000000000723,0.01,125.0,1.3158459663391113,22.9927475935264,904.9828444627467,1.0957482089847403,4.4353726780647635,331.06204287186074
86.28000000000723,0.01,125.0,1.3152804374694824,23.005906053189797,905.2127719386821,1.0942782168379779,4.446330160154616,331.1063965986414
86.29000000000724,0.01,125.0,1.314704418182373,23.0190588575645,905.442830999214,1.0927973259110306,4.4572729423230015,331.150859900243
86.30000000000724,0.01,125.0,1.314117431640625,23.03220590174633,905.6730215877898,1.0913055508196936,4.468200915582117,331.19543262966624
86.31000000000725,0.01,125.0,1.3135218620300293,23.045347076062743,905.9033436468073,1.0898029062871852,4.47911397109032,331.2401146388221
86.32000000000725,0.01,125.0,1.3129143714904785,23.05848229468305,906.1337971175681,1.0882894071440001,4.490012000153198,331.284905778533
86.33000000000726,0.01,125.0,1.31229829788208,23.071611438397962,906.364381940515,1.0867650683277639,4.500894894224643,331.3298058985346
86.34000000000727,0.01,125.0,1.3116703033447266,23.08473442137679,906.5950980548992,1.0852299048830851,4.511762544907927,331.37481484747684
86.35000000000727,0.01,125.0,1.3110342025756836,23.097851124410244,906.825945399113,1.0836839319614076,4.522614843956763,331.41993247292595
86.36000000000728,0.01,125.0,1.310387134552002,23.11096146643601,907.0569239103572,1.0821271648208595,4.5334516832763825,331.46515862136556
86.37000000000728,0.01,125.0,1.3097286224365234,23.124065337781538,907.2880335250217,1.080559618826104,4.544272954924597,331.51049313819834
86.38000000000729,0.01,125.0,1.3090629577636719,23.13716262400591,907.5192741783995,1.0789813094481877,4.555078551112863,331.5559358677476
86.39000000000729,0.01,125.0,1.3083853721618652,23.150253253583553,907.7506458046397,1.0773922522643864,4.5658683642073505,331.60148665325875
86.4000000000073,0.01,125.0,1.3076987266540527,23.16333710730518,907.9821483371757,1.0757924629580535,4.57664228673,331.64714533690085
86.4100000000073,0.01,125.0,1.3070011138916016,23.176414094571726,908.2137817082488,1.0741819573184632,4.587400211359586,331.69291175976815
86.4200000000073,0.01,125.0,1.3062925338745117,23.189484105710648,908.4455458491947,1.072560751240656,4.5981420309327765,331.7387857618818
86.43000000000731,0.01,125.0,1.3055763244628906,23.2025470310494,908.6774406902518,1.0709288607252818,4.608867638445188,331.78476718219116
86.44000000000732,0.01,125.0,1.3048477172851562,23.215602794294036,908.9094661605625,1.0692863018784409,4.619576927052447,331.83085585857566
86.45000000000732,0.01,125.0,1.304110050201416,23.228651271466894,909.1416221885055,1.0676330909115257,4.630269790071236,331.8770516278462
86.46000000000733,0.01,125.0,1.3033628463745117,23.241692371968917,909.3739087012203,1.0659692441410615,4.640946120980357,331.9233543257469
86.47000000000733,0.01,125.0,1.302605152130127,23.25472600043267,909.6063256249402,1.0642947779885437,4.651605813421773,331.9697637869567
86.48000000000734,0.01,125.0,1.30183744430542,23.267752051953977,909.8388728849446,1.0626097089802775,4.662248761201663,332.01627984509093
86.49000000000734,0.01,125.0,1.3010592460632324,23.280770426397037,910.0715504054643,1.060914053747214,4.672874858291472,332.06290233270295
86.50000000000735,0.01,125.0,1.3002715110778809,23.293781018857675,910.3043581097285,1.0592078290247853,4.683483998828949,332.1096310812859
86.51000000000735,0.01,125.0,1.299473762512207,23.306783733968462,910.5372959199171,1.057491051652741,4.6940760771192025,332.1564659212742
86.52000000000736,0.01,125.0,1.2986669540405273,23.31977847159359,910.770363757257,1.0557637385749803,4.704650987635735,332.20340668204545
86.53000000000736,0.01,125.0,1.297849178314209,23.332765141134,911.003561541973,1.0540259068393858,4.71520862502149,332.25045319192185
86.54000000000737,0.01,125.0,1.2970213890075684,23.34574363291715,911.2368891933845,1.0522775735976557,4.72574888408989,332.2976052781721
86.55000000000737,0.01,125.0,1.2961845397949219,23.35871384680723,911.4703466297138,1.050518756105133,4.736271659825872,332.344862767013
86.56000000000738,0.01,125.0,1.2953367233276367,23.371675692205187,911.7039337681821,1.0487494717206363,4.746776847386928,332.3922254836113
86.57000000000738,0.01,125.0,1.294478416442871,23.38462905943847,911.9376505251042,1.0469697379062881,4.75726434210414,332.4396932520852
86.58000000000739,0.01,125.0,1.293612003326416,23.397573843602906,912.1714968156988,1.0451795722273427,4.767734039483208,332.48726589550625
86.5900000000074,0.01,125.0,1.2927350997924805,23.410509963636176,912.4054725541349,1.0433789923520125,4.778185835205487,332.5349432359011
86.6000000000074,0.01,125.0,1.2918472290039062,23.423437314634107,912.6395776537714,1.0415680160512923,4.788619625129012,332.5827250942532
86.6100000000074,0.01,125.0,1.2909507751464844,23.436355786924153,912.8738120269179,1.0397466611987907,4.7990353052895305,332.63061129050453
86.62000000000741,0.01,125.0,1.2900428771972656,23.449265294675623,913.1081755847873,1.037914945770543,4.809432771901523,332.67860164355744
86.63000000000741,0.01,125.0,1.2891268730163574,23.4621657234476,913.3426682377342,1.0360728878448409,4.819811921359234,332.72669597127646
86.64000000000742,0.01,125.0,1.2881989479064941,23.47505699217777,913.5772898949688,1.0342205056020524,4.830172650237688,332.7748940904901
86.65000000000742,0.01,125.0,1.2872629165649414,23.487938981656843,913.8120404648906,1.0323578173244425,4.840514855293714,332.8231958169925
86.66000000000743,0.01,125.0,1.2863149642944336,23.5008116108225,914.0469198547073,1.0304848413959924,4.850838433466963,332.87160096554544
86.67000000000743,0.01,125.0,1.2853598594665527,23.51367476046545,914.2819279708157,1.0286015963022186,4.861143281880929,332.92010934988014
86.68000000000744,0.01,125.0,1.284393310546875,23.52652835906012,914.5170647184204,1.0267081006299896,4.871429297843956,332.968720782699
86.69000000000744,0.01,125.0,1.2834177017211914,23.539372292165595,914.7523300020111,1.0248043730673435,4.881696378850261,333.01743507567744
86.70000000000745,0.01,125.0,1.2824316024780273,23.552206469182813,914.987723724933,1.0228904324033026,4.89194442258094,333.06625203946595
86.71000000000745,0.01,125.0,1.2814359664916992,23.5650307852076,915.2232457896249,1.0209662975276885,4.902173326904978,333.11517148369177
86.72000000000746,0.01,125.0,1.2804303169250488,23.577845144872523,915.4588960974771,1.0190319874309357,4.9123829898802605,333.1641932169608
86.73000000000746,0.01,125.0,1.2794146537780762,23.59064944804178,915.694674548926,1.017087521203904,4.922573309754575,333.21331704685963
86.74000000000747,0.01,125.0,1.2783904075622559,23.603443594579566,915.9305810434065,1.01513291803769,4.932744184966619,333.2625427799572
86.75000000000747,0.01,125.0,1.2773547172546387,23.616227498655196,916.1666154793525,1.013168197223438,4.9428955141470015,333.3118702218069
86.76000000000748,0.01,125.0,1.2763099670410156,23.62900104582775,916.4027777543391,1.0111933781521492,4.953027196119241,333.36129917694836
86.77000000000749,0.01,125.0,1.2752556800842285,23.641764145498165,916.6390677647976,1.00920848031449,4.963139129900768,333.41082944890957
86.78000000000749,0.01,125.0,1.2741913795471191,23.654516702299013,916.8754854062527,1.0072135233006017,4.973231214703919,333.4604608402086
86.7900000000075,0.01,125.0,1.2731175422668457,23.66725861609449,917.1120305732758,1.0052085267999038,4.98330334993693,333.51019315235567
86.8000000000075,0.01,125.0,1.2720341682434082,23.679989791517166,917.3487031594368,1.003193510600903,4.9933554352049345,333.56002618585507
86.8100000000075,0.01,125.0,1.2709412574768066,23.692710133199608,917.5855030573521,1.0011684945909949,5.003387370310949,333.60995974020716
86.82000000000751,0.01,125.0,1.2698373794555664,23.705419545774383,917.8224301586841,0.9991334987562706,5.013399055256864,333.6599936139103
86.83000000000752,0.01,125.0,1.268725872039795,23.718117919568947,918.059484354142,0.9970885431813172,5.0233903902444315,333.71012760446285
86.84000000000752,0.01,125.0,1.267601490020752,23.73080517828935,918.2966655333378,0.9950336480490207,5.03336127567625,333.76036150836535
86.85000000000753,0.01,125.0,1.266472339630127,23.743481193189567,918.5339735851207,0.9929688336403664,5.043311612156745,333.81069512112214
86.86000000000753,0.01,125.0,1.2653298377990723,23.756145916585876,918.7714083970527,0.9908941203342392,5.053241300493154,333.86112823724375
86.87000000000754,0.01,125.0,1.2641777992248535,23.768799214963874,919.0089698562186,0.9888095286072214,5.063150241696501,333.9116606502487
86.88000000000754,0.01,125.0,1.2630162239074707,23.781440992956128,919.2466578483684,0.9867150790333918,5.073038336982578,333.96229215266567
86.89000000000755,0.01,125.0,1.2618460655212402,23.79407115519521,919.4844722582981,0.9846107922841225,5.082905487772917,334.0130225360355
86.90000000000755,0.01,125.0,1.2606658935546875,23.806689615850427,919.7224129698501,0.9824966891278739,5.092751595695764,334.06385159091326
86.91000000000756,0.01,125.0,1.259474754333496,23.81929627478598,919.9604798660088,0.9803727904299908,5.102576562587047,334.11477910687023
86.92000000000756,0.01,125.0,1.2582764625549316,23.831891022329323,920.1986728287568,0.9782391171524958,5.112380290491352,334.16580487249615
86.93000000000757,0.01,125.0,1.2570676803588867,23.84447378695488,920.4369917389802,0.9760956903538828,5.122162681662882,334.2169286754011
86.94000000000757,0.01,125.0,1.2558488845825195,23.857044463758474,920.6754364768499,0.9739425311889087,5.131923638566426,334.26815030221775
86.95000000000758,0.01,125.0,1.2546210289001465,23.869602952604303,920.9140069214876,0.9717796609083857,5.14166306387832,334.3194695386034
86.96000000000758,0.01,125.0,1.253382682800293,23.88214916289331,921.1527029510138,0.9696071008589698,5.151380860487409,334.3708861692422
86.97000000000759,0.01,125.0,1.2521347999572754,23.894682989721318,921.3915244426429,0.967424872482952,5.161076931496003,334.42239997784714
86.98000000000759,0.01,125.0,1.2508788108825684,23.9072043377209,921.6304712725403,0.9652329973180451,5.170751180220838,334.47401074716214
86.9900000000076,0.01,125.0,1.2496123313903809,23.91971312582973,921.8695433159176,0.963031496997172,5.180403510194024,334.5257182589644
87.0000000000076,0.01,125.0,1.248335838317871,23.93220924914364,922.1087404471759,0.9608203932482524,5.190033825164001,334.57752229406634
87.01000000000761,0.01,125.0,1.2470507621765137,23.944692607526825,922.3480625396675,0.9585997078939874,5.199642029096489,334.629422632318
87.02000000000761,0.01,125.0,1.2457571029663086,23.957163115148596,922.5875094657429,0.956369462851645,5.209228026175434,334.681419052609
87.03000000000762,0.01,125.0,1.244452953338623,23.969620686178267,922.8270810968945,0.9541296801328435,5.218791720803955,334.73351133287076
87.04000000000762,0.01,125.0,1.2431397438049316,23.98206521571166,923.0667773037565,0.9518803818433338,5.228333017605288,334.78569925007884
87.05000000000763,0.01,125.0,1.2418155670166016,23.994496613149717,923.3065979559137,0.9496215901827822,5.237851821423726,334.8379825802549
87.06000000000763,0.01,125.0,1.240483283996582,24.00691476881989,923.5465429220453,0.9473533274445504,5.247348037325559,334.89036109846916
87.07000000000764,0.01,125.0,1.2391409873962402,24.019319601659863,923.7866120697337,0.945075616015476,5.256821570600009,334.94283457884245
87.08000000000764,0.01,125.0,1.237790584564209,24.031711011533833,924.0268052657505,0.9427884783756508,5.266272326760169,334.99540279454845
87.09000000000765,0.01,125.0,1.236429214477539,24.044088917379483,924.2671223758659,0.9404919370982007,5.27570021154393,335.0480655178161
87.10000000000765,0.01,125.0,1.2350592613220215,24.056453209524264,924.5075632650398,0.9381860148490603,5.285105130914917,335.10082251993157
87.11000000000766,0.01,125.0,1.233680248260498,24.06880380213749,924.7481277971352,0.9358707343867516,5.294486991063412,335.15367357124074
87.12000000000766,0.01,125.0,1.2322916984558105,24.081140604620103,924.9888158351567,0.933546118562158,5.303845698407284,335.2066184411514
87.13000000000767,0.01,125.0,1.2308931350708008,24.09346352160467,925.229627241203,0.931212190318299,5.313181159592911,335.2596568981355
87.14000000000767,0.01,125.0,1.2294845581054688,24.10577245295538,925.4705618764192,0.9288689726901045,5.322493281496098,335.3127887097315
87.15000000000768,0.01,125.0,1.2280683517456055,24.11806729853644,925.7116196009489,0.9265164888041861,5.331781971223004,335.3660136425465
87.16000000000768,0.01,125.0,1.2266435623168945,24.130347982053905,925.9528002739344,0.9241547618786102,5.34104713611105,335.41933146225875
87.17000000000769,0.01,125.0,1.2252087593078613,24.14261441767708,926.194103753755,0.9217838152226681,5.350288683729841,335.4727419336199
87.1800000000077,0.01,125.0,1.2237634658813477,24.154866505270164,926.4355298979319,0.9194036722366461,5.359506521882072,335.52624482045724
87.1900000000077,0.01,125.0,1.2223091125488281,24.167104139928984,926.6770785629848,0.9170143564115947,5.368700558604443,335.5798398856761
87.2000000000077,0.01,125.0,1.220846176147461,24.17932723105448,926.9187496043842,0.9146158913290962,5.377870702168564,335.6335268912622
87.21000000000771,0.01,125.0,1.219374179840088,24.19153569281596,927.1605428766949,0.9122083006610329,5.387016861081859,335.6873055982839
87.22000000000772,0.01,125.0,1.217893123626709,24.203729434614367,927.4024582336232,0.9097916081693525,5.396138944088475,335.74117576689474
87.23000000000772,0.01,125.0,1.216402530670166,24.21590836585064,927.6444955279694,0.9073658377058343,5.405236860170173,335.79513715633567
87.24000000000773,0.01,125.0,1.2149033546447754,24.228072391157347,927.886654611628,0.9049310132118535,5.414310518547236,335.8491895249374
87.25000000000773,0.01,125.0,1.2133936882019043,24.2402214247038,928.1289353355397,0.9024871587181451,5.4233598286793585,335.9033326301229
87.26000000000774,0.01,125.0,1.211876392364502,24.252355361585828,928.3713375497869,0.9000342983445659,5.432384700266544,335.95756622840975
87.27000000000774,0.01,125.0,1.2103495597839355,24.26447412550948,928.6138611034029,0.8975724562998579,5.441385043249994,336.01189007541245
87.28000000000775,0.01,125.0,1.208813190460205,24.276577621107325,928.856505844658,0.895101656881408,5.450360767812997,336.066303925845
87.29000000000775,0.01,125.0,1.207268238067627,24.288665753011934,929.0992716208692,0.892621924475009,5.459311784381816,336.12080753352313
87.30000000000776,0.01,125.0,1.2057137489318848,24.300738435392617,929.3421582783994,0.8901332835546186,5.4682380036265705,336.175400651367
87.31000000000776,0.01,125.0,1.2041501998901367,24.312795572881942,929.5851656627535,0.887635758682118,5.4771393364621215,336.2300830314033
87.32000000000777,0.01,125.0,1.2025771141052246,24.32483707488085,929.8282936184825,0.8851293745070695,5.486015694048947,336.28485442476796
87.33000000000777,0.01,125.0,1.2009954452514648,24.33686284602191,930.0715419892314,0.8826141557664728,5.494866987794023,336.33971458170845
87.34000000000778,0.01,125.0,1.1994051933288574,24.348872800474428,930.3149106176917,0.8800901272845217,5.503693129351692,336.3946632515864
87.35000000000778,0.01,125.0,1.1978044509887695,24.360866852407725,930.5583993456966,0.8775573139723583,5.512494030624542,336.44970018287995
87.36000000000779,0.01,125.0,1.1961960792541504,24.37284489691762,930.8020080142207,0.8750157408278272,5.52126960376427,336.5048251231862
87.37000000000779,0.01,125.0,1.1945791244506836,24.384806857710167,931.04573646319,0.8724654329352295,5.530019761172553,336.56003781922385
87.3800000000078,0.01,125.0,1.1929516792297363,24.39675264895468,931.2895845317672,0.8699064154650744,5.53874441550191,336.6153380168356
87.3900000000078,0.01,125.0,1.1913161277770996,24.408682165746985,931.5335520582569,0.8673387136738313,5.547443479656565,336.67072546099064
87.40000000000781,0.01,125.0,1.1896719932556152,24.420595327024763,931.7776388799144,0.8647623529036801,5.556116866793308,336.72619989578726
87.41000000000781,0.01,125.0,1.1880192756652832,24.432492046957325,932.0218448331848,0.8621773585822617,5.564764490322349,336.7817610644552
87.42000000000782,0.01,125.0,1.1863574981689453,24.444372239713985,932.2661697536545,0.8595837562224261,5.573386263908176,336.8374087093585
87.43000000000782,0.01,125.0,1.184685230255127,24.45623581469568,932.5106134760517,0.8569815714219821,5.581982101470405,336.8931425719976
87.44000000000783,0.01,125.0,1.1830058097839355,24.46808266699824,932.7551758341988,0.8543708298634425,5.590551917184629,336.9489623930123
87.45000000000783,0.01,125.0,1.1813182830810547,24.479912725096085,932.9998566608689,0.8517515573137728,5.599095625483268,337.0048679121842
87.46000000000784,0.01,125.0,1.1796212196350098,24.491725907926902,933.24465578812,0.8491237796241357,5.60761314105641,337.060858868439
87.47000000000784,0.01,125.0,1.1779131889343262,24.503522120123257,933.4895730471994,0.8464875227296359,5.616104378852656,337.1169349998496
87.48000000000785,0.01,125.0,1.1761980056762695,24.515301252012605,933.7346082684007,0.8438428126490647,5.624569254079956,337.17309604363817
87.49000000000785,0.01,125.0,1.1744742393493652,24.527063232069374,933.979761280921,0.8411896754846431,5.633007682206451,337.229341736179
87.50000000000786,0.01,125.0,1.1727409362792969,24.538807974462873,934.2250319132419,0.8385281374217636,5.641419578961302,337.2856718130011
87.51000000000786,0.01,125.0,1.1710000038146973,24.55053538382567,934.4704199929866,0.8358582247287324,5.649804860335524,337.3420860087907
87.52000000000787,0.01,125.0,1.1692495346069336,24.562245383863825,934.7159253468251,0.8331799637565097,5.658163442582816,337.3985840573941
87.53000000000787,0.01,125.0,1.1674904823303223,24.5739378792099,934.9615478006639,0.8304933809384505,5.666495242220385,337.45516569181996
87.54000000000788,0.01,125.0,1.165722370147705,24.58561278403321,935.2072871794561,0.8277985027900422,5.674800176029774,337.5118306442422
87.55000000000788,0.01,125.0,1.1639471054077148,24.597270007734693,935.4531433072966,0.8250953559086444,5.683078161057678,337.56857864600255
87.56000000000789,0.01,125.0,1.1621623039245605,24.608909478788775,935.6991160073741,0.8223839669732252,5.691329114616769,337.62540942761314
87.5700000000079,0.01,125.0,1.1603684425354004,24.620531101828025,935.945205102162,0.819664362744099,5.6995529542865055,337.68232271875934
87.5800000000079,0.01,125.0,1.1585655212402344,24.632134786253385,936.1914104131805,0.8169365700626617,5.707749597913951,337.73931824830225
87.5900000000079,0.01,125.0,1.1567554473876953,24.643720441465792,936.4377317610432,0.8142006158511256,5.715918963614582,337.7963957442814
87.60000000000791,0.01,125.0,1.1549363136291504,24.655287995939673,936.684168965458,0.8114565271122544,5.724060969773098,337.8535549339176
87.61000000000791,0.01,125.0,1.1531076431274414,24.66683735907597,936.9307218454175,0.8087043309290959,5.732175535044225,337.9107955436154
87.62000000000792,0.01,125.0,1.1512718200683594,24.67836843550725,937.1773902190083,0.8059440544647155,5.74026257835352,337.96811729896586
87.63000000000793,0.01,125.0,1.1494264602661133,24.689881153707937,937.4241739033636,0.8031757249619274,5.748322018898172,338.0255199247494
87.64000000000793,0.01,125.0,1.1475729942321777,24.701375418310604,937.6710727149008,0.8003993697430262,5.756353776147796,338.0830031449384
87.65000000000794,0.01,125.0,1.1457109451293945,24.71285114825293,937.9180864690841,0.7976150162095171,5.76435776984523,338.1405666826999
87.66000000000794,0.01,125.0,1.1438403129577637,24.72430825770423,938.1652149805667,0.7948226918418455,5.772333920007329,338.19821026039835
87.67000000000795,0.01,125.0,1.1419620513916016,24.735746660833815,938.4124580631438,0.7920224241991254,5.780282146925751,338.25593359959845
87.68000000000795,0.01,125.0,1.1400737762451172,24.747166281347738,938.6598155297523,0.789214240918868,5.788202371167746,338.31373642106774
87.69000000000796,0.01,125.0,1.138178825378418,24.758567019110195,938.907287192566,0.7863981697167086,5.796094513576939,338.3716184447795
87.70000000000796,0.01,125.0,1.1362738609313965,24.769948807363985,939.1548728627572,0.783574238386133,5.80395849527411,338.42957938991526
87.71000000000797,0.01,125.0,1.1343612670898438,24.781311545973306,939.402572350831,0.7807424747982035,5.811794237657976,338.48761897486804
87.72000000000797,0.01,125.0,1.1324410438537598,24.79265515864421,939.6503854662908,0.7779029069012832,5.819601662405962,338.54573691724465
87.73000000000798,0.01,125.0,1.1305112838745117,24.803979569082752,939.8983120178774,0.7750555627207611,5.827380691474978,338.60393293386875
87.74000000000798,0.01,125.0,1.1285738945007324,24.815284681921504,940.1463518135683,0.7722004703587747,5.83513124710219,338.6622067407835
87.75000000000799,0.01,125.0,1.126626968383789,24.826570420866517,940.3945046603877,0.7693376579939329,5.842853251805781,338.7205580532546
87.76000000000799,0.01,125.0,1.1246733665466309,24.83783669055036,940.6427703645966,0.7664671538810383,5.850546628385724,338.77898658577266
87.770000000008,0.01,125.0,1.1227116584777832,24.849083424215834,940.8911487315022,0.7635889863508071,5.858211299924538,338.8374920520565
87.780000000008,0.01,125.0,1.1207404136657715,24.86031054080062,941.1396395657445,0.7607031838095912,5.865847189788051,338.8960741650558
87.790000000008,0.01,125.0,1.1187615394592285,24.87151794493728,941.3882426711526,0.7578097747390965,5.87345422162615,338.9547326369537
87.80000000000801,0.01,125.0,1.1167750358581543,24.88270556033188,941.6369578506021,0.7549087876961026,5.881032319373545,339.01346717917
87.81000000000802,0.01,125.0,1.1147785186767578,24.893873310690466,941.8857849062056,0.7520002513121803,5.88858140725051,339.07227750236376
87.82000000000802,0.01,125.0,1.11277437210083,24.90502109587724,942.1347236393126,0.7490841942934093,5.896101409763635,339.1311633164363
87.83000000000803,0.01,125.0,1.110762596130371,24.916148839598254,942.3837738502715,0.7461606454200954,5.9035922517065735,339.190124330534
87.84000000000803,0.01,125.0,1.1087427139282227,24.927256465559562,942.6329353386676,0.7432296335464856,5.911053858160778,339.24916025305106
87.85000000000804,0.01,125.0,1.1067156791687012,24.93834389269885,942.8822079033233,0.7402911876004838,5.918486154496247,339.3082707916327
87.86000000000804,0.01,125.0,1.1046791076660156,24.949411049490543,943.1315913422504,0.7373453365833652,5.925889066372255,339.36745565317773
87.87000000000805,0.01,125.0,1.102635383605957,24.96045784056721,943.3810854527454,0.73439210956949,5.933262519738093,339.42671454384146
87.88000000000805,0.01,125.0,1.1005830764770508,24.971484194403274,943.6306900311512,0.7314315357060167,5.9406064408337915,339.48604716903884
87.89000000000806,0.01,125.0,1.0985221862792969,24.98249002516805,943.8804048730954,0.7284636442126139,5.947920756190856,339.54545323344723
87.90000000000806,0.01,125.0,1.0964536666870117,24.99347524703085,944.1302297733472,0.7254884643811724,5.955205392632985,339.60493244100917
87.91000000000807,0.01,125.0,1.0943779945373535,25.004439783697727,944.3801645258176,0.7225060255755164,5.962460277276801,339.66448449493555
87.92000000000807,0.01,125.0,1.0922937393188477,25.015383563643105,944.6302089236547,0.7195163572311125,5.969685337532559,339.7241090977083
87.93000000000808,0.01,125.0,1.0902032852172852,25.0263065010363,944.8803627592912,0.7165194888547805,5.9768805011048745,339.78380595108365
87.94000000000808,0.01,125.0,1.0881023406982422,25.037208533888478,945.1306258243017,0.7135154500244011,5.984045695993426,339.8435747560947
87.95000000000809,0.01,125.0,1.0859932899475098,25.048089557295466,945.3809979096407,0.7105042703886215,5.991180850493674,339.9034152130547
87.9600000000081,0.01,125.0,1.0838770866394043,25.058949490194948,945.6314788052138,0.7074859796665761,5.998285893197563,339.9633270215597
87.9700000000081,0.01,125.0,1.0817532539367676,25.069788261061348,945.8820683001159,0.7044606076475721,6.005360752994233,340.0233098804917
87.9800000000081,0.01,125.0,1.0796236991882324,25.08060579360072,946.1327661827266,0.7014281841908101,6.012405359070712,340.0833634880217
87.99000000000811,0.01,125.0,1.0774831771850586,25.091402030592608,946.3835722406628,0.6983887392250853,6.0194196409126235,340.14348754161244
88.00000000000811,0.01,125.0,1.0753350257873535,25.102176862364463,946.6344862609689,0.6953423027484924,6.026403528304878,340.2036817380216
88.01000000000812,0.01,125.0,1.0731801986694336,25.11293021262234,946.8855080295926,0.6922889048281295,6.033356951332367,340.26394577330467
88.02000000000812,0.01,125.0,1.0710172653198242,25.123662014609042,947.136637331719,0.6892285755998016,6.040279840380652,340.32427934281804
88.03000000000813,0.01,125.0,1.0688467025756836,25.134372187262247,947.3878739518652,0.6861613452677223,6.047172126136654,340.3846821412219
88.04000000000813,0.01,125.0,1.06666898727417,25.14506065428801,947.639217673738,0.6830872441042172,6.054033739589334,340.4451538624833
88.05000000000814,0.01,125.0,1.0644826889038086,25.155727344160756,947.890668280281,0.6800063024494232,6.06086461203038,340.50569419987926
88.06000000000815,0.01,125.0,1.0622892379760742,25.166372171049797,948.1422255537228,0.6769185507109909,6.0676646750548775,340.5663028459996
88.07000000000815,0.01,125.0,1.060089111328125,25.176995063429562,948.3938892754335,0.6738240193637833,6.0744338605619905,340.6269794927502
88.08000000000816,0.01,125.0,1.0578794479370117,25.18759595454285,948.6456592260679,0.6707227389495755,6.081172100755632,340.68772383135587
88.09000000000816,0.01,125.0,1.0556626319885254,25.198174749022225,948.8975351856135,0.6676147400767531,6.087879328145131,340.7485355523635
88.10000000000817,0.01,125.0,1.0534377098083496,25.208731375342115,949.1495169331039,0.6645000534200103,6.094555475545902,340.80941434564494
88.11000000000817,0.01,125.0,1.0512070655822754,25.219265752440204,949.4016042468575,0.661378709720047,6.1012004760801055,340.87035990040044
88.12000000000818,0.01,125.0,1.0489673614501953,25.229777823096033,949.653796904382,0.6582507397832653,6.10781426317731,340.93137190516126
88.13000000000818,0.01,125.0,1.0467205047607422,25.24026749671054,949.9060946826131,0.6551161744814656,6.114396770575145,340.99245004779306
88.14000000000819,0.01,125.0,1.044466495513916,25.25073470175815,950.1584973575804,0.6519750447515421,6.120947932319964,341.05359401549885
88.15000000000819,0.01,125.0,1.0422039031982422,25.261179366713296,950.4110047045981,0.6488273815951769,6.127467682767483,341.11480349482207
88.1600000000082,0.01,125.0,1.0399360656738281,25.271601405745283,950.6636164982654,0.6456732160785349,6.133955956583438,341.17607817164975
88.1700000000082,0.01,125.0,1.03765869140625,25.282000766402028,950.9163325123229,0.642512579331956,6.1404126887442265,341.2374177312156
88.1800000000082,0.01,125.0,1.035374641418457,25.292377353316095,951.169152519987,0.6393455025496493,6.146837814537549,341.29882185810305
88.19000000000821,0.01,125.0,1.0330824851989746,25.302731099730284,951.4220762935204,0.6361720169893835,6.153231269563049,341.3602902362485
88.20000000000822,0.01,125.0,1.0307836532592773,25.31306192458228,951.6751036045179,0.6329921539721804,6.159592989732946,341.42182254894414
88.21000000000822,0.01,125.0,1.028477668762207,25.323369761114876,951.9282342237639,0.6298059448820041,6.165922911272672,341.4834184788415
88.22000000000823,0.01,125.0,1.0261645317077637,25.333654537802502,952.1814679213751,0.6266134211654517,6.172220970721495,341.54507770795425
88.23000000000823,0.01,125.0,1.023843765258789,25.343916183119585,952.4348044667532,0.6234146143314439,6.1784871049331525,341.6067999176615
88.24000000000824,0.01,125.0,1.0215158462524414,25.354154620772178,952.6882436285846,0.6202095559509123,6.18472125107647,341.66858478871086
88.25000000000824,0.01,125.0,1.0191798210144043,25.364369779234707,952.9417851747925,0.6169982776564893,6.190923346635983,341.73043200122163
88.26000000000825,0.01,125.0,1.0168371200561523,25.374561577444855,953.1954288725849,0.6137808111421954,6.197093329412551,341.792341234688
88.27000000000825,0.01,125.0,1.0144872665405273,25.384729948645422,953.4491744883595,0.610557188163126,6.203231137523976,341.8543121679822
88.28000000000826,0.01,125.0,1.0121307373046875,25.394874821310832,953.7030217878461,0.6073274405351383,6.20933670940561,341.91634447935746
88.29000000000826,0.01,125.0,1.0097665786743164,25.404996128683884,953.9569705360593,0.6040916001345379,6.215409983810964,341.9784378464515
88.30000000000827,0.01,125.0,1.007394790649414,25.415093794470632,954.2110204973463,0.6008496988977629,6.221450899812313,342.0405919462897
88.31000000000827,0.01,125.0,1.0050158500671387,25.42516774237713,954.4651714352912,0.5976017688210699,6.227459396801294,342.10280645528786
88.32000000000828,0.01,125.0,1.002631664276123,25.435217900877806,954.719423112715,0.5943478419602172,6.233435414489508,342.1650810492559
88.33000000000828,0.01,125.0,1.0002379417419434,25.44524421752057,954.973775291724,0.5910879504301494,6.239378892909113,342.2274154034008
88.34000000000829,0.01,125.0,0.9978389739990234,25.455246596937997,955.2282277338993,0.5878221264046801,6.245289772413417,342.2898091923299
88.3500000000083,0.01,125.0,0.9954319000244141,25.465224986677992,955.4827801998688,0.5845504021161736,6.251167993677467,342.35226209005407
88.3600000000083,0.01,125.0,0.993018627166748,25.475179305678243,955.7374324497357,0.5812728098552279,6.257013497698632,342.41477376999086
88.3700000000083,0.01,125.0,0.9905967712402344,25.485109491949917,955.9921842427926,0.5779893819703554,6.262826225797188,342.4773439049679
88.38000000000831,0.01,125.0,0.9881706237792969,25.495015459662323,956.2470353377123,0.5747001508676639,6.268606119616894,342.53997216722587
88.39000000000831,0.01,125.0,0.9857358932495117,25.504897165900122,956.501985492309,0.5714051490105362,6.274353121125574,342.60265822842206
88.40000000000832,0.01,125.0,0.9832935333251953,25.51475452483262,956.7570344639681,0.5681044089193106,6.2800671726156825,342.66540175963337
88.41000000000832,0.01,125.0,0.9808454513549805,25.52458746016588,957.0121820092165,0.5647979631709591,6.285748216704879,342.72820243135953
88.42000000000833,0.01,125.0,0.9783906936645508,25.534395914679433,957.2674278838183,0.5614858443987664,6.291396196336591,342.7910599135266
88.43000000000833,0.01,125.0,0.9759283065795898,25.544179821616083,957.5227718429652,0.5581680852920077,6.297011054780581,342.85397387549
88.44000000000834,0.01,125.0,0.9734597206115723,25.553939104681884,957.7782136411815,0.5548447185956258,6.302592735633504,342.91694398603784
88.45000000000834,0.01,125.0,0.9709844589233398,25.563673701888003,958.0337530322284,0.5515157771099085,6.308141182819464,342.9799699133942
88.46000000000835,0.01,125.0,0.9685025215148926,25.573383546477242,958.2893897692475,0.5481812936901642,6.3136563405905655,343.04305132522245
88.47000000000835,0.01,125.0,0.9660129547119141,25.583068571692397,958.5451236047123,0.5448413012463981,6.3191381535274695,343.10618788862837
88.48000000000836,0.01,125.0,0.9635171890258789,25.592728701239523,958.8009542904293,0.5414958327429871,6.324586566539936,343.1693792701637
88.49000000000837,0.01,125.0,0.9610137939453125,25.602363873129786,959.0568815774419,0.5381449211983549,6.3300015248673684,343.2326251358291
88.50000000000837,0.01,125.0,0.9585061073303223,25.611974011069243,959.3129052161734,0.5347885996846454,6.335382974079355,343.2959251510778
88.51000000000838,0.01,125.0,0.955988883972168,25.621559072142553,959.5690249562842,0.5314269013273971,6.340730860076204,343.35927898081866
88.52000000000838,0.01,125.0,0.9534668922424316,25.631118960982278,959.8252405470058,0.5280598593052156,6.346045129089481,343.42268628941946
88.53000000000839,0.01,125.0,0.9509387016296387,25.64065362990471,960.0815517366158,0.5246875068494463,6.351325727682536,343.4861467407104
88.54000000000839,0.01,125.0,0.9484028816223145,25.65016301692101,960.337958272915,0.5213098772438465,6.356572602751033,343.54965999798725
88.5500000000084,0.01,125.0,0.9458603858947754,25.659647045737238,960.5944599030844,0.5179270038242567,6.361785701523474,343.6132257240148
88.5600000000084,0.01,125.0,0.9433116912841797,25.66910564959619,960.8510563735418,0.514538919978272,6.366964971561719,343.6768435810301
88.5700000000084,0.01,125.0,0.9407567977905273,25.678538766509035,961.1077474300379,0.511145659144912,6.372110360761504,343.74051323074576
88.58000000000841,0.01,125.0,0.938194751739502,25.687946334486945,961.3645328177031,0.5077472548142912,6.3772218173529565,343.8042343343534
88.59000000000842,0.01,125.0,0.9356269836425781,25.697328282004346,961.621412281048,0.5043437405272885,6.382299289901102,343.86800655252694
88.60000000000842,0.01,125.0,0.9330534934997559,25.706684551840777,961.8783855638682,0.5009351498752157,6.387342727306377,343.93182954542596
88.61000000000843,0.01,125.0,0.9304714202880859,25.71601508677578,962.1354524093867,0.4975215164994864,6.392352078805132,343.99570297269906
88.62000000000843,0.01,125.0,0.927884578704834,25.725319800978667,962.3926125602546,0.49410287409128406,6.39732729397013,344.05962649348714
88.63000000000844,0.01,125.0,0.9252920150756836,25.734598646765722,962.6498657582646,0.490679256391229,6.402268322711045,344.1235997664269
88.64000000000844,0.01,125.0,0.9226922988891602,25.743851566916483,962.9072117447324,0.4872506971890458,6.40717511527496,344.18762244965404
88.65000000000845,0.01,125.0,0.9200854301452637,25.75307848990538,963.1646502604017,0.4838172303232295,6.4120476222468525,344.2516942008068
88.66000000000845,0.01,125.0,0.9174737930297852,25.76227934420684,963.4221810453008,0.48037888968071196,6.416885794550088,344.3158146770293
88.67000000000846,0.01,125.0,0.9148545265197754,25.77145408213714,963.679803838743,0.4769357091965273,6.421689583446898,344.3799835349749
88.68000000000846,0.01,125.0,0.9122295379638672,25.78060262740234,963.9375183795646,0.47348772285347673,6.426458940538866,344.44420043080936
88.69000000000847,0.01,125.0,0.9095983505249023,25.789724922781986,964.1953244058387,0.47003496468179345,6.431193817767403,344.50846502021477
88.70000000000847,0.01,125.0,0.9069619178771973,25.79882090628724,964.4532216550667,0.4665774687588068,6.435894167414223,344.57277695839247
88.71000000000848,0.01,125.0,0.9043188095092773,25.807890525466018,964.7112098641297,0.4631152692086055,6.440559942101814,344.63713590006665
88.72000000000848,0.01,125.0,0.9016695022583008,25.816933713561117,964.9692887693845,0.4596484002017015,6.445191094793902,344.7015414994877
88.73000000000849,0.01,125.0,0.899012565612793,25.825950408583704,965.2274581065203,0.45617689595469224,6.449787578795921,344.76599341043567
88.7400000000085,0.01,125.0,0.8963518142700195,25.834940534239838,965.4857176106062,0.4527007907299232,6.45434934775547,344.83049128622366
88.7500000000085,0.01,125.0,0.8936853408813477,25.84390405238254,965.7440670159488,0.4492201188351494,6.458876355662772,344.89503477970123
88.7600000000085,0.01,125.0,0.8910102844238281,25.85284090579136,966.0025060564727,0.4457349146231975,6.463368556851126,344.9596235432579
88.77000000000851,0.01,125.0,0.8883309364318848,25.861751008635604,966.2610344655308,0.44224521249162574,6.46782590599736,345.02425722882646
88.78000000000851,0.01,125.0,0.8856453895568848,25.870634317999926,966.5196519756173,0.4387510468823856,6.472248358122279,345.0889354878865
88.79000000000852,0.01,125.0,0.8829545974731445,25.8794907718955,966.7783583187975,0.43525245228148074,6.476635868591105,345.15365797146774
88.80000000000852,0.01,125.0,0.8802576065063477,25.888320317870235,967.0371532265166,0.43174946321862756,6.480988393113922,345.2184243301537
88.81000000000853,0.01,125.0,0.8775529861450195,25.897122893935304,967.2960364296954,0.4282421142669139,6.485305887746111,345.28323421408487
88.82000000000853,0.01,125.0,0.8748445510864258,25.90589842379676,967.5550076586348,0.4247304400424579,6.4895883088887825,345.34808727296235
88.83000000000854,0.01,125.0,0.872128963470459,25.914646869307628,967.814066642873,0.4212144752040665,6.493835613289209,345.41298315605127
88.84000000000854,0.01,125.0,0.869410514831543,25.92336815894234,968.0732131115661,0.41769425445289315,6.498047758041253,345.4779215121842
88.85000000000855,0.01,125.0,0.8666839599609375,25.932062264090657,968.3324467931557,0.4141698125320955,6.502224700585784,345.54290198976463
88.86000000000855,0.01,125.0,0.8639521598815918,25.94072910369027,968.5917674157967,0.41064118422649243,6.506366398711108,345.60792423677054
88.87000000000856,0.01,125.0,0.8612127304077148,25.94936862528909,968.8511747068337,0.4071084043622208,6.510472810553375,345.6729879007577
88.88000000000856,0.01,125.0,0.8584690093994141,25.957980752593173,969.1106683930867,0.40357150780639145,6.514543894596999,345.7380926288632
88.89000000000857,0.01,125.0,0.8557205200195312,25.96656544268717,969.3702482006128,0.4000305294667457,6.518579609675065,345.8032380678092
88.90000000000857,0.01,125.0,0.85296630859375,25.97512264788737,969.6299138550397,0.3964855042913102,6.522579914969734,345.868423863906
88.91000000000858,0.01,125.0,0.8502068519592285,25.983652310973312,969.8896650815187,0.39293646726805204,6.5265447700126495,345.93364966305575
88.92000000000859,0.01,125.0,0.847440242767334,25.99215437949291,970.1495016046285,0.3893834534245341,6.530474134685332,345.9989151107559
88.93000000000859,0.01,125.0,0.8446674346923828,26.000628781920586,970.4094231484236,0.38582649782756845,6.53436796921958,346.0642198521028
88.9400000000086,0.01,125.0,0.841890811920166,26.009075456267514,970.6694294362429,0.3822656355828708,6.538226234197857,346.129563531795
88.9500000000086,0.01,125.0,0.8391098976135254,26.01749436438672,970.9295201908058,0.37870090183471405,6.542048890553688,346.19494579413697
88.9600000000086,0.01,125.0,0.8363204002380371,26.02588546336286,971.1896951344497,0.37513233176558103,6.545835899572037,346.2603662830425
88.97000000000861,0.01,125.0,0.8335285186767578,26.034248667365247,971.4499539890835,0.37155996059581775,6.549587222889694,346.32582464203824
88.98000000000862,0.01,125.0,0.8307290077209473,26.042583952552018,971.7102964757573,0.3679838235832853,6.553302822495654,346.3913205142672
88.99000000000862,0.01,125.0,0.8279247283935547,26.05089124262923,971.970722315283,0.3644039560230124,6.556982660731489,346.4568535424922
89.00000000000863,0.01,125.0,0.8251137733459473,26.05917048991317,972.2312312277094,0.3608203932468465,6.560626700291721,346.52242336909956
89.01000000000863,0.01,125.0,0.8223004341125488,26.067421627646635,972.4918229326087,0.3572331706231055,6.564234904224191,346.58802963610253
89.02000000000864,0.01,125.0,0.8194808959960938,26.075644631987764,972.7524971488853,0.35364232355622854,6.567807235930425,346.6536719851448
89.03000000000864,0.01,125.0,0.8166542053222656,26.083839440947727,973.0132535952052,0.3500478874864263,6.571343659165989,346.71935005750413
89.04000000000865,0.01,125.0,0.8138241767883301,26.092005983000956,973.2740919896148,0.34644989788933184,6.574844138040855,346.7850634940958
89.05000000000865,0.01,125.0,0.8109879493713379,26.100144224768844,973.535012049445,0.3428483902756499,6.57830863701975,346.85081193547626
89.06000000000866,0.01,125.0,0.8081464767456055,26.10825410426256,973.7960134916927,0.3392434001908065,6.581737120922508,346.9165950218465
89.07000000000866,0.01,125.0,0.8053016662597656,26.11633556903002,974.0570960327356,0.33563496321459857,6.585129554924418,346.98241239305577
89.08000000000867,0.01,125.0,0.8024511337280273,26.12438858569262,974.318259388426,0.33202311496084214,6.588485904556565,347.04826368860506
89.09000000000867,0.01,125.0,0.7995939254760742,26.132413097029907,974.5795032742831,0.32840789107702134,6.591806135706175,347.11414854765064
89.10000000000868,0.01,125.0,0.7967300415039062,26.140409036284673,974.8408274052535,0.3247893272439365,6.595090214616947,347.1800666090077
89.11000000000868,0.01,125.0,0.7938642501831055,26.148376336699716,975.1022314956165,0.3211674591753516,6.598338107889388,347.2460175111539
89.12000000000869,0.01,125.0,0.7909941673278809,26.15631497920155,975.3637152589836,0.3175423226176423,6.601549782481143,347.31200089223285
89.13000000000869,0.01,125.0,0.7881174087524414,26.164224920874833,975.6252784087757,0.313913953349443,6.604725205707322,347.37801639005767
89.1400000000087,0.01,125.0,0.7852344512939453,26.172106094962363,975.8869206579845,0.31028238718129353,6.6078643452408174,347.44406364211477
89.1500000000087,0.01,125.0,0.7823481559753418,26.179958439475307,976.1486417189343,0.30664765995528576,6.610967169112632,347.5101422855672
89.16000000000871,0.01,125.0,0.779456615447998,26.187781921035064,976.4104413033292,0.30300980754471,6.614033645712186,347.57625195725836
89.17000000000871,0.01,125.0,0.7765607833862305,26.19557648718955,976.6723191225396,0.2993688658537011,6.617063743787635,347.64239229371555
89.18000000000872,0.01,125.0,0.7736601829528809,26.203342095023416,976.9342748874117,0.29572487081688337,6.620057432446173,347.70856293115344
89.19000000000872,0.01,125.0,0.7707538604736328,26.211078696852947,977.1963083083621,0.2920778583990168,6.623014681154343,347.77476350547795
89.20000000000873,0.01,125.0,0.7678422927856445,26.21878623545769,977.4584190953308,0.28842786459464165,6.625935459738335,347.8409936522895
89.21000000000873,0.01,125.0,0.764927864074707,26.22646465838555,977.7206069576855,0.2847749254277231,6.628819738384283,347.90725300688695
89.22000000000874,0.01,125.0,0.7620077133178711,26.2341139370263,977.9828716042695,0.28111907695129607,6.631667487638562,347.9735412042708
89.23000000000874,0.01,125.0,0.7590823173522949,26.241734014159483,978.2452127436399,0.27746035524710905,6.634478678408076,348.03985787914723
89.24000000000875,0.01,125.0,0.7561540603637695,26.24932483733301,978.5076300837816,0.2737987964252681,6.6372532819605485,348.10620266593133
89.25000000000875,0.01,125.0,0.7532181739807129,26.256886377936652,978.7701233321551,0.2701344366238807,6.639991269924803,348.17257519875096
89.26000000000876,0.01,125.0,0.7502799034118652,26.264418559676464,979.0326921959346,0.26646731200869866,6.642692614291043,348.23897511145026
89.27000000000876,0.01,125.0,0.7473373413085938,26.271921358710586,979.2953363815315,0.26279745877276145,6.645357287411132,348.3054020375932
89.28000000000877,0.01,125.0,0.7443876266479492,26.279394732123674,979.5580555951187,0.25912491313603897,6.647985261998861,348.3718556104673
89.29000000000877,0.01,125.0,0.7414360046386719,26.286838608390156,979.8208495424401,0.25544971134507394,6.650576511130223,348.43833546308736
89.30000000000878,0.01,125.0,0.7384786605834961,26.294252968436545,980.0837179285242,0.25177188967262015,6.653131008243674,348.5048412281987
89.31000000000878,0.01,125.0,0.7355179786682129,26.301637755042385,980.3466604582087,0.24809148441730106,6.6556487271404015,348.5713725382812
89.32000000000879,0.01,125.0,0.7325515747070312,26.30899293482907,980.6096768357593,0.24440853190322648,6.6581296419845755,348.63792902555264
89.3300000000088,0.01,125.0,0.7295808792114258,26.316318450576144,980.8727667651077,0.24072306847965091,6.660573727303609,348.7045103219725
89.3400000000088,0.01,125.0,0.7266054153442383,26.323614259368263,981.1359299496136,0.23703513052061048,6.662980957988406,348.77111605924557
89.3500000000088,0.01,125.0,0.7236270904541016,26.33088031352171,981.3991660922073,0.23334475442456387,6.665351309293613,348.8377458688255
89.36000000000881,0.01,125.0,0.72064208984375,26.338116584426256,981.6624748953427,0.22965197661403336,6.66768475683786,348.90439938191844
89.37000000000882,0.01,125.0,0.7176551818847656,26.345323005324698,981.9258560611871,0.22595683353524507,6.669981276604002,348.97107622948687
89.38000000000882,0.01,125.0,0.7146635055541992,26.35249955714355,982.1893092912405,0.2222593616577694,6.672240844939355,349.0377760422529
89.39000000000883,0.01,125.0,0.7116684913635254,26.359646192199094,982.452834286812,0.2185595974741611,6.674463438555934,349.10449845070235
89.40000000000883,0.01,125.0,0.7086672782897949,26.366762877112734,982.7164307487342,0.21485757749959897,6.676649034530676,349.17124308508795
89.41000000000884,0.01,125.0,0.7056622505187988,26.373849549895635,982.9800983775054,0.21115333827152555,6.678797610305674,349.2380095754333
89.42000000000884,0.01,125.0,0.7026534080505371,26.380906172400827,983.2438368730045,0.20744691634928664,6.68090914368839,349.3047975515364
89.43000000000885,0.01,125.0,0.699641227722168,26.387932706481337,983.5076459347287,0.20373834831377022,6.682983612851884,349.37160664297335
89.44000000000885,0.01,125.0,0.6966242790222168,26.39492911875856,983.7715252617936,0.20002767076704558,6.685020996335023,349.4384364791019
89.45000000000886,0.01,125.0,0.6936020851135254,26.40189536154879,984.0354745529813,0.19631492033200212,6.687021273042695,349.50528668906526
89.46000000000886,0.01,125.0,0.6905765533447266,26.408831382399928,984.299493506597,0.19260013365198764,6.6889844222460155,349.5721569017957
89.47000000000887,0.01,125.0,0.6875472068786621,26.415737147933378,984.5635818204211,0.18888334739044702,6.690910423582537,349.6390467460182
89.48000000000887,0.01,125.0,0.6845145225524902,26.422612620002166,984.8277391919005,0.18516459823056008,6.692799257056442,349.70595585025404
89.49000000000888,0.01,125.0,0.6814775466918945,26.429457765227696,985.0919653181006,0.1814439228748798,6.694650903038748,349.7728838428246
89.50000000000888,0.01,125.0,0.6784367561340332,26.436272540694617,985.356259895753,0.17772135804496972,6.696465342267498,349.839830351855
89.51000000000889,0.01,125.0,0.6753931045532227,26.44305690825596,985.6206226211601,0.17399694048104192,6.698242555847949,349.90679500527773
89.52000000000889,0.01,125.0,0.6723437309265137,26.4498108393015,985.8850531902428,0.17027070694159416,6.69998252525276,349.97377743083626
89.5300000000089,0.01,125.0,0.6692919731140137,26.456534276610768,986.149551298636,0.16654269420304713,6.701685232322177,350.0407772560888
89.5400000000089,0.01,125.0,0.6662344932556152,26.46322719634191,986.4141166414022,0.16281293905938143,6.703350659264208,350.10779410841207
89.55000000000891,0.01,125.0,0.6631736755371094,26.469889541274473,986.6787489133658,0.15908147832177463,6.7049787886548025,350.17482761500474
89.56000000000891,0.01,125.0,0.6601114273071289,26.476521278029846,986.9434478087786,0.15534834881823778,6.706569603438021,350.2418774028913
89.57000000000892,0.01,125.0,0.65704345703125,26.48312239230292,987.208213021559,0.15161358739325193,6.7081230869262045,350.30894309892574
89.58000000000892,0.01,125.0,0.6539716720581055,26.489692826873238,987.4730442454821,0.14787723090740454,6.709639222800138,350.37602432979503
89.59000000000893,0.01,125.0,0.6508975028991699,26.496232543593823,987.737941173751,0.14413931623702567,6.711117995109213,350.4431207220231
89.60000000000893,0.01,125.0,0.6478190422058105,26.50274151862282,988.002903499187,0.14039988027382413,6.7125593882715835,350.5102319019742
89.61000000000894,0.01,125.0,0.6447362899780273,26.50921970904488,988.2679309143734,0.13665895992452315,6.7139633870743225,350.5773574958569
89.62000000000894,0.01,125.0,0.6416501998901367,26.515667071944666,988.533023111464,0.13291659211049636,6.715329976673568,350.6444971297277
89.63000000000895,0.01,125.0,0.6385617256164551,26.522083573943572,988.7981797821835,0.1291728137674032,6.716659142594674,350.71165042949445
89.64000000000895,0.01,125.0,0.6354684829711914,26.52846919119974,989.0634006179231,0.12542766184482448,6.7179508707323485,350.7788170209204
89.65000000000896,0.01,125.0,0.6323733329772949,26.534823876029456,989.3286853098352,0.12168117330589771,6.719205147350797,350.84599652962777
89.66000000000896,0.01,125.0,0.6292743682861328,26.541147609359232,989.5940335485957,0.11793338512695227,6.720421959083857,350.91318858110134
89.67000000000897,0.01,125.0,0.6261706352233887,26.547440353042095,989.8594450246894,0.1141843342971444,6.7216012929351265,350.9803928006922
89.68000000000897,0.01,125.0,0.6230654716491699,26.553702059394332,990.12491942822,0.11043405781809226,6.7227431362780985,351.0476088136216
89.69000000000898,0.01,125.0,0.6199550628662109,26.55993271411083,990.390456448814,0.10668259270351066,6.72384747685628,351.1148362449844
89.70000000000898,0.01,125.0,0.6168422698974609,26.566132264739494,990.6560557759552,0.10292997597884573,6.724914302783316,351.182074719753
89.71000000000899,0.01,125.0,0.6137266159057617,26.57230068743847,990.9217170986027,0.09917624468090958,6.725943602543105,351.2493238627809
89.720000000009,0.01,125.0,0.6106081008911133,26.578437953597533,991.1874401054772,0.09542143585751466,6.726935364989915,351.31658329880634
89.730000000009,0.01,125.0,0.6074848175048828,26.58454403460645,991.4532244850133,0.09166558656710816,6.72788957934849,351.38385265245626
89.740000000009,0.01,125.0,0.6043591499328613,26.590618882781502,991.7190699253595,0.08790873387840631,6.7288062352141615,351.45113154824975
89.75000000000901,0.01,125.0,0.6012296676635742,26.596662474280834,991.9849761141874,0.08415091487002845,6.729685322552946,351.51841961060194
89.76000000000901,0.01,125.0,0.5980978012084961,26.60267477095747,992.2509427389303,0.08039216663013106,6.7305268317016465,351.5857164638275
89.77000000000902,0.01,125.0,0.5949630737304688,26.608655748969557,992.51696948664,0.07663252625604185,6.731330753367948,351.65302173214457
89.78000000000903,0.01,125.0,0.5918240547180176,26.614605379706866,992.7830560441299,0.07287203085389342,6.732097078630509,351.7203350396783
89.79000000000903,0.01,125.0,0.5886831283569336,26.620523620254048,993.0492020979272,0.06911071753825727,6.732825798939048,351.7876560104646
89.80000000000904,0.01,125.0,0.5855388641357422,26.62641045153762,993.3154073341299,0.06534862343177732,6.733516906114431,351.854984268454
89.81000000000904,0.01,125.0,0.5823917388916016,26.63226584017898,993.5816714386453,0.061585785664803556,6.73417039234875,351.92231943751517
89.82000000000905,0.01,125.0,0.5792422294616699,26.6380897575679,993.8479940970473,0.05782224137502564,6.734786250205398,351.9896611414387
89.83000000000905,0.01,125.0,0.5760865211486816,26.64388217986252,994.1143749946231,0.05405802770710628,6.735364472619149,352.0570090039408
89.84000000000906,0.01,125.0,0.5729312896728516,26.649643045074008,994.3808138164218,0.05029318181231474,6.7359050528962205,352.124362648667
89.85000000000906,0.01,125.0,0.5697722434997559,26.65537235797074,994.6473102468726,0.04652774084816005,6.736407984714344,352.19172169919597
89.86000000000907,0.01,125.0,0.5666108131408691,26.661070080405743,994.9138639704524,0.04276174197802436,6.736873262122826,352.2590857790431
89.87000000000907,0.01,125.0,0.5634469985961914,26.666736188537154,995.1804746712567,0.03899522237079611,6.737300879542606,352.3264545116644
89.88000000000908,0.01,125.0,0.5602788925170898,26.672370658523118,995.4471420331422,0.035228219200503244,6.737690831766314,352.39382752045987
89.89000000000908,0.01,125.0,0.5571098327636719,26.67797344744829,995.7138657397276,0.03146076964594624,6.7380431139583195,352.46120442877753
89.90000000000909,0.01,125.0,0.5539379119873047,26.68354454577593,995.9806454742022,0.02769291089033122,6.738357721654779,352.52858485991715
89.91000000000909,0.01,125.0,0.5507621765136719,26.689083924895808,996.2474809196601,0.023924680120902958,6.738634650763682,352.5959684371337
89.9200000000091,0.01,125.0,0.5475845336914062,26.69459154666095,996.5143717589092,0.020156114528577844,6.738873897564892,352.66335478364135
89.9300000000091,0.01,125.0,0.5444035530090332,26.700067391997866,996.7813176743759,0.01638725130757685,6.739075458710177,352.73074352261705
89.9400000000091,0.01,125.0,0.5412216186523438,26.70551142752796,997.0483183482961,0.012618127655058412,6.739239331223253,352.79813427720416
89.95000000000911,0.01,125.0,0.5380344390869141,26.710923643714484,997.3153734625715,0.00884878077075133,6.739365512499804,352.86552667051643
89.96000000000912,0.01,125.0,0.5348472595214844,26.716303988105356,997.5824826990088,0.0050792478565876,6.739454000307512,352.9329203256415
89.97000000000912,0.01,125.0,0.5316567420959473,26.72165246070057,997.84964573889,0.0013095661163352625,6.739504792786078,353.0003148656446
89.98000000000913,0.01,125.0,0.5284633636474609,26.726969028121534,998.1168622634972,-0.0024602272447687857,6.739517888447241,353.0677099135725
89.99000000000913,0.01,125.0,0.5252676010131836,26.732253661758012,998.3841319537785,-0.006230095020385999,6.739493286174794,353.135105092457
90.00000000000914,0.01,125.0,0.5220708847045898,26.737506337768146,998.6514544903962,-0.010000000003443388,6.7394309852245895,353.2025000253188
90.01000000000914,0.01,125.0,0.5188703536987305,26.742727046615194,998.918829553774,-0.013769904986500745,6.739330985224555,353.26989433517105
90.02000000000915,0.01,125.0,0.5156669616699219,26.747915750152185,999.1862568242403,-0.017539772762117857,6.73919328617469,353.3372876450233
90.03000000000915,0.01,125.0,0.5124626159667969,26.753072419768888,999.4537359817419,-0.021309566123221733,6.739017888447069,353.4046795778851
90.04000000000916,0.01,125.0,0.5092563629150391,26.758197045928558,999.7212667059398,-0.025079247863473833,6.738804792785837,353.4720697567696
90.05000000000916,0.01,125.0,0.5060462951660156,26.76328960955771,999.9888486763992,-0.028848780777637258,6.738554000307202,353.5394578046975
90.06000000000917,0.01,125.0,0.5028362274169922,26.76835007250937,1000.256481572495,-0.03261812766194397,6.738265512499425,353.6068433447006
90.07000000000917,0.01,125.0,0.4996223449707031,26.77337843478354,1000.5241650732202,-0.03638725131446196,6.7379393312228055,353.67422599982564
90.08000000000918,0.01,125.0,0.49640560150146484,26.77837465823325,1000.7918988575682,-0.040156114535462445,6.737575458709661,353.7416053931379
90.09000000000918,0.01,125.0,0.49318885803222656,26.783338714248266,1001.0596826041507,-0.04392468012778698,6.737173897564306,353.80898114772504
90.10000000000919,0.01,125.0,0.48996925354003906,26.78827060282859,1001.3275159912934,-0.0476929108972146,6.736734650763028,353.8763528867007
90.1100000000092,0.01,125.0,0.48674678802490234,26.793170295363993,1001.5953986973218,-0.051460769652828905,6.736257721654055,353.94372023320835
90.1200000000092,0.01,125.0,0.4835233688354492,26.798037763244245,1001.8633304002756,-0.05522821920738514,6.735743113957526,354.0110828104249
90.1300000000092,0.01,125.0,0.4802970886230469,26.802872996932603,1002.1313107779082,-0.05899522237767715,6.735190831765452,354.0784402415645
90.14000000000921,0.01,125.0,0.4770689010620117,26.807675967818835,1002.3993395078777,-0.06276174198490447,6.734600879541675,354.1457921498822
90.15000000000921,0.01,125.0,0.47384071350097656,26.812446656829458,1002.6674162675561,-0.06652774085503918,6.733973262121826,354.2131381586776
90.16000000000922,0.01,125.0,0.4706087112426758,26.81718506396447,1002.9355407341245,-0.07029318181919282,6.733307984713275,354.28047789129886
90.17000000000922,0.01,125.0,0.4673757553100586,26.821891151076898,1003.2037125847643,-0.07405802771398325,6.732605052895083,354.34781097114603
90.18000000000923,0.01,125.0,0.4641389846801758,26.82656490863,1003.4719314962751,-0.0778222413819014,6.731864472617943,354.41513702167504
90.19000000000923,0.01,125.0,0.4609031677246094,26.831206298476804,1003.7401971453615,-0.08158578567167807,6.7310862502041235,354.4824556664012
90.20000000000924,0.01,125.0,0.45766544342041016,26.835815330154052,1004.0085092083465,-0.08534862343865049,6.730270392347406,354.5497665289033
90.21000000000925,0.01,125.0,0.4544239044189453,26.84039198458826,1004.2768673616482,-0.08911071754512907,6.729416906113019,354.61706923282685
90.22000000000925,0.01,125.0,0.45118236541748047,26.844936223632452,1004.5452712814943,-0.09287203086076375,6.728525798937567,354.684363401888
90.23000000000926,0.01,125.0,0.4479379653930664,26.84944804728663,1004.8137206437307,-0.09663252626291063,6.727597078628959,354.7516486598774
90.24000000000926,0.01,125.0,0.44469451904296875,26.85392742694056,1005.0822151242037,-0.10039216663699826,6.726630753366329,354.81892463066373
90.25000000000927,0.01,125.0,0.44144630432128906,26.858374372130992,1005.3507543984732,-0.10415091487689397,6.725626831699959,354.88619093819744
90.26000000000927,0.01,125.0,0.4381980895996094,26.862788835174207,1005.6193381421947,-0.10790873388527013,6.72458532255119,354.95344720651445
90.27000000000928,0.01,125.0,0.4349489212036133,26.867170816070207,1005.8879660305465,-0.11166558657397016,6.723506235212336,355.02069305974
90.28000000000928,0.01,125.0,0.43169689178466797,26.871520305282246,1006.1566377387073,-0.11542143586437478,6.722389579346596,355.08792812209214
90.29000000000929,0.01,125.0,0.42844295501708984,26.875837274200094,1006.4253529417603,-0.11917624468776777,6.721235364987952,355.15515201788565
90.30000000000929,0.01,125.0,0.4251890182495117,26.880121703750266,1006.6941113145024,-0.12292997598570195,6.7200436025410735,355.22236437153555
90.3100000000093,0.01,125.0,0.4219322204589844,26.884373593932764,1006.96291253154,-0.12668259271036478,6.718814302781216,355.289564807561
90.3200000000093,0.01,125.0,0.41867637634277344,26.888592916137355,1007.2317562674795,-0.13043405782494427,6.7175474768541115,355.3567529505889
90.3300000000093,0.01,125.0,0.4154167175292969,26.892779679900784,1007.5006421966409,-0.13418433430399418,6.716243136275861,355.4239284253575
90.34000000000931,0.01,125.0,0.4121580123901367,26.896933847076077,1007.7695699934401,-0.1379333851337998,6.7149012929328205,355.4910908567203
90.35000000000932,0.01,125.0,0.40889739990234375,26.90105542719998,1008.038539331911,-0.1416811733127429,6.713521959081482,355.55823986964964
90.36000000000932,0.01,125.0,0.40563392639160156,26.905144401199006,1008.3075498861831,-0.14542766185166728,6.712105147348353,355.6253750892405
90.37000000000933,0.01,125.0,0.4023714065551758,26.909200740462925,1008.5766013301952,-0.14917281377424352,6.710650870729836,355.692496140714
90.38000000000933,0.01,125.0,0.3991079330444336,26.91322445452848,1008.8456933376,-0.15291659211733413,6.7091591425920925,355.75960264942137
90.39000000000934,0.01,125.0,0.3958425521850586,26.917215533858926,1009.1148255821454,-0.15665895993135834,6.707629976670918,355.8266942408473
90.40000000000934,0.01,125.0,0.3925743103027344,26.921173959380777,1009.3839977374842,-0.16039988028065663,6.7060633870716035,355.89377054061407
90.41000000000935,0.01,125.0,0.38930702209472656,26.925099702483806,1009.6532094770781,-0.16413931624385542,6.704459388268796,355.96083117448484
90.42000000000935,0.01,125.0,0.38603782653808594,26.928992772704756,1009.9224604741031,-0.16787723091423146,6.702817995106356,356.02787576836755
90.43000000000936,0.01,125.0,0.3827676773071289,26.93285315097014,1010.1917504018303,-0.17161358740007596,6.701139222797213,356.09490394831863
90.44000000000936,0.01,125.0,0.3794975280761719,26.936680827743213,1010.4610789333401,-0.1753483488250589,6.699423086923211,356.1619153405466
90.45000000000937,0.01,125.0,0.37622547149658203,26.940475803023975,1010.7304457416177,-0.17908147832859275,6.69766960343496,356.2289095714159
90.46000000000937,0.01,125.0,0.3729534149169922,26.944238057738943,1010.9998504996481,-0.18281293906619644,6.695878788651673,356.29588626745027
90.47000000000938,0.01,125.0,0.3696784973144531,26.947967591888116,1011.2692928802256,-0.18654269420985894,6.69405065926101,356.36284505533683
90.48000000000938,0.01,125.0,0.36640453338623047,26.951664376861263,1011.5387725561446,-0.1902707069484028,6.69218523231891,356.42978556192946
90.49000000000939,0.01,125.0,0.363128662109375,26.955328422195127,1011.8082891999134,-0.1939969404878473,6.690282525249425,356.4967074142527
90.5000000000094,0.01,125.0,0.35985374450683594,26.958959708816224,1012.0778424841354,-0.1977213580517717,6.688342555844546,356.56361023950524
90.5100000000094,0.01,125.0,0.35657596588134766,26.962558246261295,1012.3474320812237,-0.20144392288167837,6.686365342264027,356.63049366506374
90.5200000000094,0.01,125.0,0.3532981872558594,26.96612400592011,1012.6170576636864,-0.2051645982373552,6.6843509030352095,356.6973573184864
90.53000000000941,0.01,125.0,0.3500213623046875,26.96965698779267,1012.8867189037458,-0.20888334739723857,6.682299257052835,356.7642008275168
90.54000000000941,0.01,125.0,0.3467416763305664,26.97315720141572,1013.1564154736238,-0.2126001336587756,6.6802104235788615,356.83102382008735
90.55000000000942,0.01,125.0,0.3434619903564453,26.976624618179027,1013.4261470456381,-0.21631492033878638,6.678084422242272,356.8978259243232
90.56000000000942,0.01,125.0,0.3401823043823242,26.980059238082593,1013.69591329182,-0.2200276707738261,6.675921273038884,356.96460676854565
90.57000000000943,0.01,125.0,0.3369016647338867,26.983461061126416,1013.965713884201,-0.22373834832054687,6.673720996331144,357.03136598127605
90.58000000000943,0.01,125.0,0.3336210250854492,26.986830077773757,1014.2355484948124,-0.2274469163560594,6.671483612847937,357.0981031912394
90.59000000000944,0.01,125.0,0.3303394317626953,26.990166288024614,1014.5054167955902,-0.2311533382782944,6.669209143684375,357.1648180273679
90.60000000000944,0.01,125.0,0.3270578384399414,26.993469682342244,1014.7753184584706,-0.23485757750636377,6.666897610301591,357.2315101188048
90.61000000000945,0.01,125.0,0.3237733840942383,26.996740260726646,1015.0452531552942,-0.23855959748092181,6.664549034526527,357.2981790949079
90.62000000000945,0.01,125.0,0.3204917907714844,26.99997799456759,1015.3152205579016,-0.242259361664526,6.662163438551716,357.3648245852532
90.63000000000946,0.01,125.0,0.31720829010009766,27.003182912475307,1015.5852203378474,-0.24595683354199743,6.65974084493507,357.43144621963876
90.64000000000946,0.01,125.0,0.31392478942871094,27.00635499537631,1015.8552521669724,-0.2496519766207814,6.657281276599648,357.49804362808817
90.65000000000947,0.01,125.0,0.3106403350830078,27.0094942432706,1016.1253157169263,-0.25334475443130755,6.654784756833439,357.5646164408542
90.66000000000948,0.01,125.0,0.3073558807373047,27.01260064662143,1016.3954106593591,-0.25703513052735394,6.652251309289125,357.63116428842255
90.67000000000948,0.01,125.0,0.30407238006591797,27.015674205428805,1016.6655366658255,-0.26072306848638993,6.64968095798385,357.6976868015155
90.68000000000949,0.01,125.0,0.30078792572021484,27.018714929229468,1016.9356934078799,-0.26440853190996094,6.647073727298984,357.76418361109535
90.69000000000949,0.01,125.0,0.2975034713745117,27.021722808486672,1017.2058805571722,-0.26809148442403086,6.644429641979883,357.8306543483684
90.7000000000095,0.01,125.0,0.2942180633544922,27.024697843200418,1017.4760977852573,-0.2717718896793453,6.641748727135641,357.89709864478823
90.7100000000095,0.01,125.0,0.29093170166015625,27.027640023833964,1017.7463447636894,-0.27544971135179014,6.639031008238846,357.9635161320596
90.7200000000095,0.01,125.0,0.2876462936401367,27.030549340850566,1018.0166211639279,-0.27912491314275034,6.636276511125327,358.029906442142
90.73000000000951,0.01,125.0,0.28436279296875,27.03342580378697,1018.2869266573365,-0.28279745877946794,6.633485261993898,358.09626920725333
90.74000000000952,0.01,125.0,0.2810783386230469,27.036269431716658,1018.5572609153745,-0.2864673120154002,6.630657287406102,358.1626040598733
90.75000000000952,0.01,125.0,0.27779102325439453,27.03908021510289,1018.8276236096918,-0.29013443663057725,6.627792614285946,358.2289106327474
90.76000000000953,0.01,125.0,0.2745075225830078,27.041858125335434,1019.098014411843,-0.29379879643195955,6.6248912699196385,358.2951885588903
90.77000000000953,0.01,125.0,0.2712221145629883,27.044603200561266,1019.3684329930965,-0.29746035525379527,6.621953281955317,358.3614374715895
90.78000000000954,0.01,125.0,0.26793861389160156,27.047315421706898,1019.6388790251023,-0.3011190769579771,6.618978678402778,358.42765700440907
90.79000000000954,0.01,125.0,0.2646522521972656,27.049994807845817,1019.9093521793195,-0.3047749254343989,6.615967487633196,358.4938467911931
90.80000000000955,0.01,125.0,0.2613668441772461,27.05264133036779,1020.1798521273981,-0.30842786460131205,6.612919738378851,358.56000646606947
90.81000000000955,0.01,125.0,0.2580842971801758,27.055254998809566,1020.450378540702,-0.3120778584056818,6.609835459732836,358.6261356634533
90.82000000000956,0.01,125.0,0.25479984283447266,27.05783584178137,1020.7209310906902,-0.31572487082354295,6.606714681148778,358.69223401805067
90.83000000000956,0.01,125.0,0.25151634216308594,27.060383840209713,1020.9915094491082,-0.3193688658603551,6.603557432440541,358.7583011648622
90.84000000000957,0.01,125.0,0.24823284149169922,27.062899003631344,1021.2621132875105,-0.3230098075513585,6.600363743781935,358.8243367391866
90.85000000000957,0.01,125.0,0.2449502944946289,27.06538133204626,1021.532742277547,-0.32664765996192846,6.59713364570642,358.89034037662447
90.86000000000958,0.01,125.0,0.2416667938232422,27.06783083499121,1021.8033960908675,-0.3302823871879305,6.593867169106799,358.95631171308156
90.87000000000958,0.01,125.0,0.23838424682617188,27.070247502929444,1022.0740743992176,-0.3339139533560742,6.5905643452349185,359.0222503847727
90.88000000000959,0.01,125.0,0.23510360717773438,27.072631345397706,1022.344776874247,-0.3375423226242676,6.5872252057013565,359.08815602822506
90.8900000000096,0.01,125.0,0.23182106018066406,27.074982381469486,1022.6155031877012,-0.34116745918197094,6.583849782475112,359.1540282802821
90.9000000000096,0.01,125.0,0.22854232788085938,27.077300592071293,1022.886253011516,-0.34478932725054984,6.580438107883291,359.21986677810685
90.9100000000096,0.01,125.0,0.22526168823242188,27.079586015350102,1023.1570260174369,-0.34840789108362863,6.576990214610784,359.2856711591857
90.92000000000961,0.01,125.0,0.22198104858398438,27.08183863223243,1023.4278218775905,-0.35202311496744326,6.573506135699946,359.35144106133185
90.93000000000961,0.01,125.0,0.2187023162841797,27.08405844271827,1023.698640263913,-0.35563496322119353,6.569985904550269,359.4171761226889
90.94000000000962,0.01,125.0,0.215423583984375,27.086245465881113,1023.9694808483404,-0.3592434001973952,6.566429554918056,359.4828759817344
90.95000000000962,0.01,125.0,0.21214580535888672,27.08839970172096,1024.2403433029992,-0.3628483902822322,6.56283712091608,359.5485402772836
90.96000000000963,0.01,125.0,0.20886898040771484,27.09052115977455,1024.5112273000166,-0.3664498978959078,6.559208637013255,359.6141686484928
90.97000000000963,0.01,125.0,0.20559215545654297,27.09260984957863,1024.7821325116145,-0.37004788749299583,6.5555441380342945,359.67976073486295
90.98000000000964,0.01,125.0,0.2023153305053711,27.094665771133197,1025.0530586101104,-0.3736423235627915,6.5518436591593625,359.7453161762433
90.99000000000964,0.01,125.0,0.19904232025146484,27.09668892443825,1025.3240052678218,-0.3772331706296619,6.548107235923733,359.8108346128349
91.00000000000965,0.01,125.0,0.19576740264892578,27.098679347640765,1025.5949721570664,-0.3808203932533962,6.544334904217434,359.8763156851942
91.01000000000965,0.01,125.0,0.19249534606933594,27.100637021667254,1025.865958950543,-0.3844039560295554,6.540526700284898,359.9417590342364
91.02000000000966,0.01,125.0,0.1892232894897461,27.102561975127948,1026.1369653207598,-0.3879838235898216,6.536682660724601,360.00716430123924
91.03000000000966,0.01,125.0,0.18595123291015625,27.104454208022847,1026.4079909405114,-0.39155996060234716,6.532802822488701,360.0725311278465
91.04000000000967,0.01,125.0,0.18268108367919922,27.10631372035195,1026.6790354825916,-0.3951323317721035,6.528887222882676,360.13785915607144
91.05000000000967,0.01,125.0,0.1794109344482422,27.10814053118874,1026.9500986197952,-0.3987009018412295,6.524935899564953,360.2031480283003
91.06000000000968,0.01,125.0,0.17614269256591797,27.109934640533226,1027.2211800251073,-0.4022656355893793,6.520948890546539,360.268397387296
91.07000000000968,0.01,125.0,0.17287635803222656,27.111696067458887,1027.4922793715127,-0.40582649783406977,6.5169262341906435,360.3336068762015
91.08000000000969,0.01,125.0,0.16961002349853516,27.11342483103921,1027.7633963321875,-0.4093834534310283,6.512867969212301,360.39877613854344
91.0900000000097,0.01,125.0,0.16634559631347656,27.1151209312742,1028.034530580498,-0.41293646727453903,6.508774134677989,360.4639048182356
91.1000000000097,0.01,125.0,0.16308021545410156,27.116784387237335,1028.305681789811,-0.4164855042977898,6.504644770005241,360.52899255958243
91.1100000000097,0.01,125.0,0.1598186492919922,27.118415189391875,1028.5768496336834,-0.420030529473218,6.500479914962261,360.5940390072825
91.12000000000971,0.01,125.0,0.1565570831298828,27.120013375884795,1028.8480337855774,-0.4235715078128563,6.496279609667527,360.6590438064322
91.13000000000972,0.01,125.0,0.15329742431640625,27.121578946716095,1029.1192339193365,-0.4271084043686781,6.492043894589396,360.7240066025289
91.14000000000972,0.01,125.0,0.1500377655029297,27.12311192095926,1029.3904497088038,-0.4306411842329423,6.4877728105457075,360.78892704147484
91.15000000000973,0.01,125.0,0.14678192138671875,27.12461229861429,1029.6616808280135,-0.4341698125385377,6.483466398703376,360.85380476958034
91.16000000000973,0.01,125.0,0.143524169921875,27.12608011782816,1029.9329269509997,-0.4376942544593277,6.479124700577988,360.9186394335674
91.17000000000974,0.01,125.0,0.14026927947998047,27.12751535952738,1030.204187752178,-0.44121447521049334,6.474747758033392,360.98343068057324
91.18000000000974,0.01,125.0,0.13701534271240234,27.12891805232218,1030.4754629057736,-0.44473044004887696,6.470335613281285,361.0481781581536
91.19000000000975,0.01,125.0,0.13376426696777344,27.130288205749306,1030.746752086297,-0.44824211427332505,6.4658883088807935,361.1128815142864
91.20000000000975,0.01,125.0,0.13051319122314453,27.131625848418985,1031.0180549683546,-0.4517494632250308,6.461405887738058,361.17754039737525
91.21000000000976,0.01,125.0,0.12726593017578125,27.132930980331217,1031.289371226839,-0.45525245228787586,6.456888393105806,361.24215445625265
91.22000000000976,0.01,125.0,0.12401676177978516,27.134203639632975,1031.5607005366423,-0.45875104688877266,6.452335868582924,361.30672334018374
91.23000000000977,0.01,125.0,0.12077140808105469,27.135443807250773,1031.8320425730387,-0.46224521249800476,6.447748358114034,361.3712466988696
91.24000000000977,0.01,125.0,0.11752700805664062,27.136651521331583,1032.1033970111114,-0.4657349146295683,6.443125905989052,361.43572418245077
91.25000000000978,0.01,125.0,0.11428356170654297,27.13782679141215,1032.3747635263248,-0.469220118841512,6.4384685568427535,361.5001554415107
91.26000000000978,0.01,125.0,0.11104202270507812,27.138969627029216,1032.6461417942392,-0.47270079073627747,6.433776355654336,361.56454012707917
91.27000000000979,0.01,125.0,0.1078042984008789,27.140080047256266,1032.9175314905096,-0.4761768959610381,6.429049347746971,361.62887789063575
91.28000000000979,0.01,125.0,0.10456657409667969,27.141158090240275,1033.1889322909824,-0.479648400208039,6.424287578787358,361.6931683841133
91.2900000000098,0.01,125.0,0.10133075714111328,27.142203755981242,1033.460343871885,-0.4831152692149345,6.4194910947852755,361.7574112599012
91.3000000000098,0.01,125.0,0.09809589385986328,27.143217063552655,1033.731765909445,-0.48657746876512714,6.414659942093124,361.82160617084907
91.31000000000981,0.01,125.0,0.0948638916015625,27.144198022491253,1034.0031980800807,-0.49003496468810526,6.40979416740547,361.88575277027
91.32000000000981,0.01,125.0,0.09163379669189453,27.145146661407267,1034.2746400603057,-0.49348772285977976,6.404893817758587,361.9498507119441
91.33000000000982,0.01,125.0,0.08840465545654297,27.146062999374188,1034.54609152692,-0.4969357092028216,6.399958940529986,362.01389965012174
91.34000000000982,0.01,125.0,0.08517837524414062,27.146947045928755,1034.817552156914,-0.5003788896869974,6.3949895834379555,362.0778992395271
91.35000000000983,0.01,125.0,0.0819540023803711,27.147798829681197,1035.0890216273733,-0.5038172303295061,6.389985794541083,362.1418491353615
91.36000000000983,0.01,125.0,0.07873249053955078,27.148618369705,1035.3604996156703,-0.5072506971953135,6.384947622237785,362.20574899330694
91.37000000000984,0.01,125.0,0.07551097869873047,27.149405694610397,1035.6319857993674,-0.5106792563974878,6.379875115265829,362.26959846952934
91.38000000000984,0.01,125.0,0.07229232788085938,27.150160804397384,1035.9034798563137,-0.5141028740975337,6.3747683227018515,362.33339722068206
91.39000000000985,0.01,125.0,0.0690765380859375,27.15088372767619,1036.1749814643579,-0.517521516505727,6.369627293960874,362.3971449039091
91.40000000000985,0.01,125.0,0.06586170196533203,27.15157449305705,1036.4464903016349,-0.5209351498814471,6.364452078795814,362.46084117684876
91.41000000000986,0.01,125.0,0.06265068054199219,27.152233110076704,1036.7180060465655,-0.5243437405335105,6.359242727296997,362.52448569763675
91.42000000000986,0.01,125.0,0.059439659118652344,27.152859616882125,1036.9895283776664,-0.527747254820504,6.353999289891659,362.58807812490977
91.43000000000987,0.01,125.0,0.056232452392578125,27.15345401347331,1037.2610569738354,-0.5311456591511154,6.348721817343451,362.6516181178087
91.44000000000987,0.01,125.0,0.05302619934082031,27.154016337997238,1037.5325915139701,-0.534538919984466,6.343410360751937,362.7151053359822
91.45000000000988,0.01,125.0,0.049823760986328125,27.154546599990645,1037.8041316773504,-0.5379270038304412,6.33806497155209,362.77853943958974
91.46000000000988,0.01,125.0,0.04662132263183594,27.15504483760051,1038.0756771433505,-0.5413098772500214,6.332685701513783,362.8419200893053
91.47000000000989,0.01,125.0,0.04342365264892578,27.155511050826828,1038.3472275917266,-0.5446875068556116,6.32727260274128,362.90524694632046
91.4800000000099,0.01,125.0,0.04022693634033203,27.15594528735332,1038.618782702235,-0.5480598593113714,6.321825727672721,362.9685196723479
91.4900000000099,0.01,125.0,0.0370330810546875,27.15634755671672,1038.8903421551086,-0.5514269013335431,6.316345129079604,363.0317379296247
91.5000000000099,0.01,125.0,0.03384208679199219,27.156717887527268,1039.1619056306758,-0.5547885996907815,6.3108308600662655,363.09490138091553
91.51000000000991,0.01,125.0,0.030652999877929688,27.157056308395187,1039.4334728095512,-0.5581449212044811,6.305282974069355,363.15800968951623
91.52000000000992,0.01,125.0,0.0274658203125,27.15736283839397,1039.7050433726354,-0.5614958327491035,6.299701524857308,363.221062519257
91.53000000000992,0.01,125.0,0.024283409118652344,27.157637496597093,1039.9766170010193,-0.5648413012525044,6.294086566529813,363.28405953450556
91.54000000000993,0.01,125.0,0.021101951599121094,27.15788033068828,1040.2481933759855,-0.5681812936962606,6.288438153517285,363.3470004001709
91.55000000000993,0.01,125.0,0.017922401428222656,27.15809135020427,1040.5197721792924,-0.5715157771159948,6.2827563405803195,363.40988478170607
91.56000000000994,0.01,125.0,0.014745712280273438,27.15827057421855,1040.7913530927947,-0.5748447186017019,6.277041182809157,363.4727123451119
91.57000000000994,0.01,125.0,0.011572837829589844,27.158418031341355,1041.062935798537,-0.5781680852980736,6.2712927356231365,363.53548275694004
91.58000000000995,0.01,125.0,0.008400917053222656,27.158533759719653,1041.3345199788505,-0.581485844404822,6.265511054770153,363.5981956842963
91.59000000000995,0.01,125.0,0.0052337646484375,27.158617768890185,1041.6061053164478,-0.5847979631770044,6.259696196326102,363.660850794844
91.60000000000996,0.01,125.0,0.0020685195922851562,27.15867010653667,1041.8776914941368,-0.5881044089253454,6.253848216694329,363.7234477568073
91.61000000000996,0.01,125.0,-0.0010957717895507812,27.158690791732592,1042.1492781952022,-0.5914051490165607,6.2479671726050725,363.78598623897426
91.62000000000997,0.01,125.0,-0.004256248474121094,27.1586798340147,1042.4208651031197,-0.5947001508736778,6.242053121114904,363.8484659107003
91.63000000000997,0.01,125.0,-0.007411956787109375,27.158637271529958,1042.69245190146,-0.5979893819763589,6.2361061196061645,363.9108864419115
91.64000000000998,0.01,125.0,-0.01056671142578125,27.15856315196209,1042.9640382741754,-0.6012728098612207,6.230126225786398,363.9732475031076
91.65000000000998,0.01,125.0,-0.0137176513671875,27.15845748484783,1043.235623905695,-0.6045504021221556,6.2241134976877825,364.0355487653655
91.66000000000999,0.01,125.0,-0.01686573028564453,27.158320308334158,1043.5072084805438,-0.6078221264106514,6.2180679936665575,364.0977899003424
91.67000000000999,0.01,125.0,-0.020010948181152344,27.1581516510313,1043.7787916836273,-0.61108795043611,6.211989772402448,364.1599705802791
91.68000000001,0.01,125.0,-0.023153305053710938,27.157951541549487,1044.0503732001378,-0.6143478419661669,6.205878892898084,364.22209047800317
91.69000000001,0.01,125.0,-0.02629375457763672,27.15772000849895,1044.3219527155534,-0.6176017688270086,6.199735414478419,364.28414926693216
91.70000000001001,0.01,125.0,-0.02942943572998047,27.15745707095317,1044.5935299156386,-0.6208496989036907,6.193559396790146,364.34614662107697
91.71000000001001,0.01,125.0,-0.032561302185058594,27.15716277659587,1044.8651044863482,-0.6240916001404546,6.187350899801106,364.4080822150449
91.72000000001002,0.01,125.0,-0.03569316864013672,27.15683716357402,1045.1366761141144,-0.6273274405410441,6.181109983799698,364.4699557240429
91.73000000001002,0.01,125.0,-0.038818359375,27.15648023188762,1045.4082444857502,-0.6305571881690203,6.174836709394285,364.53176682388096
91.74000000001003,0.01,125.0,-0.041942596435546875,27.15609204829387,1045.6798092880692,-0.6337808111480786,6.168531137512591,364.5935151909749
91.75000000001003,0.01,125.0,-0.04506492614746094,27.155672622329515,1045.9513702085524,-0.6369982776623613,6.1621933294011075,364.6552005023501
91.76000000001004,0.01,125.0,-0.048180580139160156,27.15522197306804,1046.2229269347758,-0.640209555956773,6.155823346624481,364.71682243564413
91.77000000001004,0.01,125.0,-0.05129528045654297,27.15474016726665,1046.4944791545067,-0.6434146143372931,6.1494212510649096,364.7783806691104
91.78000000001005,0.01,125.0,-0.054406166076660156,27.154227214462082,1046.7660265561794,-0.6466134211712896,6.142987104921533,364.8398748816211
91.79000000001005,0.01,125.0,-0.05751323699951172,27.153683152801314,1047.0375688283243,-0.6498059448878304,6.136520970709817,364.90130475267034
91.80000000001006,0.01,125.0,-0.06061840057373047,27.15310802043132,1047.3091056598525,-0.6529921539779951,6.1300229112609355,364.96266996237745
91.81000000001006,0.01,125.0,-0.0637197494506836,27.152501836425582,1047.580636740057,-0.6561720169951867,6.123492989721152,365.0239701914901
91.82000000001007,0.01,125.0,-0.0668172836303711,27.151864638931077,1047.8521617584213,-0.6593455025554407,6.116931269551197,365.08520512138733
91.83000000001007,0.01,125.0,-0.06991100311279297,27.151196466094774,1048.1236804048108,-0.6625125793377357,6.110337814525638,365.1463744340829
91.84000000001008,0.01,125.0,-0.07299995422363281,27.150497356063646,1048.395192369472,-0.6656732160843027,6.103712688732258,365.20747781222815
91.85000000001008,0.01,125.0,-0.07608795166015625,27.14976735652141,1048.6666973430326,-0.6688273816009329,6.0970559565714115,365.2685149391155
91.86000000001009,0.01,125.0,-0.07917118072509766,27.149006477004807,1048.938195016598,-0.6719750447572862,6.0903676827553985,365.32948549868127
91.8700000000101,0.01,125.0,-0.08224964141845703,27.148214765197554,1049.2096850813682,-0.6751161744871977,6.083647932307822,365.39038917550886
91.8800000000101,0.01,125.0,-0.0853281021118164,27.14739226878337,1049.4811672290202,-0.6782507397889854,6.076896770562946,365.45122565483194
91.8900000000101,0.01,125.0,-0.08839893341064453,27.146538987762252,1049.7526411517083,-0.6813787097257551,6.070114263165053,365.5119946225376
91.90000000001011,0.01,125.0,-0.09146976470947266,27.145654998428146,1050.024106541586,-0.6845000534257063,6.063300476067791,365.57269576516927
91.91000000001011,0.01,125.0,-0.09453392028808594,27.144740300781052,1050.2955630915703,-0.6876147400824368,6.0564554755335305,365.63332876992996
91.92000000001012,0.01,125.0,-0.09759521484375,27.14379496157817,1050.5670104945782,-0.690722738955247,6.049579328132703,365.69389332468535
91.93000000001012,0.01,125.0,-0.10065364837646484,27.142819009429733,1050.8384484441942,-0.6938240193694424,6.042672100743147,365.7543891179667
91.94000000001013,0.01,125.0,-0.10370635986328125,27.14181247294597,1051.1098766342886,-0.6969185507166378,6.035733860549449,365.81481583897414
91.95000000001014,0.01,125.0,-0.10675621032714844,27.140775409347334,1051.3812947590181,-0.7000063024550577,6.028764675042279,365.87517317757965
91.96000000001014,0.01,125.0,-0.10980224609375,27.13970784724406,1051.6527025131118,-0.703087244109839,6.021764612017725,365.9354608243301
91.97000000001015,0.01,125.0,-0.11284542083740234,27.138609824783124,1051.9240995915843,-0.7061613452733319,6.014733739576623,365.99567847045034
91.98000000001015,0.01,125.0,-0.11588382720947266,27.13748137057475,1052.1954856898324,-0.7092285756053984,6.007672126123886,366.05582580784613
91.99000000001016,0.01,125.0,-0.11891937255859375,27.136322532302657,1052.4668605035383,-0.7122889048337138,6.000579840367828,366.1159025291074
92.00000000001016,0.01,125.0,-0.1219491958618164,27.13513333857707,1052.7382237288614,-0.715342302754064,5.993456951319487,366.17590832751114
92.01000000001017,0.01,125.0,-0.12497711181640625,27.13391384661845,1053.0095750622472,-0.7183887392306475,5.986303528291943,366.2358428970244
92.02000000001017,0.01,125.0,-0.12799835205078125,27.132664075500287,1053.2809142007136,-0.7214281841963596,5.979119640899633,366.2957059323073
92.03000000001018,0.01,125.0,-0.13101673126220703,27.13138409197978,1053.5522408414688,-0.7244606076531087,5.971905359057666,366.35549712871637
92.04000000001018,0.01,125.0,-0.1340322494506836,27.130073924667155,1053.8235546823887,-0.7274859796720997,5.964660752981131,366.41521618230695
92.05000000001019,0.01,125.0,-0.13704204559326172,27.128733602172648,1054.0948554216354,-0.7305042703941322,5.957385893184406,366.4748627898368
92.06000000001019,0.01,125.0,-0.14004802703857422,27.127363181716714,1054.3661427576574,-0.7335154500298953,5.950080850480461,366.53443664876863
92.0700000000102,0.01,125.0,-0.1430511474609375,27.125962701446326,1054.6374163894748,-0.7365194888602615,5.942745695980158,366.59393745727346
92.0800000000102,0.01,125.0,-0.14604854583740234,27.124532189971717,1054.9086760164894,-0.7395163572365805,5.935380501091552,366.6533649142333
92.0900000000102,0.01,125.0,-0.14904308319091797,27.123071704513343,1055.1799213383892,-0.7425060255809713,5.927985337519182,366.71271871924426
92.10000000001021,0.01,125.0,-0.15203189849853516,27.121581273681432,1055.4511520554345,-0.7454884643866141,5.920560277263369,366.7719985726195
92.11000000001022,0.01,125.0,-0.15501689910888672,27.120060954696445,1055.7223678681714,-0.7484636442180422,5.9131053926194985,366.83120417539214
92.12000000001022,0.01,125.0,-0.15799808502197266,27.118510785705354,1055.9935684777186,-0.7514315357114317,5.905620756177314,366.8903352293184
92.13000000001023,0.01,125.0,-0.16097259521484375,27.116930804855134,1056.2647535855758,-0.7543921095748916,5.898106440820197,366.9493914368802
92.14000000001023,0.01,125.0,-0.16394424438476562,27.115321078902983,1056.5359228936245,-0.7573453365887534,5.890562519724444,367.0083725012884
92.15000000001024,0.01,125.0,-0.1669139862060547,27.113681636459134,1056.8070761044137,-0.7602911876058585,5.882989066358553,367.0672781264857
92.16000000001024,0.01,125.0,-0.1698770523071289,27.11201249659707,1057.0782129207785,-0.7632296335518467,5.875386154482491,367.1261080171493
92.17000000001025,0.01,125.0,-0.1728353500366211,27.110313726074,1057.3493330457445,-0.7661606454254429,5.867753858146968,367.18486187869416
92.18000000001025,0.01,125.0,-0.17578887939453125,27.108585372573632,1057.6204361830055,-0.7690841942987432,5.86009225169271,367.24353941727566
92.19000000001026,0.01,125.0,-0.1787405014038086,27.106827483779686,1057.8915220367314,-0.7720002513175003,5.852401409749719,367.30214033979263
92.20000000001026,0.01,125.0,-0.1816844940185547,27.105040078765647,1058.1625903115694,-0.7749087877014089,5.84468140723654,367.3606643538902
92.21000000001027,0.01,125.0,-0.18462562561035156,27.10322323382546,1058.4336407123571,-0.7778097747443892,5.836932319359522,367.41911116796257
92.22000000001027,0.01,125.0,-0.1875619888305664,27.101376977569355,1058.7046729446956,-0.7807031838148698,5.829154221612074,367.4774804911562
92.23000000001028,0.01,125.0,-0.1904926300048828,27.09950135768105,1058.9756867144715,-0.7835889863560719,5.821347189773921,367.5357720333723
92.24000000001028,0.01,125.0,-0.1934194564819336,27.097596431381,1059.2466817280485,-0.7864671538862891,5.813511299910356,367.5939855052701
92.25000000001029,0.01,125.0,-0.19634151458740234,27.095662236816178,1059.5176576923625,-0.7893376579991698,5.805646628371489,367.65212061826924
92.2600000000103,0.01,125.0,-0.19925880432128906,27.0936988216703,1059.7886143147307,-0.7922004703639974,5.797753251791494,367.710177084553
92.2700000000103,0.01,125.0,-0.20217037200927734,27.091706233627086,1060.0595513029475,-0.7950555627259697,5.789831247087849,367.76815461707093
92.2800000000103,0.01,125.0,-0.205078125,27.089684529906993,1060.3304683652839,-0.7979029069064776,5.781880691460586,367.82605292954185
92.29000000001031,0.01,125.0,-0.20798206329345703,27.08763374865699,1060.601365210583,-0.8007424748033836,5.773901662391517,367.88387173645646
92.30000000001031,0.01,125.0,-0.21088027954101562,27.085553928024055,1060.8722415480697,-0.8035742383912988,5.765894237643479,367.9416107530804
92.31000000001032,0.01,125.0,-0.21377277374267578,27.083445125228643,1061.14309708735,-0.8063981697218601,5.757858495259562,367.99926969545686
92.32000000001032,0.01,125.0,-0.2166614532470703,27.081307397491216,1061.4139315386024,-0.8092142409240052,5.749794513562339,368.0568482804095
92.33000000001033,0.01,125.0,-0.2195453643798828,27.079140782958746,1061.6847446125773,-0.8120224242042481,5.741702371153095,368.11434622554515
92.34000000001033,0.01,125.0,-0.22242355346679688,27.076945329314945,1061.955536020407,-0.8148226918469537,5.733582146911048,368.1717632492567
92.35000000001034,0.01,125.0,-0.2252979278564453,27.074721093780276,1062.2263054737002,-0.8176150162146109,5.725433919992574,368.22909907072585
92.36000000001034,0.01,125.0,-0.2281656265258789,27.07246811450171,1062.4970526846382,-0.8203993697481053,5.717257769830424,368.2863534099258
92.37000000001035,0.01,125.0,-0.23102951049804688,27.07018645823645,1062.7677773657833,-0.8231757249669919,5.709053776132939,368.34352598762416
92.38000000001036,0.01,125.0,-0.2338876724243164,27.06787616313147,1063.0384792303657,-0.8259440544697652,5.700822018883265,368.40061652538554
92.39000000001036,0.01,125.0,-0.2367420196533203,27.065537286407224,1063.3091579919972,-0.828704330934131,5.692562578338563,368.4576247455744
92.40000000001037,0.01,125.0,-0.23958969116210938,27.06316986621069,1063.5798133648614,-0.8314565271172746,5.684275535029218,368.5145503713578
92.41000000001037,0.01,125.0,-0.242431640625,27.060773969299067,1063.8504450635237,-0.8342006158561311,5.675960969758041,368.57139312670813
92.42000000001038,0.01,125.0,-0.2452707290649414,27.058349652892815,1064.1210528032168,-0.8369365700676523,5.667618963599475,368.62815273640575
92.43000000001038,0.01,125.0,-0.24810314178466797,27.055896945602164,1064.3916362997459,-0.8396643627490746,5.6592495978987944,368.6848289260418
92.44000000001039,0.01,125.0,-0.2509298324584961,27.053415914184317,1064.6621952692021,-0.8423839669781857,5.6508529542713,368.74142142202084
92.45000000001039,0.01,125.0,-0.2537517547607422,27.05090661585973,1064.9327294283441,-0.8450953559135899,5.642429114601514,368.79792995156356
92.4600000000104,0.01,125.0,-0.25656795501708984,27.048369098312122,1065.2032384945028,-0.8477985027949726,5.633978161042374,368.85435424270963
92.4700000000104,0.01,125.0,-0.2593812942504883,27.04580341876195,1065.473722185486,-0.8504933809433658,5.62550017601442,368.9106940243201
92.4800000000104,0.01,125.0,-0.26218605041503906,27.043209605819442,1065.7441802196738,-0.85317996376141,5.616995242204982,368.9669490260803
92.49000000001041,0.01,125.0,-0.2649869918823242,27.04058774531529,1066.0146123157322,-0.8558582247336173,5.608463442567363,369.02311897850234
92.50000000001042,0.01,125.0,-0.26778316497802734,27.037937875396466,1066.2850181931854,-0.8585281374266333,5.599904860320022,369.07920361292804
92.51000000001042,0.01,125.0,-0.27057361602783203,27.035260043746685,1066.5553975719395,-0.8611896754894975,5.591319578945751,369.13520266153125
92.52000000001043,0.01,125.0,-0.2733583450317383,27.032554307586405,1066.8257501723772,-0.8638428126539038,5.5827076821908515,369.1911158573207
92.53000000001043,0.01,125.0,-0.2761373519897461,27.029820724136087,1067.0960757154533,-0.8664875227344595,5.574069254064308,369.2469429341426
92.54000000001044,0.01,125.0,-0.27890968322753906,27.027059350616188,1067.3663739226947,-0.8691237796289438,5.565404378836959,369.3026836266833
92.55000000001044,0.01,125.0,-0.2816781997680664,27.02427025378391,1067.636644516201,-0.8717515573185655,5.556713141040666,369.3583376704717
92.56000000001045,0.01,125.0,-0.2844409942626953,27.021453471786227,1067.9068872187388,-0.8743708298682196,5.547995625467475,369.41390480188215
92.57000000001045,0.01,125.0,-0.2871971130371094,27.0186090618436,1068.1771017534568,-0.8769815714267434,5.539251917168789,369.46938475813687
92.58000000001046,0.01,125.0,-0.2899484634399414,27.015737090713227,1068.4472878440754,-0.879583756227172,5.530482101454517,369.5247772773086
92.59000000001046,0.01,125.0,-0.292694091796875,27.012837606078826,1068.7174452149827,-0.8821773585869916,5.52168626389224,369.5800820983232
92.60000000001047,0.01,125.0,-0.29543495178222656,27.009910665160856,1068.9875735910437,-0.8847623529083944,5.512864490306366,369.63529896096213
92.61000000001047,0.01,125.0,-0.2981681823730469,27.00695631564303,1069.2576726976954,-0.8873387136785298,5.5040168667772775,369.69042760586524
92.62000000001048,0.01,125.0,-0.30089664459228516,27.003974633819297,1069.527742260852,-0.8899064154697571,5.495143479640488,369.74546777453304
92.63000000001048,0.01,125.0,-0.3036203384399414,27.00096566737337,1069.7977820071903,-0.8924654329398963,5.4862444154857855,369.80041920932945
92.64000000001049,0.01,125.0,-0.3063364028930664,26.99792946398897,1070.0677916638642,-0.895015740832478,5.477319761156382,369.8552816534843
92.6500000000105,0.01,125.0,-0.3090476989746094,26.99486609996004,1070.3377709585043,-0.8975573139769931,5.4683696037480525,369.91005485109594
92.6600000000105,0.01,125.0,-0.3117523193359375,26.99177562297029,1070.607719619504,-0.9000901272891406,5.459394030608278,369.96473854713344
92.6700000000105,0.01,125.0,-0.3144521713256836,26.98865809977693,1070.877637375734,-0.9026141557710757,5.4503931293353824,370.01933248743956
92.68000000001051,0.01,125.0,-0.31714725494384766,26.98551357806367,1071.147523956732,-0.9051293745116561,5.441366987777667,370.0738364187329
92.69000000001051,0.01,125.0,-0.3198356628417969,26.98234210551423,1071.4173790925126,-0.9076357586866887,5.432315694032546,370.12825008861074
92.70000000001052,0.01,125.0,-0.32251739501953125,26.97914374888581,1071.6872025135679,-0.910133283559173,5.423239336445675,370.1825732455511
92.71000000001052,0.01,125.0,-0.3251914978027344,26.975918574935612,1071.9569939510568,-0.9126219244795472,5.414138003610078,370.2368056389156
92.72000000001053,0.01,125.0,-0.32786083221435547,26.972666659957582,1072.2267531368063,-0.9151016568859298,5.405011784365278,370.2909470189517
92.73000000001053,0.01,125.0,-0.33052539825439453,26.969388051635438,1072.4964798034061,-0.9175724563043633,5.395860767796414,370.3449971367954
92.74000000001054,0.01,125.0,-0.33318328857421875,26.96608279765289,1072.7661736839227,-0.920034298349055,5.386685043233365,370.3989557444734
92.75000000001054,0.01,125.0,-0.33583545684814453,26.962750964767146,1073.0358345118993,-0.9224871587226177,5.37748470024987,370.4528225949058
92.76000000001055,0.01,125.0,-0.33847999572753906,26.959392610198663,1073.305462021547,-0.9249310132163098,5.368259828662639,370.5065974419083
92.77000000001055,0.01,125.0,-0.34111976623535156,26.956007810241385,1073.5750559476492,-0.9273658377102739,5.3590105185304715,370.5602800401949
92.78000000001056,0.01,125.0,-0.3437538146972656,26.95259661257903,1073.8446160257517,-0.9297916081737755,5.349736860153364,370.61387014538025
92.79000000001056,0.01,125.0,-0.34638118743896484,26.949159074432053,1074.1141419918777,-0.9322083006654391,5.340438944071622,370.6673675139818
92.80000000001057,0.01,125.0,-0.3490018844604492,26.945695262557663,1074.3836335826222,-0.934615891333486,5.331116861064962,370.72077190342253
92.81000000001058,0.01,125.0,-0.35161590576171875,26.942205243713058,1074.6530905352479,-0.9370143564159676,5.321770702151623,370.7740830720332
92.82000000001058,0.01,125.0,-0.35422420501708984,26.93868908465544,1074.922512587685,-0.9394036722410025,5.312400558587458,370.8273007790547
92.83000000001059,0.01,125.0,-0.3568267822265625,26.935146842605267,1075.1918994785317,-0.9417838152270077,5.3030065218650435,370.88042478464064
92.84000000001059,0.01,125.0,-0.3594217300415039,26.931578574783,1075.461250946958,-0.944154761882933,5.293588683712769,370.9334548498593
92.8500000000106,0.01,125.0,-0.3620128631591797,26.927984357482583,1075.730566732706,-0.946516488808492,5.284147136093934,370.9863907366964
92.8600000000106,0.01,125.0,-0.3645954132080078,26.92436422885099,1075.9998465762808,-0.9488689726943934,5.274681971205845,371.0392322080574
92.8700000000106,0.01,125.0,-0.3671712875366211,26.920718274718908,1076.2690902185695,-0.9512121903225711,5.265193281478896,371.09197902776947
92.88000000001061,0.01,125.0,-0.36974239349365234,26.91704656184354,1076.5382974013169,-0.9535461185664129,5.255681159575666,371.14463096058427
92.89000000001062,0.01,125.0,-0.37230682373046875,26.913349137908604,1076.8074678669354,-0.9558707343909897,5.246145698389997,371.19718777218003
92.90000000001062,0.01,125.0,-0.3748655319213867,26.909626069671297,1077.0766013583147,-0.9581860148532813,5.236586991046082,371.24964922916394
92.91000000001063,0.01,125.0,-0.3774137496948242,26.90587741435208,1077.3456976190116,-0.9604919371024045,5.227005130897544,371.3020150990744
92.92000000001063,0.01,125.0,-0.3799610137939453,26.90210327685513,1077.6147563931552,-0.9627884783798377,5.217400211526515,371.3542851503834
92.93000000001064,0.01,125.0,-0.38249969482421875,26.898303666717187,1077.8837774259239,-0.9650756160196454,5.207772326742711,371.4064591524987
92.94000000001064,0.01,125.0,-0.38502979278564453,26.894478669768944,1078.1527604625912,-0.9673533274487027,5.19812157058251,371.4585368757662
92.95000000001065,0.01,125.0,-0.3875541687011719,26.890628371841085,1078.421705249289,-0.9696215901869173,5.188448037308017,371.510518091472
92.96000000001065,0.01,125.0,-0.3900728225708008,26.886752830154073,1078.6906115330075,-0.9718803818474515,5.178751821406143,371.56240257184515
92.97000000001066,0.01,125.0,-0.39258384704589844,26.882852101928364,1078.9594790613091,-0.9741296801369437,5.1690330175876635,371.61419009005925
92.98000000001066,0.01,125.0,-0.39509010314941406,26.878926263457902,1079.2283075823286,-0.9763694628557279,5.159291720786289,371.66588042023517
92.99000000001067,0.01,125.0,-0.3975858688354492,26.874975362426408,1079.4970968449634,-0.9785997078980528,5.149528026157727,371.71747333744304
93.00000000001067,0.01,125.0,-0.40007877349853516,26.87099950373805,1079.7658465985878,-0.9808203932523003,5.139742029078741,371.7689686177046
93.01000000001068,0.01,125.0,-0.40256500244140625,26.866998716003064,1080.0345565936254,-0.9830314970012024,5.129933825146213,371.8203660379954
93.02000000001068,0.01,125.0,-0.4050426483154297,26.862973065978647,1080.3032265807856,-0.9852329973220579,5.120103510176196,371.87166537624694
93.03000000001069,0.01,125.0,-0.4075126647949219,26.85892263949549,1080.5718563114456,-0.9874248724869472,5.11025118020297,371.9228664113487
93.04000000001069,0.01,125.0,-0.40997982025146484,26.854847512847538,1080.8404455378407,-0.9896071008629475,5.100376931478095,371.9739689231508
93.0500000000107,0.01,125.0,-0.41243648529052734,26.85074771464502,1081.1089940129693,-0.9917796609123457,5.0904808604694605,372.0249726924656
93.0600000000107,0.01,125.0,-0.4148874282836914,26.846623349792115,1081.377501490116,-0.9939425311928511,5.080563063860332,372.07587750107035
93.07000000001071,0.01,125.0,-0.4173316955566406,26.842474475509274,1081.645967723614,-0.9960956903578072,5.0706236385483985,372.126683131709
93.08000000001071,0.01,125.0,-0.4197683334350586,26.838301158553705,1081.9143924683692,-0.9982391171564026,5.060662681644815,372.1773893680945
93.09000000001072,0.01,125.0,-0.4221973419189453,26.83410347521935,1082.182775479955,-1.0003727904338795,5.050680290473246,372.227995994911
93.10000000001072,0.01,125.0,-0.42462158203125,26.82988150180016,1082.4511165147073,-1.002496689131745,5.040676562568902,372.27850279781575
93.11000000001073,0.01,125.0,-0.42703819274902344,26.825635285979846,1082.7194153297255,-1.0046107922879757,5.03065159567758,372.32890956344147
93.12000000001073,0.01,125.0,-0.4294471740722656,26.821364904052352,1082.9876716825854,-1.006715079037227,5.020605487754695,372.37921607939825
93.13000000001074,0.01,125.0,-0.4318513870239258,26.817070432311628,1083.2558853316261,-1.0088095286110383,5.010538336964317,372.4294221342758
93.14000000001074,0.01,125.0,-0.43424510955810547,26.812751918441386,1083.5240560359493,-1.0108941203380382,5.000450241678202,372.47952751764547
93.15000000001075,0.01,125.0,-0.4366331100463867,26.808409467345804,1083.792183555134,-1.0129688336441476,4.9903413004748165,372.5295320200623
93.16000000001075,0.01,125.0,-0.4390134811401367,26.804043136245337,1084.0602676498077,-1.0150336480527837,4.98021161213837,372.57943543306703
93.17000000001076,0.01,125.0,-0.4413890838623047,26.799653001433935,1084.3283080811702,-1.017088543185062,4.970061275657837,372.6292375491884
93.18000000001076,0.01,125.0,-0.4437541961669922,26.79523911059531,1084.5963046111847,-1.0191334987599971,4.959890390225982,372.67893816194504
93.19000000001077,0.01,125.0,-0.44611549377441406,26.79080156863364,1084.8642570022907,-1.0211684945947033,4.949699055238376,372.7285370658473
93.20000000001077,0.01,125.0,-0.4484682083129883,26.786340413695893,1085.1321650179773,-1.023193510604593,4.939487370292424,372.77803405639975
93.21000000001078,0.01,125.0,-0.45081233978271484,26.78185573161276,1085.4000284221145,-1.0252085268035758,4.929255435186373,372.8274289301027
93.22000000001078,0.01,125.0,-0.45315074920654297,26.77734760821493,1085.6678469794308,-1.0272135233042552,4.919003349918332,372.8767214844546
93.23000000001079,0.01,125.0,-0.45548248291015625,26.772816100722864,1085.9356204555131,-1.0292084803181254,4.908731214685284,372.9259115179538
93.2400000000108,0.01,125.0,-0.4578065872192383,26.76826127589376,1086.2033486165205,-1.0311933781557658,4.898439129882098,372.9749988301007
93.2500000000108,0.01,125.0,-0.46012115478515625,26.763683210021565,1086.4710312292796,-1.0331681972270363,4.888127196100535,373.02398322139953
93.2600000000108,0.01,125.0,-0.4624319076538086,26.75908199847371,1086.73866806138,-1.03513291804127,4.877795514128259,373.07286449336056
93.27000000001081,0.01,125.0,-0.46473217010498047,26.75445767939717,1087.0062588813648,-1.0370875212074655,4.867444184947841,373.12164244850186
93.28000000001082,0.01,125.0,-0.4670267105102539,26.749810357696116,1087.273803458159,-1.0390319874344784,4.857073309735761,373.1703168903514
93.29000000001082,0.01,125.0,-0.4693136215209961,26.74514009059101,1087.541301561736,-1.0409662975312126,4.846682989861411,373.2188876234488
93.30000000001083,0.01,125.0,-0.47159290313720703,26.7404469543758,1087.808752962642,-1.0428904324068082,4.836273326886094,373.2673544533474
93.31000000001083,0.01,125.0,-0.4738645553588867,26.735731025344425,1088.076157432186,-1.0448043730708305,4.82584442256202,373.3157171866163
93.32000000001084,0.01,125.0,-0.47613048553466797,26.730992379790834,1088.3435147424395,-1.046708100633458,4.815396378831307,373.363975630842
93.33000000001084,0.01,125.0,-0.47838592529296875,26.726231074935484,1088.6108246662375,-1.0486015963056683,4.804929297824967,373.41212959463036
93.34000000001085,0.01,125.0,-0.4806365966796875,26.721447215682552,1088.8780869769869,-1.0504848413994232,4.794443281861905,373.4601788876086
93.35000000001085,0.01,125.0,-0.482879638671875,26.716640849715752,1089.1453014491437,-1.0523578173278545,4.783938433447905,373.5081233204273
93.36000000001086,0.01,125.0,-0.48511314392089844,26.71181205332903,1089.412467857641,-1.0542205056054477,4.773414855274622,373.5559627047618
93.37000000001086,0.01,125.0,-0.48734092712402344,26.70696092188982,1089.6795859781746,-1.0560728878482175,4.762872650218561,373.60369685331455
93.38000000001087,0.01,125.0,-0.4895591735839844,26.702087512618576,1089.9466555873937,-1.0579149457739006,4.752311921340074,373.6513255798167
93.39000000001087,0.01,125.0,-0.4917716979980469,26.697191920882734,1090.21367646252,-1.0597466612021293,4.7417327718823294,373.6988486990302
93.40000000001088,0.01,125.0,-0.4939756393432617,26.692274203902752,1090.480648381729,-1.061568016054612,4.7311353052703025,373.746266026749
93.41000000001088,0.01,125.0,-0.4961719512939453,26.68733444750932,1090.7475711237682,-1.0633789923553114,4.720519625109751,373.7935773798018
93.42000000001089,0.01,125.0,-0.49836158752441406,26.682372727996377,1091.0144444682435,-1.0651795722306223,4.709885835186192,373.8407825760529
93.43000000001089,0.01,125.0,-0.5005435943603516,26.67738911212113,1091.2812681955236,-1.0669697379095486,4.699234039463881,373.8878814344048
93.4400000000109,0.01,125.0,-0.5027170181274414,26.672383676177525,1091.548042086645,-1.068749471723878,4.68856434208478,373.9348737747994
93.4500000000109,0.01,125.0,-0.5048818588256836,26.66735650599625,1091.8147659234069,-1.0705187561083556,4.677876847367536,373.9817594182203
93.46000000001091,0.01,125.0,-0.5070400238037109,26.66230768740799,1092.081439488467,-1.0722775736008592,4.6671716598064465,374.028538186694
93.47000000001091,0.01,125.0,-0.509190559387207,26.65723728716995,1092.348062565341,-1.0740259068425702,4.656448884070432,374.0752099032921
93.48000000001092,0.01,125.0,-0.5113334655761719,26.652145381576073,1092.614634938213,-1.0757637385781451,4.645708625002001,374.1217743921328
93.49000000001092,0.01,125.0,-0.5134677886962891,26.64703204692031,1092.8811563920287,-1.0774910516558867,4.6349509876162145,374.16823147838284
93.50000000001093,0.01,125.0,-0.5155935287475586,26.641897369033344,1093.147626712498,-1.079207829027912,4.6241760770996505,374.214580988259
93.51000000001093,0.01,125.0,-0.5177135467529297,26.636741433745865,1093.4140456861885,-1.0809140537503212,4.613383998809366,374.26082274903
93.52000000001094,0.01,125.0,-0.5198230743408203,26.631564298278334,1093.680413100526,-1.0826097089833655,4.602574858271857,374.3069565890181
93.53000000001094,0.01,125.0,-0.5219278335571289,26.626366067534924,1093.9467287435089,-1.0842947779916123,4.591748761182018,374.35298233760085
93.54000000001095,0.01,125.0,-0.5240211486816406,26.62114678919935,1094.2129924041844,-1.0859692441441107,4.580905813402096,374.3988998252127
93.55000000001095,0.01,125.0,-0.5261096954345703,26.615906577712533,1094.4792038720766,-1.0876330909145555,4.57004612096065,374.4447088833468
93.56000000001096,0.01,125.0,-0.5281887054443359,26.610645480758183,1094.7453629378538,-1.0892863018814511,4.559169790051499,374.4904093445564
93.57000000001096,0.01,125.0,-0.5302591323852539,26.605363593703736,1095.0114693926614,-1.0909288607282728,4.548276927032679,374.5360010424569
93.58000000001097,0.01,125.0,-0.532322883605957,26.60006100237988,1095.2775230285986,-1.0925607512436275,4.5373676384253905,374.58148381172725
93.59000000001097,0.01,125.0,-0.5343790054321289,26.59473777354382,1095.5435236386224,-1.094181957321415,4.526442030912949,374.6268574881115
93.60000000001098,0.01,125.0,-0.5364255905151367,26.589393983489497,1095.809471016358,-1.0957924629609859,4.515500211339729,374.67212190842065
93.61000000001098,0.01,125.0,-0.5384645462036133,26.584029727584344,1096.075364956193,-1.0973922522672992,4.504542286710113,374.71727691053405
93.62000000001099,0.01,125.0,-0.5404958724975586,26.578645082122303,1096.3412052534688,-1.0989813094510807,4.493568364187435,374.7623223334012
93.630000000011,0.01,125.0,-0.5425195693969727,26.573240123397326,1096.6069917042903,-1.1005596188289775,4.482578551092918,374.80725801704307
93.640000000011,0.01,125.0,-0.5445337295532227,26.567814927703353,1096.8727241055244,-1.1021271648237132,4.471572954904623,374.85208380255403
93.650000000011,0.01,125.0,-0.5465402603149414,26.56236959040782,1097.1384022548016,-1.1036839319642415,4.46055168325638,374.8967995321031
93.66000000001101,0.01,125.0,-0.5485391616821289,26.556904187804665,1097.4040259507058,-1.1052299048858993,4.449514843936732,374.9414050489357
93.67000000001102,0.01,125.0,-0.5505294799804688,26.551418796187843,1097.669594992584,-1.1067650683305583,4.438462544887867,374.9859001973751
93.68000000001102,0.01,125.0,-0.5525112152099609,26.545913501388036,1097.935109180546,-1.1082894071467748,4.427394894204555,375.030284822824
93.69000000001103,0.01,125.0,-0.5544853210449219,26.540388389235932,1098.20056831556,-1.1098029062899402,4.416312000133082,375.0745587717661
93.70000000001103,0.01,125.0,-0.5564517974853516,26.53484353602548,1098.4659721994526,-1.1113055508224288,4.405213971070176,375.11872189176745
93.71000000001104,0.01,125.0,-0.5584087371826172,26.529279018050623,1098.731320634813,-1.1127973259137458,4.394100915561946,375.1627740314782
93.72000000001104,0.01,125.0,-0.5603561401367188,26.523694930678793,1098.9966134249937,-1.1142782168406733,4.382972942302803,375.2067150406338
93.73000000001105,0.01,125.0,-0.5622978210449219,26.518091369277425,1099.2618503743006,-1.1157482089874156,4.371830160134391,375.2505447700569
93.74000000001105,0.01,125.0,-0.5642299652099609,26.51246839106697,1099.5270312879934,-1.117207287845744,4.360672678044511,375.29426307165824
93.75000000001106,0.01,125.0,-0.5661554336547852,26.50682609141487,1099.792155971904,-1.1186554390151389,4.349500605166048,375.3378697984387
93.76000000001106,0.01,125.0,-0.5680713653564453,26.501164537078317,1100.0572242328183,-1.1200926482029332,4.338314050775891,375.3813648044904
93.77000000001107,0.01,125.0,-0.5699777603149414,26.49548382342475,1100.322235878189,-1.121518901224452,4.327113124293856,375.42474794499816
93.78000000001107,0.01,125.0,-0.5718765258789062,26.489784045821597,1100.5871907164235,-1.1229341840031541,4.315897935281606,375.46801907624115
93.79000000001108,0.01,125.0,-0.5737676620483398,26.484065280562806,1100.8520885568819,-1.1243384825707698,4.304668593441568,375.511178055594
93.80000000001108,0.01,125.0,-0.5756502151489258,26.47832760394232,1101.1169292096877,-1.1257317830674394,4.293425208615854,375.5542247415284
93.81000000001109,0.01,125.0,-0.5775232315063477,26.472571101790827,1101.3817124857271,-1.127114071741849,4.282167890785174,375.5971589936146
93.82000000001109,0.01,125.0,-0.5793876647949219,26.46679586947576,1101.646438196745,-1.1284853349513677,4.27089675006775,375.6399806725225
93.8300000000111,0.01,125.0,-0.5812444686889648,26.461001992827807,1101.91110615544,-1.1298455591621812,4.25961189671823,375.68268964002317
93.8400000000111,0.01,125.0,-0.5830936431884766,26.455189548140915,1102.1757161753683,-1.131194730949426,4.248313441126602,375.72528575899037
93.85000000001111,0.01,125.0,-0.5849323272705078,26.449358611709027,1102.44026807085,-1.1325328369973207,4.237001493817102,375.76776889340164
93.86000000001111,0.01,125.0,-0.5867643356323242,26.443509288436317,1102.704761656967,-1.133859864099299,4.2256761654471235,375.8101389083398
93.87000000001112,0.01,125.0,-0.588587760925293,26.437641645079992,1102.9691967498516,-1.1351757991581393,4.214337566806125,375.8523956699943
93.88000000001112,0.01,125.0,-0.5904016494750977,26.431755767470737,1103.2335731663024,-1.1364806291860936,4.202985808814538,375.8945390456624
93.89000000001113,0.01,125.0,-0.5922069549560547,26.425851750975983,1103.4978907239772,-1.1377743413050168,4.1916210025226714,375.9365689037505
93.90000000001113,0.01,125.0,-0.5940046310424805,26.41992968142642,1103.7621492414871,-1.139056922746492,4.1802432591096155,375.9784851137758
93.91000000001114,0.01,125.0,-0.5957908630371094,26.413989635115993,1104.0263485383016,-1.1403283608519583,4.1688526898821445,376.0202875463669
93.92000000001114,0.01,125.0,-0.5975713729858398,26.408031726485618,1104.2904884346528,-1.141588643072835,4.157449406273619,376.0619760732657
93.93000000001115,0.01,125.0,-0.5993413925170898,26.402056012755757,1104.554568751918,-1.1428377569706456,4.146033519842884,376.10355056732845
93.94000000001115,0.01,125.0,-0.601104736328125,26.396062598830582,1104.8185893120456,-1.1440756902171398,4.134605142273172,376.1450109025269
93.95000000001116,0.01,125.0,-0.6028575897216797,26.390051551467298,1105.082549938034,-1.1453024305944166,4.123164385370996,376.18635695394966
93.96000000001116,0.01,125.0,-0.6046018600463867,26.38402297557008,1105.3464504535486,-1.1465179659950435,4.111711361065046,376.2275885978034
93.97000000001117,0.01,125.0,-0.6063385009765625,26.37797695696961,1105.6102906833046,-1.1477222844221768,4.1002461814050895,376.26870571141404
93.98000000001117,0.01,125.0,-0.6080656051635742,26.371913571959844,1105.8740704528743,-1.1489153739896798,4.088768958560862,376.3097081732281
93.99000000001118,0.01,125.0,-0.6097841262817383,26.365832915908204,1106.1377895885942,-1.1500972229222406,4.077279804820959,376.35059586281375
94.00000000001118,0.01,125.0,-0.6114950180053711,26.359735074645382,1106.4014479177533,-1.1512678195554868,4.065778832591731,376.391368660862
94.01000000001119,0.01,125.0,-0.6131954193115234,26.353620124465326,1106.6650452684999,-1.1524271523361023,4.05426615439617,376.4320264491879
94.0200000000112,0.01,125.0,-0.6148872375488281,26.347488170272207,1106.9285814697446,-1.153575209821941,4.042741882872803,376.4725691107319
94.0300000000112,0.01,125.0,-0.6165704727172852,26.341339297896717,1107.1920563514475,-1.1547119806821387,4.031206130774578,376.51299652956067
94.0400000000112,0.01,125.0,-0.6182451248168945,26.33517359316954,1107.4554697444266,-1.1558374536972258,4.019659010967751,376.5533085908684
94.05000000001121,0.01,125.0,-0.6199102401733398,26.328991141921367,1107.7188214803584,-1.1569516177592383,4.008100636430773,376.5935051809781
94.06000000001121,0.01,125.0,-0.6215667724609375,26.32279203951963,1107.9821113917778,-1.1580544618718265,3.9965311202531746,376.6335861873425
94.07000000001122,0.01,125.0,-0.6232156753540039,26.31657637179502,1108.2453393121732,-1.1591459751503645,3.9849505756344503,376.673551498545
94.08000000001122,0.01,125.0,-0.6248531341552734,26.310344215041475,1108.5085050758912,-1.1602261468220567,3.973359115882941,376.7134010043014
94.09000000001123,0.01,125.0,-0.6264839172363281,26.30409568369992,1108.7716085180418,-1.1612949662260448,3.9617568544147144,376.7531345954602
94.10000000001124,0.01,125.0,-0.6281042098999023,26.297830844527553,1109.034649474879,-1.162352422813513,3.950143904752448,376.79275216400436
94.11000000001124,0.01,125.0,-0.6297159194946289,26.291549802428552,1109.2976277833243,-1.1633985061477914,3.9385203805243068,376.8322536030519
94.12000000001125,0.01,125.0,-0.6313199996948242,26.2852526432336,1109.5605432813486,-1.1644332059044598,3.926886395462823,376.87163880685716
94.13000000001125,0.01,125.0,-0.6329135894775391,26.27893944323665,1109.823395807781,-1.1654565118714495,3.9152420634037726,376.9109076708118
94.14000000001126,0.01,125.0,-0.6344985961914062,26.27261030734187,1110.0861852022135,-1.1664684139491437,3.9035874982850522,376.9500600914459
94.15000000001126,0.01,125.0,-0.6360740661621094,26.266265321379954,1110.3489113052872,-1.1674689021504774,3.8919228141455546,376.98909596642875
94.16000000001127,0.01,125.0,-0.6376419067382812,26.25990458071833,1110.6115739585011,-1.168457966601036,3.880248125124044,377.02801519457023
94.17000000001127,0.01,125.0,-0.6392002105712891,26.253528161650944,1110.8741730043084,-1.1694355975391526,3.8685635454580276,377.0668176758215
94.18000000001128,0.01,125.0,-0.6407489776611328,26.247136159545228,1111.1367082859251,-1.1704017853160045,3.85686918948263,377.1055033112761
94.19000000001128,0.01,125.0,-0.6422891616821289,26.240728669768615,1111.3991796475207,-1.1713565203957086,3.845165171629464,377.14407200317095
94.20000000001129,0.01,125.0,-0.6438188552856445,26.23430577815179,1111.6615869342186,-1.172299793355415,3.833451606425501,377.18252365488723
94.21000000001129,0.01,125.0,-0.6453399658203125,26.22786758959893,1111.9239299920002,-1.1732315948854002,3.821728608491941,377.2208581709515
94.2200000000113,0.01,125.0,-0.6468524932861328,26.221414189940724,1112.1862086678964,-1.1741519157891598,3.8099962925430813,377.25907545703643
94.2300000000113,0.01,125.0,-0.6483564376831055,26.21494566500786,1112.4484228097958,-1.1750607469834973,3.7982547733851835,377.2971754199619
94.2400000000113,0.01,125.0,-0.6498489379882812,26.208462100631028,1112.710572266446,-1.1759580794986164,3.7865041659153427,377.33515796769575
94.25000000001131,0.01,125.0,-0.6513347625732422,26.20196361125114,1112.9726568874523,-1.1768439044782069,3.7747445851203505,377.37302300935494
94.26000000001132,0.01,125.0,-0.6528100967407227,26.195450263625407,1113.234676523565,-1.1777182131795343,3.7629761460755624,377.41077045520615
94.27000000001132,0.01,125.0,-0.6542768478393555,26.188922162657995,1113.4966310262014,-1.1785809969735246,3.751198963943761,377.4484002166669
94.28000000001133,0.01,125.0,-0.6557340621948242,26.1823793941796,1113.758520247828,-1.1794322473448497,3.7394131539740196,377.4859122063064
94.29000000001133,0.01,125.0,-0.6571826934814453,26.175822053557646,1114.02034404177,-1.1802719558920125,3.727618831500565,377.5233063378462
94.30000000001134,0.01,125.0,-0.6586198806762695,26.16925022662283,1114.2821022623057,-1.1811001143274287,3.715816111941639,377.5605825261612
94.31000000001134,0.01,125.0,-0.6600494384765625,26.162664027816064,1114.543794764572,-1.1819167144775087,3.7040051107983585,377.59774068728063
94.32000000001135,0.01,125.0,-0.6614704132080078,26.156063533431293,1114.8054214048504,-1.1827217482827386,3.6921859436535773,377.63478073838866
94.33000000001135,0.01,125.0,-0.6628818511962891,26.14944882929921,1115.066982040185,-1.1835152077977598,3.680358726170744,377.67170259782523
94.34000000001136,0.01,125.0,-0.6642827987670898,26.142820010787243,1115.3284765284782,-1.1842970851914474,3.6685235740927604,377.70850618508695
94.35000000001136,0.01,125.0,-0.665675163269043,26.136177182799567,1115.5899047285861,-1.1850673727469871,3.65668060324084,377.7451914208279
94.36000000001137,0.01,125.0,-0.6670589447021484,26.129520431166874,1115.8512665004143,-1.1858260628619517,3.644829929513364,377.78175822686035
94.37000000001137,0.01,125.0,-0.668431282043457,26.122849841719848,1116.1125617047262,-1.1865731480483759,3.6329716688847387,377.8182065261555
94.38000000001138,0.01,125.0,-0.6697959899902344,26.11616552889941,1116.3737902031435,-1.1873086209328305,3.621105937404249,377.85453624284435
94.39000000001138,0.01,125.0,-0.6711521148681641,26.109467568999502,1116.6349518584325,-1.1880324742564954,3.6092328511949145,377.8907473022184
94.40000000001139,0.01,125.0,-0.6724967956542969,26.102756047850818,1116.8960465341227,-1.1887447008752305,3.5973525264523434,377.9268396307304
94.4100000000114,0.01,125.0,-0.6738319396972656,26.09603107989427,1117.1570740946013,-1.1894452937596462,3.585465079443585,377.9628131559949
94.4200000000114,0.01,125.0,-0.6751594543457031,26.089292760497294,1117.4180344054002,-1.1901342459951738,3.573570626505983,377.9986678067894
94.4300000000114,0.01,125.0,-0.6764764785766602,26.082541165953835,1117.6789273330053,-1.190811550782133,3.561669284046025,378.0344035130545
94.44000000001141,0.01,125.0,-0.6777830123901367,26.075776401168064,1117.939752744665,-1.1914772014357986,3.549761168538198,378.070020205895
94.45000000001141,0.01,125.0,-0.6790828704833984,26.06899857104416,1118.2005105086766,-1.192131191386468,3.537846396523834,378.1055178175804
94.46000000001142,0.01,125.0,-0.6803712844848633,26.06220774233932,1118.4612004943872,-1.192773514179524,3.525925084609963,378.1408962815456
94.47000000001142,0.01,125.0,-0.6816501617431641,26.05540402949447,1118.7218225718107,-1.1934041634755,3.513997349468162,378.17615553239176
94.48000000001143,0.01,125.0,-0.6829204559326172,26.048587527877032,1118.9823766121058,-1.194023133050142,3.5020633078334007,378.2112955058865
94.49000000001143,0.01,125.0,-0.6841802597045898,26.0417583233177,1119.2428624873846,-1.1946304167944704,3.490123076502893,378.24631613896486
94.50000000001144,0.01,125.0,-0.6854314804077148,26.034916520720653,1119.5032800706178,-1.1952260087148394,3.478176772334942,378.2812173697299
94.51000000001144,0.01,125.0,-0.6866731643676758,26.028062205916573,1119.7636292358252,-1.1958099029329976,3.4662245122477877,378.3159991374533
94.52000000001145,0.01,125.0,-0.6879043579101562,26.021195474272893,1120.0239098578845,-1.196382093686145,3.4542664132184515,378.35066138257577
94.53000000001146,0.01,125.0,-0.6891288757324219,26.01431643069379,1120.2841218126273,-1.1969425753269891,3.442302592281584,378.38520404670794
94.54000000001146,0.01,125.0,-0.6903400421142578,26.007425141936462,1120.5442649769343,-1.197491342323803,3.430333166528308,378.41962707263076
94.55000000001147,0.01,125.0,-0.6915426254272461,26.000521741515318,1120.804339228354,-1.1980283892604775,3.418358253105064,378.45393040429605
94.56000000001147,0.01,125.0,-0.6927375793457031,25.99360631526104,1121.0643444457692,-1.198553710836577,3.406377969212453,378.4881139868271
94.57000000001148,0.01,125.0,-0.6939191818237305,25.98667893946758,1121.324280508922,-1.1990673018673885,3.3943924321040813,378.52217776651923
94.58000000001148,0.01,125.0,-0.6950950622558594,25.97973974764934,1121.5841472983168,-1.1995691572839768,3.3824017590854014,378.5561216908403
94.59000000001149,0.01,125.0,-0.696258544921875,25.972788797026777,1121.8439446957934,-1.200059272133231,3.3704060675125556,378.5899457084312
94.60000000001149,0.01,125.0,-0.6974143981933594,25.965826211577554,1122.103672583764,-1.2005376415779159,3.3584054747912173,378.6236497691063
94.6100000000115,0.01,125.0,-0.6985588073730469,25.958852067595615,1122.3633308458798,-1.2010042608967177,3.346400098375432,378.6572338238542
94.6200000000115,0.01,125.0,-0.6996965408325195,25.95186647952188,1122.6229193665558,-1.2014591254842923,3.3343900557664585,378.69069782483797
94.6300000000115,0.01,125.0,-0.7008209228515625,25.94486951411355,1122.8824380313513,-1.20190223085131,3.3223754645116093,378.72404172539564
94.64000000001151,0.01,125.0,-0.7019386291503906,25.93786130488503,1123.1418867264927,-1.2023335726244995,3.31035644220309,378.75726548004076
94.65000000001152,0.01,125.0,-0.7030439376831055,25.930841918593522,1123.4012653395416,-1.2027531465466916,3.298333106476839,378.7903690444628
94.66000000001152,0.01,125.0,-0.7041406631469727,25.92381147921669,1123.6605737587277,-1.2031609484768613,3.2863055750113657,378.8233523755276
94.67000000001153,0.01,125.0,-0.7052278518676758,25.916770072585216,1123.9198118735198,-1.2035569743901682,3.274273965526591,378.8562154312777
94.68000000001153,0.01,125.0,-0.7063083648681641,25.909717794066534,1124.178979574246,-1.203941220377996,3.2622383957826835,378.888958170933
94.69000000001154,0.01,125.0,-0.7073755264282227,25.90265471041785,1124.4380767521866,-1.2043136826479925,3.2501989835788976,378.92158055489085
94.70000000001154,0.01,125.0,-0.7084321975708008,25.895580955153562,1124.6971032992908,-1.204674357524105,3.2381558467524116,378.95408254472665
94.71000000001155,0.01,125.0,-0.7094812393188477,25.88849663317785,1124.9560591088425,-1.2050232414466187,3.2261091031771643,378.9864641031942
94.72000000001155,0.01,125.0,-0.7105207443237305,25.88140182078466,1125.2149440751743,-1.2053603309721896,3.214058870762692,379.01872519422596
94.73000000001156,0.01,125.0,-0.7115478515625,25.874296613341418,1125.4737580933822,-1.20568562277388,3.2020052674529635,379.0508657829336
94.74000000001156,0.01,125.0,-0.7125673294067383,25.86718113482579,1125.7325010595157,-1.2059991136411916,3.1899484112252185,379.0828858356082
94.75000000001157,0.01,125.0,-0.7135763168334961,25.86005546153172,1125.9911728708641,-1.2063008004800957,3.1778884200888005,379.11478531972045
94.76000000001157,0.01,125.0,-0.7145767211914062,25.85291969836338,1126.2497734254796,-1.2065906803130653,3.1658254120839935,379.14656420392134
94.77000000001158,0.01,125.0,-0.7155656814575195,25.845773931151463,1126.5083026224634,-1.2068687502791036,3.1537595052808567,379.1782224580422
94.78000000001158,0.01,125.0,-0.7165460586547852,25.838618274336884,1126.766760361775,-1.207135007633772,3.1416908177780596,379.20976005309507
94.79000000001159,0.01,125.0,-0.7175149917602539,25.83145281375033,1127.0251465445185,-1.2073894497492177,3.1296194677017155,379.24117696127286
94.8000000000116,0.01,125.0,-0.718475341796875,25.824277663832724,1127.283461072656,-1.2076320741142004,3.117545573204217,379.2724731559499
94.8100000000116,0.01,125.0,-0.719426155090332,25.81709291041475,1127.5417038492947,-1.207862878334115,3.105469252463069,379.303648611682
94.8200000000116,0.01,125.0,-0.7203664779663086,25.809898648863843,1127.799874778399,-1.2080818601310173,3.0933906236797215,379.33470330420664
94.83000000001161,0.01,125.0,-0.7212963104248047,25.802694984084177,1128.0579737648877,-1.2082890173436454,3.0813098050784054,379.3656372104435
94.84000000001161,0.01,125.0,-0.7222166061401367,25.795482020979925,1128.3160007147287,-1.208484347927441,3.069226914904963,379.3964503084943
94.85000000001162,0.01,125.0,-0.7231283187866211,25.788259854918522,1128.5739555349387,-1.2086678499545702,3.0571420714256825,379.4271425776434
94.86000000001162,0.01,125.0,-0.7240285873413086,25.78102857173065,1128.831838133488,-1.2088395216139425,3.045055392926131,379.4577139983577
94.87000000001163,0.01,125.0,-0.7249202728271484,25.773788285857236,1129.0896484192053,-1.208999361211227,3.0329669977099853,379.48816455228695
94.88000000001163,0.01,125.0,-0.7258014678955078,25.76653908312896,1129.347386302064,-1.2091473671688724,3.020877004097867,379.51849422226405
94.89000000001164,0.01,125.0,-0.7266712188720703,25.75928106845,1129.6050516928954,-1.209283538026119,3.008785530426172,379.54870299230504
94.90000000001164,0.01,125.0,-0.7275333404541016,25.752014356261277,1129.86264450358,-1.2094078724390158,2.9966926950459047,379.5787908476093
94.91000000001165,0.01,125.0,-0.7283840179443359,25.744739022856734,1130.1201646471427,-1.209520369180432,2.9845986163215086,379.60875777455976
94.92000000001165,0.01,125.0,-0.7292261123657227,25.737455182677287,1130.3776120373714,-1.2096210271400702,2.972503412629698,379.638603760723
94.93000000001166,0.01,125.0,-0.7300567626953125,25.730162921553628,1130.6349865891982,-1.2097098453244775,2.960407202358291,379.66832879484934
94.94000000001166,0.01,125.0,-0.7308788299560547,25.722862353926672,1130.8922882184138,-1.2097868228570536,2.94831010390504,379.6979328668729
94.95000000001167,0.01,125.0,-0.731689453125,25.715553565627108,1131.1495168419533,-1.2098519589780619,2.936212235676463,379.727415967912
94.96000000001168,0.01,125.0,-0.7324914932250977,25.708236671095854,1131.4066723776098,-1.2099052530446346,2.9241137160866764,379.75677809026877
94.97000000001168,0.01,125.0,-0.7332830429077148,25.7009117561636,1131.6637547443208,-1.2099467045307812,2.912014663556224,379.7860192274297
94.98000000001169,0.01,125.0,-0.734065055847168,25.693578925734517,1131.9207638618825,-1.2099763130273922,2.89991519651091,379.81513937406527
94.99000000001169,0.01,125.0,-0.7348365783691406,25.68623827517604,1132.17769965114,-1.2099940782422436,2.88781543338063,379.8441385260304
95.0000000000117,0.01,125.0,-0.7355966567993164,25.678889909392346,1132.434562033892,-1.21,2.8757154925982014,379.87301668036423
95.0100000000117,0.01,125.0,-0.7363491058349609,25.67153394282435,1132.691350932986,-1.209994078242216,2.8636154925981954,379.9017738352902
95.0200000000117,0.01,125.0,-0.737091064453125,25.664170451765997,1132.9480662724145,-1.2099763130273369,2.851515551815767,379.9304099902162
95.03000000001171,0.01,125.0,-0.7378215789794922,25.65679954112146,1133.2047079769322,-1.2099467045306982,2.8394157886854874,379.9589251457344
95.04000000001172,0.01,125.0,-0.7385435104370117,25.649421325331662,1133.4612759723436,-1.2099052530445238,2.827316321640174,379.98731930362123
95.05000000001172,0.01,125.0,-0.7392549514770508,25.642035890227287,1133.7177701855971,-1.2098519589779233,2.8152172691097226,380.01559246683763
95.06000000001173,0.01,125.0,-0.7399559020996094,25.634643340712515,1133.9741905444996,-1.2097868228568875,2.8031187495199372,380.04374463952877
95.07000000001173,0.01,125.0,-0.7406463623046875,25.627243781691515,1134.230536977907,-1.2097098453242836,2.791020881291362,380.071775827024
95.08000000001174,0.01,125.0,-0.7413263320922852,25.619837318068463,1134.4868094157239,-1.2096210271398489,2.7789237828381133,380.09968603583695
95.09000000001174,0.01,125.0,-0.7419986724853516,25.612424054747535,1134.7430077889046,-1.2095203691801828,2.7668275725667084,380.12747527366537
95.10000000001175,0.01,125.0,-0.7426595687866211,25.605004068022676,1134.9991320294523,-1.2094078724387387,2.7547323688749006,380.155143549391
95.11000000001175,0.01,125.0,-0.7433099746704102,25.597577472334805,1135.2551820701326,-1.2092835380258145,2.742638290150507,380.18269087307976
95.12000000001176,0.01,125.0,-0.743952751159668,25.590144372588096,1135.5111578448561,-1.20914736716854,2.7305454547702426,380.2101172559813
95.13000000001176,0.01,125.0,-0.7445821762084961,25.582704845076496,1135.7670592885822,-1.2089993612108672,2.718453981098551,380.237422710529
95.14000000001177,0.01,125.0,-0.7452020645141602,25.575259023314405,1136.022886337033,-1.2088395216135546,2.7063639874864363,380.26460725034
95.15000000001177,0.01,125.0,-0.7458124160766602,25.56780700266926,1136.2786389272662,-1.208667849954155,2.6942755922702943,380.2916708902149
95.16000000001178,0.01,125.0,-0.7464141845703125,25.56034887850849,1136.534316997293,-1.208484347926998,2.6821889137707466,380.31861364613763
95.17000000001178,0.01,125.0,-0.7470026016235352,25.552884736662783,1136.7899204860782,-1.2082890173431746,2.6701040702914707,380.3454355352753
95.18000000001179,0.01,125.0,-0.747584342956543,25.545414710646543,1137.045449333445,-1.2080818601305188,2.6580211801180327,380.37213657597823
95.19000000001179,0.01,125.0,-0.7481527328491211,25.537938867216972,1137.3009034805516,-1.207862878333589,2.6459403615167214,380.39871678777945
95.2000000000118,0.01,125.0,-0.7487125396728516,25.53045733988848,1137.5562828692239,-1.2076320741136466,2.6338617327333793,380.42517619139466
95.2100000000118,0.01,125.0,-0.749262809753418,25.522970214491746,1137.8115874426228,-1.2073894497486364,2.621785411992237,380.451514808722
95.22000000001181,0.01,125.0,-0.7498025894165039,25.51547758639421,1138.0668171447678,-1.2071350076331628,2.6097115174947443,380.4777326628419
95.23000000001181,0.01,125.0,-0.7503328323364258,25.50797956050004,1138.321971920632,-1.206868750278467,2.5976401674184064,380.50382977801684
95.24000000001182,0.01,125.0,-0.7508516311645508,25.500476232176673,1138.577051716237,-1.2065906803124011,2.5855714799156155,380.52980617969104
95.25000000001182,0.01,125.0,-0.7513599395751953,25.492967715865024,1138.832056478559,-1.206300800479404,2.5735055731124854,380.5556618944902
95.26000000001183,0.01,125.0,-0.7518587112426758,25.485454116469267,1139.0869861557178,-1.2059991136404722,2.561442565107685,380.58139695022135
95.27000000001183,0.01,125.0,-0.7523469924926758,25.477935529356838,1139.3418406968826,-1.205685622773133,2.549382573971274,380.60701137587245
95.28000000001184,0.01,125.0,-0.7528247833251953,25.470412059431908,1139.5966200521764,-1.205360330971415,2.5373257177435367,380.63250520161216
95.29000000001184,0.01,125.0,-0.7532939910888672,25.46288381159865,1139.8513241727708,-1.2050232414458166,2.5252721144338164,380.6578784587896
95.30000000001185,0.01,125.0,-0.7537527084350586,25.45535087168776,1140.1059530108869,-1.2046743575232757,2.513221882019352,380.6831311799339
95.31000000001185,0.01,125.0,-0.7542009353637695,25.447813344603404,1140.3605065196039,-1.2043136826471355,2.501175138444113,380.7082633987541
95.32000000001186,0.01,125.0,-0.7546377182006836,25.44027133524976,1140.61498465305,-1.2039412203771116,2.4891320016176355,380.7332751501386
95.33000000001186,0.01,125.0,-0.75506591796875,25.43272495806775,1140.8693873664026,-1.203556974389256,2.477092589413858,380.7581664701548
95.34000000001187,0.01,125.0,-0.7554826736450195,25.42517429888806,1141.1237146159835,-1.2031609484759218,2.4650570196699593,380.7829373960489
95.35000000001187,0.01,125.0,-0.755889892578125,25.417619472151607,1141.3779663589726,-1.2027531465457246,2.453025410185194,380.8075879662456
95.36000000001188,0.01,125.0,-0.75628662109375,25.41006057322582,1141.6321425536942,-1.2023335726235047,2.4409978787197306,380.83211822034747
95.37000000001188,0.01,125.0,-0.7566738128662109,25.402497707014877,1141.8862431594266,-1.2019022308502878,2.4289745429934895,380.8565281991347
95.38000000001189,0.01,125.0,-0.7570505142211914,25.39493096888621,1142.1402681364968,-1.2014591254832427,2.4169555206849807,380.8808179445646
95.3900000000119,0.01,125.0,-0.7574167251586914,25.387360463743995,1142.3942174461858,-1.2010042608956406,2.404940929430142,380.9049874997715
95.4000000000119,0.01,125.0,-0.7577705383300781,25.379786296492405,1142.6480910508235,-1.2005376415768112,2.3929308868211794,380.9290369090658
95.4100000000119,0.01,125.0,-0.7581167221069336,25.3722085911091,1142.9018889137885,-1.200059272132099,2.380925510405405,380.95296621793403
95.42000000001191,0.01,125.0,-0.7584524154663086,25.364627423888027,1143.1556109996998,-1.1995691572828173,2.368924917684078,380.9767754730381
95.43000000001192,0.01,125.0,-0.7587785720825195,25.35704289973336,1143.4092572739387,-1.1990673018662017,2.3569292261112436,381.000464722215
95.44000000001192,0.01,125.0,-0.7590932846069336,25.34945511401253,1143.662827702936,-1.1985537108353623,2.3449385530925753,381.0240340144761
95.45000000001193,0.01,125.0,-0.7593975067138672,25.341864181166457,1143.9163222540762,-1.1980283892592358,2.3329530159842156,381.047483400007
95.46000000001193,0.01,125.0,-0.7596931457519531,25.334270206099315,1144.169740895888,-1.1974913423225335,2.320972732091617,381.0708129301669
95.47000000001194,0.01,125.0,-0.7599782943725586,25.32667327464179,1144.4230835979492,-1.1969425753256924,2.3089978186683853,381.0940226574878
95.48000000001194,0.01,125.0,-0.7602510452270508,25.319073491698063,1144.6763503306959,-1.1963820936848206,2.2970283929151223,381.1171126356745
95.49000000001195,0.01,125.0,-0.7605152130126953,25.31147098124579,1144.929541065613,-1.1958099029316462,2.285064571978268,381.1400829196037
95.50000000001195,0.01,125.0,-0.7607688903808594,25.303865829115658,1145.1826557754255,-1.1952260087134607,2.2731064729489456,381.1629335653235
95.51000000001196,0.01,125.0,-0.761012077331543,25.296258140211844,1145.4356944337167,-1.1946304167930641,2.261154212861805,381.185664630053
95.52000000001196,0.01,125.0,-0.7612447738647461,25.288648019438526,1145.688657015119,-1.1940231330487086,2.2492079086938683,381.2082761721816
95.53000000001197,0.01,125.0,-0.7614679336547852,25.281035571699874,1145.9415434953135,-1.193404163474039,2.2372676773633753,381.23076825126856
95.54000000001197,0.01,125.0,-0.7616796493530273,25.273420892363323,1146.1943538510307,-1.192773514178036,2.225333635728629,381.2531409280422
95.55000000001198,0.01,125.0,-0.7618818283081055,25.26580409586979,1146.4470880599545,-1.1921311913849526,2.2134059005868423,381.27539426439955
95.56000000001198,0.01,125.0,-0.7620744705200195,25.258185277586705,1146.6997461009132,-1.1914772014342563,2.2014845886729866,381.29752832340546
95.57000000001199,0.01,125.0,-0.7622556686401367,25.2505645328815,1146.9523279536893,-1.190811550780563,2.1895698166586377,381.3195431692922
95.58000000001199,0.01,125.0,-0.7624273300170898,25.242941976195095,1147.2048335990182,-1.1901342459935766,2.177661701150826,381.3414388674588
95.590000000012,0.01,125.0,-0.7625894546508789,25.23531770289492,1147.4572630187804,-1.189445293758022,2.1657603586908842,381.36321548447035
95.600000000012,0.01,125.0,-0.7627391815185547,25.227691808348407,1147.7096161958095,-1.1887447008735788,2.153865905753298,381.38487308805725
95.61000000001201,0.01,125.0,-0.7628793716430664,25.22006441653322,1147.9618931138932,-1.1880324742548167,2.141978458744556,381.4064117471148
95.62000000001201,0.01,125.0,-0.7630100250244141,25.212435622816784,1148.2140937580587,-1.1873086209311248,2.1300981340020018,381.4278315317023
95.63000000001202,0.01,125.0,-0.7631301879882812,25.204805522566534,1148.466218114287,-1.1865731480466428,2.1182250477926843,381.4491325130423
95.64000000001202,0.01,125.0,-0.763239860534668,25.197174220686648,1148.7182661695126,-1.1858260628601915,2.106359316312212,381.4703147635202
95.65000000001203,0.01,125.0,-0.7633390426635742,25.1895418220813,1148.9702379117196,-1.1850673727452,2.0945010556836037,381.49137835668336
95.66000000001203,0.01,125.0,-0.7634286880493164,25.18190843165466,1149.2221333299406,-1.184297085189633,2.0826503819561455,381.5123233672402
95.67000000001204,0.01,125.0,-0.7635068893432617,25.174274144774163,1149.4739524142572,-1.1835152077959183,2.070807411104243,381.5331498710598
95.68000000001204,0.01,125.0,-0.763575553894043,25.166639075880727,1149.7256951557051,-1.18272174828087,2.0589722590262776,381.5538579451708
95.69000000001205,0.01,125.0,-0.7636337280273438,25.15900332034178,1149.977361546464,-1.181916714475613,2.047145041543463,381.5744476677611
95.70000000001205,0.01,125.0,-0.7636814117431641,25.151366983061504,1150.2289515796674,-1.181100114325506,2.035325874398701,381.59491911817656
95.71000000001206,0.01,125.0,-0.7637195587158203,25.143730168944067,1150.4804652494981,-1.180271955890063,2.0235148732554396,381.6152723769206
95.72000000001206,0.01,125.0,-0.7637472152709961,25.136092973356906,1150.7319025511877,-1.179432247342873,2.011712153696533,381.63550752565317
95.73000000001207,0.01,125.0,-0.7637643814086914,25.128455501204193,1150.9832634809213,-1.1785809969715209,1.9999178312230983,381.65562464719017
95.74000000001207,0.01,125.0,-0.7637701034545898,25.120817857390104,1151.2345480359336,-1.1777182131775037,1.988132021253377,381.6756238255024
95.75000000001208,0.01,125.0,-0.7637662887573242,25.113180156355554,1151.4857562145075,-1.1768439044761494,1.976354839121596,381.69550514571495
95.76000000001208,0.01,125.0,-0.7637538909912109,25.105542493467976,1151.7368880160711,-1.1759580794965319,1.9645864000768285,381.71526869410616
95.77000000001209,0.01,125.0,-0.7637290954589844,25.09790495455806,1151.9879434410059,-1.175060746981386,1.9528268192818572,381.73491455810694
95.7800000000121,0.01,125.0,-0.7636938095092773,25.090267663603466,1152.2389224905517,-1.1741519157870215,1.9410762118120373,381.75444282629974
95.7900000000121,0.01,125.0,-0.7636499404907227,25.08263072550837,1152.4898251671877,-1.1732315948832353,1.929334692654161,381.77385358841786
95.8000000000121,0.01,125.0,-0.7635946273803711,25.07499422610346,1152.740651474443,-1.172299793353223,1.9176023767053227,381.7931469353444
95.81000000001211,0.01,125.0,-0.7635297775268555,25.06735827982965,1152.991401416704,-1.17135652039349,1.9058793787717845,381.81232295911144
95.82000000001212,0.01,125.0,-0.7634553909301758,25.059722982054378,1153.2420749995026,-1.1704017853137592,1.8941658135678436,381.8313817528992
95.83000000001212,0.01,125.0,-0.7633695602416992,25.052088428145073,1153.4926722293233,-1.1694355975368804,1.8824617957147,381.8503234110349
95.84000000001213,0.01,125.0,-0.7632732391357422,25.04445473254265,1153.7431931136048,-1.1684579665987371,1.8707674397393252,381.869148028992
95.85000000001213,0.01,125.0,-0.7631664276123047,25.03682200015129,1153.9936376609303,-1.1674689021481517,1.8590828600733318,381.8878557033894
95.86000000001214,0.01,125.0,-0.7630500793457031,25.029190335875164,1154.244005880932,-1.1664684139467913,1.8474081710518444,381.9064465319901
95.87000000001214,0.01,125.0,-0.7629232406616211,25.021559835081703,1154.494297784291,-1.1654565118690703,1.8357434869123705,381.92492061370064
95.88000000001215,0.01,125.0,-0.7627859115600586,25.01393060267508,1154.7445133826418,-1.1644332059020541,1.824088921793674,381.94327804856977
95.89000000001215,0.01,125.0,-0.762639045715332,25.006302743559477,1154.9946526886686,-1.163398506145359,1.8124445897346475,381.96151893778773
95.90000000001216,0.01,125.0,-0.7624807357788086,24.99867635310232,1155.2447157161043,-1.162352422811054,1.800810604673188,381.9796433836851
95.91000000001216,0.01,125.0,-0.7623128890991211,24.991051545744526,1155.4947024796354,-1.1612949662235594,1.7891870804450716,381.9976514897318
95.92000000001217,0.01,125.0,-0.7621345520019531,24.98342841685353,1155.744612995093,-1.1602261468195447,1.77757413078283,382.0155433605363
95.93000000001217,0.01,125.0,-0.7619457244873047,24.97580707133351,1155.9944472792615,-1.159145975147826,1.7659718693146287,382.03331910184414
95.94000000001218,0.01,125.0,-0.7617473602294922,24.96818761408863,1156.244205349975,-1.1580544618692616,1.7543804095631446,382.0509788205373
95.95000000001218,0.01,125.0,-0.7615385055541992,24.960570140486332,1156.493887226116,-1.1569516177566466,1.742799864944446,382.0685226246329
95.96000000001219,0.01,125.0,-0.7613191604614258,24.95295475543079,1156.743492927521,-1.1558374536946079,1.7312303487668737,382.0859506232824
95.97000000001219,0.01,125.0,-0.7610902786254883,24.94534156382617,1156.9930224750753,-1.154711980679494,1.7196719742299216,382.10326292677007
95.9800000000122,0.01,125.0,-0.7608489990234375,24.93773066103991,1157.2424758907136,-1.1535752098192702,1.7081248544231207,382.12045964651236
95.9900000000122,0.01,125.0,-0.7605991363525391,24.93012217104967,1157.4918531973242,-1.152427152333405,1.696589102324922,382.1375408950566
96.00000000001221,0.01,125.0,-0.7603397369384766,24.92251617968614,1157.7411544190347,-1.1512678195527632,1.685064830801582,382.1545067860798
96.01000000001221,0.01,125.0,-0.7600679397583008,24.91491278231675,1157.9903795808318,-1.1500972229194906,1.6735521526060486,382.17135743438786
96.02000000001222,0.01,125.0,-0.7597866058349609,24.907312102919164,1158.2395287086551,-1.1489153739869038,1.6620511803768478,382.18809295591393
96.03000000001222,0.01,125.0,-0.7594976425170898,24.89971423686081,1158.4886018296845,-1.1477222844193744,1.650562026636973,382.2047134677177
96.04000000001223,0.01,125.0,-0.7591934204101562,24.892119260435635,1158.7375989720533,-1.1465179659922147,1.6390848037927732,382.2212190879841
96.05000000001223,0.01,125.0,-0.7588815689086914,24.88452732623153,1158.9865201646578,-1.1453024305915616,1.627619624132845,382.237609936022
96.06000000001224,0.01,125.0,-0.7585620880126953,24.87693851054244,1159.2353654379203,-1.1440756902142588,1.6161665998269237,382.25388613226335
96.07000000001224,0.01,125.0,-0.7582283020019531,24.86935288966231,1159.484134823026,-1.1428377569677368,1.6047258429247753,382.2700477982616
96.08000000001225,0.01,125.0,-0.7578859329223633,24.861770606642285,1159.7328283519225,-1.1415886430699003,1.593297465355092,382.28609505669084
96.09000000001225,0.01,125.0,-0.7575340270996094,24.854191747313056,1159.9814460579892,-1.1403283608489974,1.5818815789243872,382.3020280313444
96.10000000001226,0.01,125.0,-0.7571687698364258,24.846616407042056,1160.2299879754623,-1.139056922743505,1.5704782953158913,382.31784684713364
96.11000000001226,0.01,125.0,-0.7567977905273438,24.839044719343686,1160.478454139533,-1.1377743413020036,1.5590877260884504,382.3335516300868
96.12000000001227,0.01,125.0,-0.756413459777832,24.831476741438408,1160.7268445867264,-1.1364806291830547,1.5477099826754246,382.34914250734766
96.13000000001227,0.01,125.0,-0.7560205459594727,24.823912606840626,1160.975159354141,-1.1351757991550744,1.5363451763835883,382.3646196071744
96.14000000001228,0.01,125.0,-0.7556171417236328,24.816352401381028,1161.2233984802094,-1.133859864096208,1.5249934183920317,382.37998305893825
96.15000000001228,0.01,125.0,-0.7552042007446289,24.80879622996379,1161.4715620042234,-1.1325328369942038,1.5136548197510638,382.3952329931222
96.16000000001229,0.01,125.0,-0.7547798156738281,24.80124418795634,1161.719649966523,-1.131194730946283,1.5023294913811158,382.4103695413197
96.1700000000123,0.01,125.0,-0.7543458938598633,24.793696389799596,1161.9676624084027,-1.1298455591590126,1.491017544071647,382.4253928362335
96.1800000000123,0.01,125.0,-0.7539005279541016,24.786152930860993,1162.2155993723009,-1.1284853349481732,1.4797190884800513,382.44030301167425
96.1900000000123,0.01,125.0,-0.7534465789794922,24.77861392558145,1162.4634609016096,-1.1271140717386285,1.4684342351305637,382.45510020255904
96.20000000001231,0.01,125.0,-0.7529821395874023,24.77107945979165,1162.7112470408656,-1.1257317830641933,1.4571630944131717,382.46978454491034
96.21000000001231,0.01,125.0,-0.752507209777832,24.763549638395773,1162.9589578354637,-1.1243384825674982,1.445905776582524,382.4843561758545
96.22000000001232,0.01,125.0,-0.7520217895507812,24.75602456629799,1163.206593331848,-1.1229341839998566,1.4346623917568433,382.4988152336203
96.23000000001232,0.01,125.0,-0.7515268325805664,24.74850434840248,1163.454153577511,-1.1215189012211288,1.423433049916839,382.51316185753785
96.24000000001233,0.01,125.0,-0.7510204315185547,24.74098908007667,1163.7016386209953,-1.1200926481995843,1.412217860904622,382.527396188037
96.25000000001234,0.01,125.0,-0.7505054473876953,24.73347887576148,1163.949048511796,-1.1186554390117645,1.4010169344226204,382.5415183666461
96.26000000001234,0.01,125.0,-0.7499799728393555,24.7259738212876,1164.1963833005539,-1.117207287842344,1.3898303800324971,382.55552853599033
96.27000000001235,0.01,125.0,-0.7494421005249023,24.718474021559203,1164.4436430387668,-1.11574820898399,1.378658307154068,382.56942683979065
96.28000000001235,0.01,125.0,-0.748896598815918,24.71097960055395,1164.6908277789826,-1.114278216837222,1.3675008250642222,382.5832134228622
96.29000000001236,0.01,125.0,-0.7483406066894531,24.70349063456579,1164.9379375749882,-1.1127973259102693,1.3563580428958444,382.5968884311128
96.30000000001236,0.01,125.0,-0.7477741241455078,24.69600722849889,1165.184972481334,-1.1113055508189267,1.345230069636736,382.6104520115418
96.31000000001237,0.01,125.0,-0.7471981048583984,24.68852948725743,1165.4319325536192,-1.1098029062864128,1.3341170141285412,382.62390431223815
96.32000000001237,0.01,125.0,-0.7466115951538086,24.68105750620884,1165.678817848492,-1.108289407143222,1.3230189850656715,382.63724548237946
96.33000000001238,0.01,125.0,-0.7460145950317383,24.6735913902573,1165.9256284235541,-1.1067650683269803,1.3119360909942337,382.65047567223013
96.34000000001238,0.01,125.0,-0.7454071044921875,24.66613124430698,1166.1723643374569,-1.105229904882296,1.3008684403109583,382.6635950331401
96.35000000001239,0.01,125.0,-0.7447910308837891,24.658677173262053,1166.4190256499,-1.1036839319606129,1.2898161412621296,382.67660371754323
96.36000000001239,0.01,125.0,-0.7441644668579102,24.651229262953212,1166.6656124216329,-1.102127164820059,1.2787793019425178,382.68950187895587
96.3700000000124,0.01,125.0,-0.7435264587402344,24.64378761828463,1166.9121247142625,-1.1005596188252984,1.2677580302943114,382.7022896719753
96.3800000000124,0.01,125.0,-0.7428789138793945,24.636352353697223,1167.1585625904454,-1.0989813094473764,1.2567524341060528,382.71496725227826
96.3900000000124,0.01,125.0,-0.742222785949707,24.628923564558427,1167.4049261139826,-1.0973922522635697,1.2457626210115733,382.72753477661934
96.40000000001241,0.01,125.0,-0.7415542602539062,24.621501336698927,1167.6512153496283,-1.0957924629572313,1.234788698488932,382.73999240282944
96.41000000001242,0.01,125.0,-0.7408781051635742,24.614085794096383,1167.8974303629955,-1.0941819573176355,1.2238307738593541,382.75234028981436
96.42000000001242,0.01,125.0,-0.7401905059814453,24.60667701304474,1168.1435712209366,-1.092560751239823,1.2128889542861723,382.76457859755294
96.43000000001243,0.01,125.0,-0.7394905090332031,24.599275107984923,1168.389637991067,-1.0909288607244432,1.2019633467737685,382.7767074870958
96.44000000001243,0.01,125.0,-0.7387847900390625,24.591880202894586,1168.635630742147,-1.0892863018775967,1.1910540581665185,382.7887271205635
96.45000000001244,0.01,125.0,-0.7380685806274414,24.584492354994193,1168.881549544176,-1.0876330909106762,1.180161195147737,382.8006376611452
96.46000000001244,0.01,125.0,-0.737339973449707,24.577111669187914,1169.1273944677262,-1.0859692441402065,1.1692848642386249,382.81243927309663
96.47000000001245,0.01,125.0,-0.7366018295288086,24.569738269453413,1169.373165584418,-1.0842947779876833,1.1584251717972172,382.824132121739
96.48000000001245,0.01,125.0,-0.7358541488647461,24.56237225115812,1169.6188629671128,-1.0826097089794118,1.1475822240173348,382.835716373457
96.49000000001246,0.01,125.0,-0.7350959777832031,24.55501370966947,1169.8644866896245,-1.0809140537463426,1.136756126927535,382.8471921956972
96.50000000001246,0.01,125.0,-0.7343292236328125,24.547662749891636,1170.1100368267214,-1.0792078290239087,1.125946986390066,382.85855975696643
96.51000000001247,0.01,125.0,-0.733551025390625,24.540319457655304,1170.3555134542205,-1.0774910516518588,1.1151549080998213,382.8698192268303
96.52000000001247,0.01,125.0,-0.7327642440795898,24.532983947401394,1170.6009166487972,-1.0757637385740926,1.1043799975832973,382.8809707759113
96.53000000001248,0.01,125.0,-0.7319660186767578,24.525656304960595,1170.8462464882714,-1.074025906838493,1.0936223601975508,382.8920145758871
96.54000000001248,0.01,125.0,-0.7311573028564453,24.518336644773825,1171.091503051321,-1.0722775735967576,1.0828821011291603,382.9029507994891
96.55000000001249,0.01,125.0,-0.730341911315918,24.51102507174526,1171.336686417769,-1.0705187561042293,1.0721593253931871,382.91377962050035
96.5600000000125,0.01,125.0,-0.7295131683349609,24.503721652632095,1171.5817966684865,-1.0687494717197272,1.0614541378321394,382.9245012137543
96.5700000000125,0.01,125.0,-0.7286748886108398,24.49642652094874,1171.826833885013,-1.0669697379053737,1.0507666431149367,382.93511575513264
96.5800000000125,0.01,125.0,-0.7278289794921875,24.48913977206263,1172.0717981502225,-1.065179572226423,1.0400969457358775,382.9456234215638
96.59000000001251,0.01,125.0,-0.7269725799560547,24.481861482267703,1172.3166895479433,-1.0633789923510875,1.029445150013608,382.9560243910212
96.60000000001251,0.01,125.0,-0.7261037826538086,24.47459175646814,1172.5615081627661,-1.061568016050364,1.0188113600900917,382.96631884252133
96.61000000001252,0.01,125.0,-0.7252273559570312,24.4673307186416,1172.806254080331,-1.0597466611978572,1.0081956799295826,382.97650695612225
96.62000000001252,0.01,125.0,-0.7243404388427734,24.460078445082026,1173.0509273875175,-1.0579149457696042,0.9975982133175986,382.98658891292155
96.63000000001253,0.01,125.0,-0.7234420776367188,24.452835040693593,1173.2955281719685,-1.0560728878438967,0.9870190638598971,382.99656489505475
96.64000000001253,0.01,125.0,-0.7225370407104492,24.445600619917222,1173.5400565223756,-1.054220505601103,0.9764583349814527,383.00643508569334
96.65000000001254,0.01,125.0,-0.7216196060180664,24.438375249510113,1173.7845125285749,-1.0523578173234878,0.9659161299254363,383.01619966904315
96.66000000001254,0.01,125.0,-0.7206935882568359,24.431159053449928,1174.02889628107,-1.0504848413950325,0.9553925517521961,383.02585883034243
96.67000000001255,0.01,125.0,-0.719757080078125,24.423952117567357,1174.2732078716047,-1.0486015963012534,0.9448877033382403,383.03541275585997
96.68000000001256,0.01,125.0,-0.71881103515625,24.416754546766573,1174.5174473927805,-1.0467081006290193,0.9344016873752224,383.04486163289334
96.69000000001256,0.01,125.0,-0.7178535461425781,24.409566436415005,1174.7616149382482,-1.0448043730663679,0.9239346063689269,383.0542056497671
96.70000000001257,0.01,125.0,-0.716888427734375,24.402387900953578,1175.0057106026125,-1.0428904324023216,0.9134865626382579,383.06344499583076
96.71000000001257,0.01,125.0,-0.715911865234375,24.39521901667623,1175.2497344816222,-1.0409662975267024,0.9030576583142294,383.07257986145714
96.72000000001258,0.01,125.0,-0.7149286270141602,24.388059898023883,1175.4936866717892,-1.0390319874299445,0.892647995338957,383.0816104380403
96.73000000001258,0.01,125.0,-0.7139320373535156,24.380910611753738,1175.7375672707697,-1.0370875212029076,0.8822576754646523,383.0905369179937
96.74000000001259,0.01,125.0,-0.7129278182983398,24.373771291380198,1175.9813763768873,-1.0351329180366886,0.8718868002526179,383.09935949474834
96.75000000001259,0.01,125.0,-0.7119121551513672,24.36664201319721,1176.2251140898013,-1.0331681972224311,0.8615354710722457,383.10807836275086
96.7600000000126,0.01,125.0,-0.7108869552612305,24.359522891645693,1176.4687805099334,-1.031193378151137,0.8512037891000162,383.1166937174616
96.7700000000126,0.01,125.0,-0.7098531723022461,24.352414022093075,1176.71237573885,-1.0292084803134731,0.8408918553184995,383.1252057553526
96.7800000000126,0.01,125.0,-0.7088079452514648,24.345315490370048,1176.955899879071,-1.0272135232995794,0.8305997705153595,383.1336146739058
96.79000000001261,0.01,125.0,-0.7077560424804688,24.33822741091753,1177.1993530339748,-1.0252085267988764,0.8203276352823584,383.141920671611
96.80000000001262,0.01,125.0,-0.7066926956176758,24.33114985049272,1177.4427353080841,-1.0231935105998704,0.8100755500143644,383.15012394796383
96.81000000001262,0.01,125.0,-0.7056179046630859,24.32408292353654,1177.6860468065893,-1.0211684945899575,0.7998436149083604,383.158224703464
96.82000000001263,0.01,125.0,-0.7045345306396484,24.317026744489905,1177.9292876358247,-1.0191334987552279,0.7896319299624556,383.16622313961307
96.83000000001263,0.01,125.0,-0.7034406661987305,24.309981399183506,1178.1724579032698,-1.0170885431802694,0.779440594974898,383.1741194589127
96.84000000001264,0.01,125.0,-0.7023401260375977,24.302946992521516,1178.4155577172617,-1.0150336480479678,0.7692697095430902,383.18191386486245
96.85000000001264,0.01,125.0,-0.7012262344360352,24.295923591261136,1178.658587187187,-1.0129688336393086,0.7591193730626052,383.1896065619579
96.86000000001265,0.01,125.0,-0.7001056671142578,24.28891132891677,1178.9015464231,-1.0108941203331763,0.748989684726207,383.1971977556885
96.87000000001265,0.01,125.0,-0.698974609375,24.281910272245625,1179.1444355363892,-1.0088095286061534,0.73888074352287,383.20468765253577
96.88000000001266,0.01,125.0,-0.6978340148925781,24.27492052615187,1179.3872546391117,-1.006715079032319,0.7287926482368033,383.212076459971
96.89000000001266,0.01,125.0,-0.6966838836669922,24.26794218600294,1179.6300038443733,-1.0046107922830445,0.718725497446475,383.2193643864534
96.90000000001267,0.01,125.0,-0.6955223083496094,24.260975347166266,1179.8726832662335,-1.002496689126791,0.7086793895236394,383.2265516414279
96.91000000001267,0.01,125.0,-0.6943521499633789,24.254020124082768,1180.1152930197052,-1.0003727904289028,0.6986544226323663,383.2336384353231
96.92000000001268,0.01,125.0,-0.6931734085083008,24.24707660258313,1180.357833220946,-0.9982391171514028,0.6886506947280722,383.2406249795494
96.93000000001268,0.01,125.0,-0.6919841766357422,24.240144868498046,1180.600303986972,-0.9960956903527847,0.678668303556553,383.2475114864967
96.94000000001269,0.01,125.0,-0.6907863616943359,24.233225026731684,1180.842705435657,-0.9939425311878058,0.6687073466530201,383.25429816953226
96.9500000000127,0.01,125.0,-0.6895771026611328,24.226317163114736,1181.0850376859246,-0.9917796609072778,0.6587679213411369,383.2609852429988
96.9600000000127,0.01,125.0,-0.688359260559082,24.219421392088123,1181.3273008575559,-0.9896071008578571,0.648850124732059,383.2675729222122
96.9700000000127,0.01,125.0,-0.6871328353881836,24.21253779948253,1181.569495071477,-0.9874248724818341,0.6389540537234755,383.2740614234595
96.98000000001271,0.01,125.0,-0.6858959197998047,24.205666471128644,1181.8116204494718,-0.9852329973169223,0.6290798049986521,383.2804509639967
96.99000000001271,0.01,125.0,-0.6846485137939453,24.198807511930642,1182.053677114183,-0.9830314969960444,0.6192274750254778,383.2867417620467
97.00000000001272,0.01,125.0,-0.6833934783935547,24.1919610267927,1182.2956651893026,-0.9808203932471198,0.6093971600555124,383.29293403679696
97.01000000001272,0.01,125.0,-0.6821279525756836,24.185127092008763,1182.5375847995706,-0.9785997078928499,0.5995889561230362,383.2990280083975
97.02000000001273,0.01,125.0,-0.6808538436889648,24.178305812483003,1182.7794360704909,-0.9763694628505027,0.5898029590441027,383.30502389795873
97.03000000001273,0.01,125.0,-0.6795692443847656,24.17149727404611,1183.021219128616,-0.9741296801316963,0.5800392644155927,383.3109219275492
97.04000000001274,0.01,125.0,-0.6782760620117188,24.16470158160226,1183.2629341013564,-0.9718803818421818,0.5702979676142708,383.3167223201934
97.05000000001274,0.01,125.0,-0.6769733428955078,24.15791882098214,1183.5045811171726,-0.9696215901816254,0.5605791637958439,383.3224252998695
97.06000000001275,0.01,125.0,-0.6756601333618164,24.151149087553183,1183.7461603053825,-0.9673533274433886,0.5508829478940227,383.32803109150746
97.07000000001275,0.01,125.0,-0.6743392944335938,24.144392486219562,1183.9876717962582,-0.9650756160143092,0.5412094146195838,383.3335399209864
97.08000000001276,0.01,125.0,-0.6730070114135742,24.137649093275222,1184.2291157211205,-0.9627884783744796,0.5315586584594358,383.33895201513263
97.09000000001276,0.01,125.0,-0.671666145324707,24.130919023161084,1184.4704922120534,-0.9604919370970244,0.5219307736756861,383.3442676017172
97.10000000001277,0.01,125.0,-0.6703157424926758,24.124202361707834,1184.7118014022851,-0.9581860148478794,0.5123258543047109,383.34948690945396
97.11000000001277,0.01,125.0,-0.6689567565917969,24.117499204282904,1184.9530434259023,-0.9558707343855659,0.5027439941562272,383.354610167997
97.12000000001278,0.01,125.0,-0.6675882339477539,24.110809636716983,1185.1942184179452,-0.9535461185609675,0.4931852868123666,383.35963760793857
97.13000000001279,0.01,125.0,-0.6662101745605469,24.104133754377504,1185.4353265143125,-0.9512121903171037,0.4836498256267521,383.3645694608067
97.14000000001279,0.01,125.0,-0.6648225784301758,24.097471652631896,1185.6763678518564,-0.9488689726889044,0.47413770372357616,383.369405959063
97.1500000000128,0.01,125.0,-0.6634254455566406,24.090823426847592,1185.9173425683828,-0.9465164888029813,0.4646490139966823,383.37414733610024
97.1600000000128,0.01,125.0,-0.6620206832885742,24.084189172392023,1186.1582508026513,-0.9441547618774008,0.4551838491086476,383.3787938262402
97.1700000000128,0.01,125.0,-0.6606044769287109,24.077568965559134,1186.3990926943754,-0.941783815221454,0.44574230148986876,383.3833456647313
97.18000000001281,0.01,125.0,-0.6591806411743164,24.070962920789842,1186.6398683840312,-0.9394036722354273,0.4363244633376494,383.3878030877462
97.19000000001282,0.01,125.0,-0.657745361328125,24.064371114378094,1186.880578013239,-0.9370143564103711,0.42693042661529035,383.3921663323796
97.20000000001282,0.01,125.0,-0.6563024520874023,24.05779366076481,1187.121221724383,-0.9346158913278679,0.41756028305118187,383.3964356366457
97.21000000001283,0.01,125.0,-0.6548519134521484,24.051230636243933,1187.3617996609908,-0.9322083006598,0.4082141241378984,383.40061123947623
97.22000000001283,0.01,125.0,-0.6533908843994141,24.044682117109407,1187.6023119673532,-0.9297916081681149,0.39889204113129567,383.4046933807176
97.23000000001284,0.01,125.0,-0.6519193649291992,24.038148208265408,1187.8427587885244,-0.9273658377045921,0.3895941250496098,383.4086823011289
97.24000000001284,0.01,125.0,-0.6504402160644531,24.03162901461611,1188.0831402706071,-0.9249310132106069,0.3803204666725591,383.4125782423794
97.25000000001285,0.01,125.0,-0.648951530456543,24.025124612455464,1188.3234565607534,-0.9224871587168937,0.3710711565404483,383.41638144704615
97.26000000001285,0.01,125.0,-0.6474533081054688,24.018635097150895,1188.563707806878,-0.9200342983433101,0.36184628495327464,383.42009215861157
97.27000000001286,0.01,125.0,-0.6459445953369141,24.012160564069838,1188.8038941578498,-0.9175724562985974,0.35264594196983684,383.4237106214611
97.28000000001286,0.01,125.0,-0.6444301605224609,24.005701118116466,1189.0440157634905,-0.9151016568801429,0.3434702174068462,383.4272370808808
97.29000000001287,0.01,125.0,-0.6429042816162109,23.999256816511238,1189.2840727746718,-0.9126219244737394,0.33431920083804006,383.43067178305483
97.30000000001287,0.01,125.0,-0.6413698196411133,23.992827773695073,1189.524065342837,-0.9101332835533443,0.325192981593298,383.43401497506323
97.31000000001288,0.01,125.0,-0.6398258209228516,23.986414075498658,1189.7639936205742,-0.9076357586808393,0.3160916487577599,383.43726690487915
97.32000000001288,0.01,125.0,-0.6382741928100586,23.980015817289427,1190.0038577613293,-0.9051293745057861,0.3070152911709469,383.4404278213667
97.33000000001289,0.01,125.0,-0.6367130279541016,23.973633075361324,1190.2436579195023,-0.9026141557651851,0.2979639974258844,383.44349797427844
97.34000000001289,0.01,125.0,-0.6351404190063477,23.96726594508178,1190.483394250256,-0.9000901272832295,0.28893785586822796,383.44647761425273
97.3500000000129,0.01,125.0,-0.6335620880126953,23.960914540891714,1190.7230669097069,-0.8975573139710614,0.27993695459539103,383.4493669928114
97.3600000000129,0.01,125.0,-0.6319742202758789,23.954578920011585,1190.962676055116,-0.895015740826526,0.27096138145567583,383.4521663623574
97.37000000001291,0.01,125.0,-0.6303749084472656,23.948259177808822,1191.2022218443162,-0.8924654329339238,0.262011224047406,383.45487597617193
97.38000000001291,0.01,125.0,-0.6287698745727539,23.941955428724345,1191.4417044360944,-0.8899064154637643,0.2530865697180622,383.4574960884124
97.39000000001292,0.01,125.0,-0.6271543502807617,23.935667729978615,1191.6811239903818,-0.8873387136725166,0.24418750556342,383.4600269541096
97.40000000001292,0.01,125.0,-0.6255292892456055,23.929396186475802,1191.9204806676817,-0.884762352902361,0.2353141184266903,383.46246882916523
97.41000000001293,0.01,125.0,-0.6238956451416016,23.923140893583344,1192.1597746295465,-0.8821773585809383,0.22646649489766218,383.4648219703495
97.42000000001293,0.01,125.0,-0.6222543716430664,23.916901937131925,1192.3990060384824,-0.8795837562210955,0.21764472131184828,383.4670866352985
97.43000000001294,0.01,125.0,-0.6206035614013672,23.910679393415492,1192.638175057854,-0.8769815714206468,0.20884888374963284,383.4692630825116
97.44000000001294,0.01,125.0,-0.6189422607421875,23.904473357801475,1192.8772818517882,-0.874370829862103,0.2000790680354219,383.4713515713491
97.45000000001295,0.01,125.0,-0.6172752380371094,23.89828393519405,1193.1163265853663,-0.871751557312429,0.19133535973679638,383.47335236202946
97.46000000001295,0.01,125.0,-0.615595817565918,23.89211118281368,1193.3553094247184,-0.8691237796227875,0.18261784416366764,383.47526571562685
97.47000000001296,0.01,125.0,-0.6139097213745117,23.885955224638018,1193.5942305365465,-0.8664875227282833,0.17392660636743532,383.4770918940685
97.48000000001296,0.01,125.0,-0.6122150421142578,23.87981612742427,1193.8330900887931,-0.8638428126477079,0.16526173114014805,383.4788311601322
97.49000000001297,0.01,125.0,-0.6105108261108398,23.873693977003125,1194.0718882500676,-0.861189675483282,0.15662330301366656,383.48048377744357
97.50000000001297,0.01,125.0,-0.6087989807128906,23.867588868742015,1194.3106251898378,-0.8585281374203981,0.14801140625882933,383.4820500104737
97.51000000001298,0.01,125.0,-0.6070756912231445,23.861500878934883,1194.5493010785253,-0.8558582247273625,0.13942612488462097,383.4835301245363
97.52000000001298,0.01,125.0,-0.6053476333618164,23.85543012202265,1194.787916087315,-0.8531799637551357,0.13086754263734296,383.4849243857851
97.53000000001299,0.01,125.0,-0.603607177734375,23.849376645689027,1195.0264703885352,-0.8504933809370722,0.12233574299978724,383.4862330612115
97.540000000013,0.01,125.0,-0.6018600463867188,23.84334057391168,1195.2649641549922,-0.8477985027886596,0.11383080919041216,383.4874564186415
97.550000000013,0.01,125.0,-0.6001033782958984,23.837321973447807,1195.5033975607314,-0.8450953559072575,0.10535282416252123,383.4885947267334
97.560000000013,0.01,125.0,-0.5983390808105469,23.831320939664845,1195.741770780466,-0.8423839669718342,0.09690187060344434,383.48964825497507
97.57000000001301,0.01,125.0,-0.5965662002563477,23.825337548856737,1195.9800839898626,-0.839664362742704,0.08847803093372168,383.4906172736811
97.58000000001302,0.01,125.0,-0.594782829284668,23.81937188685417,1196.2183373653513,-0.8369365700612623,0.08008138730629034,383.4915020539904
97.59000000001302,0.01,125.0,-0.592991828918457,23.81342405856132,1196.45653108422,-0.834200615849722,0.07171202160567344,383.4923028678635
97.60000000001303,0.01,125.0,-0.5911922454833984,23.807494140272134,1196.6946653248056,-0.8314565271108466,0.06337001544717195,383.49301998807954
97.61000000001303,0.01,125.0,-0.5893850326538086,23.801582217817298,1196.9327402662084,-0.8287043309276841,0.055055450176059235,383.493653688234
97.62000000001304,0.01,125.0,-0.5875682830810547,23.795688367490758,1197.1707560883867,-0.8259440544632994,0.046768406866778155,383.4942042427358
97.63000000001304,0.01,125.0,-0.5857429504394531,23.789812684659946,1197.4087129720617,-0.8231757249605073,0.03850896632214093,383.4946719268045
97.64000000001305,0.01,125.0,-0.5839099884033203,23.783955255155547,1197.6466110989084,-0.820399369741602,0.030277209072531647,383.4950570164677
97.65000000001305,0.01,125.0,-0.5820674896240234,23.778116155271512,1197.88445065146,-0.8176150162080889,0.022073215375111428,383.4953597885584
97.66000000001306,0.01,125.0,-0.5802173614501953,23.77229548037527,1198.1222318130128,-0.8148226918404132,0.013897065213026357,383.49558052071217
97.67000000001306,0.01,125.0,-0.5783586502075195,23.766493306760765,1198.3599547678168,-0.812022424197689,0.0057488382946180566,383.4957194913643
97.68000000001307,0.01,125.0,-0.5764904022216797,23.760709720258685,1198.5976197008845,-0.8092142409174274,-0.002371385947362987,383.49577697974723
97.69000000001307,0.01,125.0,-0.5746145248413086,23.754944816236467,1198.8352267980872,-0.806398169715264,-0.0104635283565414,383.49575326588774
97.70000000001308,0.01,125.0,-0.5727310180664062,23.74919867098805,1199.0727762462498,-0.8035742383846844,-0.018527510053698168,383.4956486306042
97.71000000001308,0.01,125.0,-0.5708389282226562,23.743471360807384,1199.3102682329597,-0.8007424747967509,-0.026563252437549124,383.49546335550366
97.72000000001309,0.01,125.0,-0.5689382553100586,23.737762971525154,1199.547702946568,-0.7979029068998267,-0.03457067718552073,383.4951977229793
97.73000000001309,0.01,125.0,-0.5670270919799805,23.73207358897205,1199.7850805762835,-0.7950555627193006,-0.04254970625452308,383.49485201620746
97.7400000000131,0.01,125.0,-0.5651092529296875,23.726403318052245,1200.0224013121733,-0.7922004703573103,-0.05050026188172016,383.4944265191449
97.7500000000131,0.01,125.0,-0.5631856918334961,23.720752225522947,1200.259665345354,-0.7893376579924646,-0.05842226658529732,383.4939215165261
97.76000000001311,0.01,125.0,-0.5612506866455078,23.71512036860461,1200.4968728676095,-0.7864671538795659,-0.06631564316522601,383.49333729386024
97.77000000001311,0.01,125.0,-0.5593070983886719,23.70950786173815,1200.7340240712956,-0.7835889863493308,-0.0741803147040257,383.4926741374286
97.78000000001312,0.01,125.0,-0.5573558807373047,23.70391479075426,1200.9711191499132,-0.780703183808111,-0.08201620456752301,383.49193233428156
97.79000000001312,0.01,125.0,-0.5553970336914062,23.698341231946884,1201.2081582978208,-0.7778097747376126,-0.08982323640560812,383.4911121722359
97.80000000001313,0.01,125.0,-0.5534305572509766,23.69278726160997,1201.4451417101404,-0.7749087876946146,-0.09760133415298822,383.4902139398718
97.81000000001313,0.01,125.0,-0.5514554977416992,23.687252956037455,1201.6820695827566,-0.7720002513106884,-0.10535042202993833,383.4892379265303
97.82000000001314,0.01,125.0,-0.5494718551635742,23.681738401060034,1201.9189421123172,-0.7690841942919137,-0.11307042454304916,383.48818442231
97.83000000001314,0.01,125.0,-0.5474796295166016,23.676243682508396,1202.1557594963278,-0.766160645418596,-0.12076126648597224,383.48705371806454
97.84000000001315,0.01,125.0,-0.5454797744750977,23.670768886213228,1202.3925219331531,-0.7632296335449823,-0.1284228729401621,383.4858461053997
97.85000000001315,0.01,125.0,-0.5434722900390625,23.665314088468474,1202.6292296220154,-0.7602911875989767,-0.13605516927561584,383.4845618766703
97.86000000001316,0.01,125.0,-0.5414562225341797,23.65987936556808,1202.8658827629001,-0.7573453365818543,-0.1436580811516095,383.48320132497753
97.87000000001316,0.01,125.0,-0.5394306182861328,23.654464803342737,1203.1024815565559,-0.7543921095679754,-0.1512315345174319,383.481764744166
97.88000000001317,0.01,125.0,-0.5374002456665039,23.649070497159872,1203.3390262045893,-0.7514315357044982,-0.1587754556131155,383.48025242882085
97.89000000001317,0.01,125.0,-0.5353593826293945,23.643696494703203,1203.575516909561,-0.7484636442110916,-0.16628977097016434,383.47866467426473
97.90000000001318,0.01,125.0,-0.5333118438720703,23.638342900876907,1203.8119538745082,-0.7454884643796467,-0.1737744074122791,383.477001776555
97.91000000001318,0.01,125.0,-0.5312557220458984,23.633009782438183,1204.048337303517,-0.7425060255739867,-0.18122929205607938,383.4752640324809
97.92000000001319,0.01,125.0,-0.5291900634765625,23.627697225217723,1204.2846674013415,-0.7395163572295792,-0.18865435231182304,383.47345173956035
97.9300000000132,0.01,125.0,-0.5271186828613281,23.622405324582953,1204.5209443735937,-0.7365194888532434,-0.19604951588412262,383.4715651960372
97.9400000000132,0.01,125.0,-0.5250387191772461,23.617134137754338,1204.7571684268396,-0.7335154500228606,-0.20341471077265882,383.46960470087834
97.9500000000132,0.01,125.0,-0.5229501724243164,23.611883750562562,1204.9933397682173,-0.7305042703870808,-0.2107498652728912,383.4675705537706
97.96000000001321,0.01,125.0,-0.5208549499511719,23.606654248838318,1205.229458605723,-0.7274859796650316,-0.21805490797676574,383.4654630551179
97.97000000001321,0.01,125.0,-0.5187520980834961,23.601445699338804,1205.4655251482116,-0.724460607646024,-0.2253297677734198,383.4632825060381
97.98000000001322,0.01,125.0,-0.5166397094726562,23.596258178357967,1205.701539605205,-0.7214281841892584,-0.23257437384988372,383.4610292083604
97.99000000001323,0.01,125.0,-0.5145196914672852,23.591091781263238,1205.9375021869887,-0.71838873922353,-0.23978865569177998,383.4587034646219
98.00000000001323,0.01,125.0,-0.5123910903930664,23.585946584348562,1206.1734131048015,-0.7153423027469336,-0.24697254308401895,383.456305578065
98.01000000001324,0.01,125.0,-0.5102577209472656,23.58082267344463,1206.409272570645,-0.7122889048265671,-0.25412596611149196,383.45383585263414
98.02000000001324,0.01,125.0,-0.5081148147583008,23.575720096235155,1206.6450807973797,-0.7092285755982356,-0.26124885515976126,383.451294592973
98.03000000001325,0.01,125.0,-0.5059642791748047,23.57063894808757,1206.8808379983423,-0.7061613452661529,-0.26834114091574723,383.4486821044214
98.04000000001325,0.01,125.0,-0.5038061141967773,23.56557930529582,1207.1165443878233,-0.7030872441026441,-0.2754027543684124,383.4459986930122
98.05000000001326,0.01,125.0,-0.5016403198242188,23.56054124415385,1207.3522001808765,-0.7000063024478468,-0.2824336268094424,383.4432446654685
98.06000000001326,0.01,125.0,-0.4994668960571289,23.555524840955606,1207.587805593318,-0.696918550709411,-0.2894336898339244,383.44042032920044
98.07000000001327,0.01,125.0,-0.4972848892211914,23.55053017199503,1207.8233608417277,-0.6938240193622,-0.2964028753410221,383.4375259923021
98.08000000001327,0.01,125.0,-0.49509525299072266,23.545557323102816,1208.0588661434476,-0.6907227389479887,-0.30334111553464765,383.4345619635487
98.09000000001328,0.01,125.0,-0.49289894104003906,23.540606370572906,1208.2943217166787,-0.687614740075163,-0.31024834292413106,383.43152855239333
98.10000000001328,0.01,125.0,-0.4906949996948242,23.535677381162504,1208.5297277803845,-0.6845000534184167,-0.3171244903248862,383.4284260689641
98.11000000001329,0.01,125.0,-0.4884834289550781,23.530770431165553,1208.7650845541962,-0.6813787097184499,-0.3239694908590739,383.42525482406086
98.12000000001329,0.01,125.0,-0.4862642288208008,23.525885596876,1209.0003922585079,-0.6782507397816648,-0.3307832779562619,383.42201512915227
98.1300000000133,0.01,125.0,-0.4840373992919922,23.521022954587792,1209.2356511144767,-0.6751161744798618,-0.337565785354082,383.4187072963727
98.1400000000133,0.01,125.0,-0.48180294036865234,23.51618258059487,1209.4708613440228,-0.6719750447499349,-0.34431694709888405,383.41533163851915
98.1500000000133,0.01,125.0,-0.47956085205078125,23.51136455119118,1209.7060231698288,-0.6688273815935665,-0.35103669754638683,383.41188846904817
98.16000000001331,0.01,125.0,-0.4773111343383789,23.50656894267067,1209.9411368153408,-0.6656732160769211,-0.3577249713623259,383.4083781020727
98.17000000001332,0.01,125.0,-0.4750556945800781,23.501795831327282,1210.1762025047676,-0.6625125793303389,-0.3643817035230985,383.4048008523591
98.18000000001332,0.01,125.0,-0.4727907180786133,23.497045274381477,1210.411220463081,-0.6593455025480288,-0.3710068293164053,383.4011570353238
98.19000000001333,0.01,125.0,-0.47052001953125,23.492317367200688,1210.646190915825,-0.65617201698776,-0.3776002843418889,383.39744696703065
98.20000000001333,0.01,125.0,-0.46823978424072266,23.487612167005373,1210.881114089497,-0.6529921539705537,-0.38416200451176985,383.3936709641872
98.21000000001334,0.01,125.0,-0.4659547805786133,23.482929769162965,1211.1159902111672,-0.649805944880374,-0.39069192605147873,383.3898293441421
98.22000000001334,0.01,125.0,-0.46366119384765625,23.478270221357175,1211.3508195088589,-0.6466134211638185,-0.3971899855002858,383.3859224248815
98.23000000001335,0.01,125.0,-0.4613609313964844,23.473633609418695,1211.5856022110725,-0.6434146143298073,-0.4036561197119273,383.3819505250265
98.24000000001335,0.01,125.0,-0.45905113220214844,23.469020000104727,1211.8203385471668,-0.6402095559492725,-0.4100902658552286,383.3779139638294
98.25000000001336,0.01,125.0,-0.4567375183105469,23.464429488782702,1212.0550287471679,-0.6369982776548464,-0.4164923614147246,383.3738130611709
98.26000000001336,0.01,125.0,-0.45441436767578125,23.459862113599595,1212.2896730420557,-0.6337808111405493,-0.42286234419127633,383.36964813755674
98.27000000001337,0.01,125.0,-0.4520845413208008,23.455317969922834,1212.524271663192,-0.6305571881614768,-0.42920015230268505,383.3654195141148
98.28000000001337,0.01,125.0,-0.44974708557128906,23.450797124509624,1212.7588248428913,-0.6273274405334861,-0.43550572418430306,383.3611275125918
98.29000000001338,0.01,125.0,-0.4474029541015625,23.44629965365391,1212.9933328141365,-0.6240916001328825,-0.44177899858964115,383.3567724553499
98.30000000001338,0.01,125.0,-0.4450511932373047,23.44182562411289,1213.2277958106731,-0.6208496988961044,-0.4480199145909732,383.35235466536403
98.31000000001339,0.01,125.0,-0.44269275665283203,23.437375112180515,1213.4622140669144,-0.6176017688194082,-0.4542284115799374,383.3478744662181
98.3200000000134,0.01,125.0,-0.44032859802246094,23.432948184613984,1213.6965878180363,-0.6143478419585525,-0.46040442926813463,383.3433321821023
98.3300000000134,0.01,125.0,-0.4379568099975586,23.428544898633756,1213.9309172998826,-0.6110879504284819,-0.4665479076877233,383.3387281378096
98.3400000000134,0.01,125.0,-0.4355754852294922,23.42416533053378,1214.165202748869,-0.6078221264030094,-0.47265878719201126,383.3340626587327
98.35000000001341,0.01,125.0,-0.43318748474121094,23.41980957568148,1214.3994444021744,-0.6045504021144998,-0.47873700845604444,383.3293360708608
98.36000000001341,0.01,125.0,-0.43079471588134766,23.415477700834067,1214.6336424979313,-0.6012728098535511,-0.48478251247719256,383.32454870077623
98.37000000001342,0.01,125.0,-0.42839527130126953,23.411169753675253,1214.8677972749397,-0.5979893819686758,-0.49079524057573115,383.31970087565145
98.38000000001342,0.01,125.0,-0.42598628997802734,23.40688580096224,1215.1019089724766,-0.5947001508659813,-0.496775134395421,383.3147929232457
98.39000000001343,0.01,125.0,-0.4235715866088867,23.402625938062457,1215.3359778304864,-0.5914051490088507,-0.5027221359040839,383.30982517190176
98.40000000001343,0.01,125.0,-0.42115211486816406,23.398390222196365,1215.570004089867,-0.5881044089176221,-0.5086361873941754,383.3047979505427
98.41000000001344,0.01,125.0,-0.41872215270996094,23.394178701047682,1215.803987992089,-0.5847979631692677,-0.5145172314833546,383.29971158866874
98.42000000001345,0.01,125.0,-0.4162874221801758,23.38999147952058,1216.0379297790996,-0.5814858443970721,-0.5203652111150503,383.2945664163539
98.43000000001345,0.01,125.0,-0.4138460159301758,23.385828605298776,1216.271829693895,-0.5781680852903105,-0.526180069559024,383.28936276424275
98.44000000001346,0.01,125.0,-0.4113960266113281,23.381690145139473,1216.505687979948,-0.5748447185939258,-0.5319617504119301,383.28410096354713
98.45000000001346,0.01,125.0,-0.40894222259521484,23.37757618487336,1216.7395048813996,-0.5715157771082057,-0.5377101975978723,383.278781346043
98.46000000001347,0.01,125.0,-0.4064798355102539,23.373486762647403,1216.9732806432485,-0.5681812936884585,-0.5434253553689573,383.273404244067
98.47000000001347,0.01,125.0,-0.4040098190307617,23.369421964292297,1217.207015510875,-0.5648413012446896,-0.5491071683058448,383.26796999051334
98.48000000001348,0.01,125.0,-0.4015340805053711,23.365381866101988,1217.440709730518,-0.5614958327412758,-0.5547555813182946,383.26247891883025
98.49000000001348,0.01,125.0,-0.3990507125854492,23.361366525296933,1217.6743635491791,-0.5581449211966407,-0.5603705396457103,383.2569313630171
98.50000000001349,0.01,125.0,-0.3965625762939453,23.357376018171077,1217.9079772144323,-0.5547885996829286,-0.5659519888576795,383.2513276576206
98.51000000001349,0.01,125.0,-0.39406490325927734,23.353410392408136,1218.1415509746141,-0.5514269013256775,-0.5714998748545116,383.245668137732
98.5200000000135,0.01,125.0,-0.39156436920166016,23.349469743375543,1218.3750850785384,-0.5480598593034933,-0.5770141438677712,383.2399531389835
98.5300000000135,0.01,125.0,-0.3890552520751953,23.345554099683525,1218.6085797759722,-0.5446875068477213,-0.5824947424608089,383.2341829975448
98.5400000000135,0.01,125.0,-0.3865394592285156,23.34166354716277,1218.8420353169693,-0.5413098772421189,-0.5879416175292889,383.22835805012016
98.55000000001351,0.01,125.0,-0.3840169906616211,23.337798152570482,1219.075451952441,-0.5379270038225265,-0.5933547163017128,383.2224786339449
98.56000000001352,0.01,125.0,-0.38148975372314453,23.333957982663865,1219.3088299339668,-0.534538919976539,-0.5987339863399408,383.2165450867819
98.57000000001352,0.01,125.0,-0.3789529800415039,23.330143085126632,1219.5421695137936,-0.5311456591431764,-0.6040793755397089,383.2105577469185
98.58000000001353,0.01,125.0,-0.37641239166259766,23.326353555326214,1219.7754709446451,-0.5277472548125529,-0.6093908321311434,383.2045169531631
98.59000000001353,0.01,125.0,-0.37386322021484375,23.322589431409586,1220.0087344801984,-0.5243437405255476,-0.6146683046792717,383.1984230448418
98.60000000001354,0.01,125.0,-0.3713092803955078,23.318850799207436,1220.2419603745127,-0.5209351498734722,-0.6199117420845298,383.192276361795
98.61000000001354,0.01,125.0,-0.3687477111816406,23.31513770640348,1220.475148882505,-0.5175215164977405,-0.6251210935832672,383.18607724437413
98.62000000001355,0.01,125.0,-0.3661813735961914,23.311450229291662,1220.7083002595691,-0.5141028740895355,-0.6302963087482473,383.1798260334383
98.63000000001355,0.01,125.0,-0.36360836029052734,23.3077884155557,1220.9414147618622,-0.5106792563894779,-0.6354373374891452,383.1735230703508
98.64000000001356,0.01,125.0,-0.36102771759033203,23.304152331952793,1221.1744926460178,-0.5072506971872921,-0.6405441300530426,383.1671686969759
98.65000000001356,0.01,125.0,-0.3584423065185547,23.300542054776887,1221.4075341693374,-0.5038172303214733,-0.6456166370249181,383.16076325567536
98.66000000001357,0.01,125.0,-0.3558502197265625,23.2969576317117,1221.6405395898853,-0.5003788896789534,-0.6506548093281355,383.1543070893051
98.67000000001357,0.01,125.0,-0.3532524108886719,23.29339912951443,1221.8735091662024,-0.4969357091947662,-0.6556585982249276,383.14780054121184
98.68000000001358,0.01,125.0,-0.35064697265625,23.289866605405543,1222.1064431574978,-0.4934877228517132,-0.6606279553168778,383.1412439552296
98.69000000001358,0.01,125.0,-0.3480367660522461,23.28636013567898,1222.3393418235519,-0.4900349646800275,-0.6655628325453975,383.1346376756764
98.70000000001359,0.01,125.0,-0.34541797637939453,23.282879768018454,1222.5722054249088,-0.48657746875703844,-0.6704631821922002,383.12798204735094
98.7100000000136,0.01,125.0,-0.34279441833496094,23.279425588254657,1222.805034222589,-0.4831152692068348,-0.6753289568797731,383.121277415529
98.7200000000136,0.01,125.0,-0.3401660919189453,23.275997644071307,1223.0378284784717,-0.4796484001999284,-0.6801601095718439,383.1145241259602
98.7300000000136,0.01,125.0,-0.33753013610839844,23.272595983152115,1223.2705884549125,-0.4761768959529168,-0.6849565935738456,383.10772252486447
98.74000000001361,0.01,125.0,-0.3348884582519531,23.26922068179103,1223.5033144147442,-0.47270079072814536,-0.6897183625333773,383.10087295892873
98.75000000001361,0.01,125.0,-0.3322410583496094,23.265871797208508,1223.7360066215622,-0.4692201188333692,-0.6944453704406611,383.0939757753034
98.76000000001362,0.01,125.0,-0.3295869827270508,23.26254938662501,1223.9686653395345,-0.465734914621415,-0.6991375716289973,383.087031321599
98.77000000001362,0.01,125.0,-0.32692718505859375,23.259253516797738,1224.201290833401,-0.462245212489841,-0.7037949207752138,383.08003994588273
98.78000000001363,0.01,125.0,-0.3242626190185547,23.25598424494715,1224.433883368569,-0.45875104688059454,-0.7084173729001145,383.073001996675
98.79000000001363,0.01,125.0,-0.3215913772583008,23.252741618756964,1224.6664432110185,-0.4552524522796875,-0.7130048833689229,383.06591782294595
98.80000000001364,0.01,125.0,-0.31891441345214844,23.24952570498438,1224.8989706272062,-0.45174946321683207,-0.7175574078917221,383.05878777411226
98.81000000001364,0.01,125.0,-0.31623077392578125,23.246336560849855,1225.1314658842562,-0.44824211426511623,-0.7220749025238927,383.05161220003333
98.82000000001365,0.01,125.0,-0.3135414123535156,23.243174253110595,1225.3639292498647,-0.444730440040658,-0.7265573236665461,383.0443914510081
98.83000000001365,0.01,125.0,-0.31084632873535156,23.240038838987058,1225.5963609923958,-0.4412144752022644,-0.731004628066955,383.0371258777714
98.84000000001366,0.01,125.0,-0.30814647674560547,23.236930375699703,1225.8287613807859,-0.4376942544510889,-0.7354167728189799,383.02981583149074
98.85000000001367,0.01,125.0,-0.30543994903564453,23.233848910932245,1226.061130684543,-0.4341698125302891,-0.739793715363493,383.02246166376256
98.86000000001367,0.01,125.0,-0.30272769927978516,23.230794511441886,1226.2934691736525,-0.4306411842246839,-0.7441354134887982,383.0150637266089
98.87000000001368,0.01,125.0,-0.30000972747802734,23.227767234449086,1226.525777118767,-0.42710840436041003,-0.7484418253310472,383.00762237247403
98.88000000001368,0.01,125.0,-0.2972869873046875,23.224767137174304,1226.7580547911118,-0.4235715078045787,-0.7527129093746535,383.0001379542207
98.89000000001369,0.01,125.0,-0.2945575714111328,23.221794267301256,1226.9903024624837,-0.42003052946493086,-0.7569486244527015,382.9926108251269
98.90000000001369,0.01,125.0,-0.2918224334716797,23.218848691587144,1227.2225204051567,-0.41648550428949327,-0.7611489297473529,382.9850413388824
98.9100000000137,0.01,125.0,-0.28908252716064453,23.215930467252427,1227.4547088920726,-0.4129364672662331,-0.76531378479025,382.97742984958495
98.9200000000137,0.01,125.0,-0.28633785247802734,23.21303964198082,1227.6868681967453,-0.4093834534227131,-0.7694431494629145,382.96977671173704
98.9300000000137,0.01,125.0,-0.2835845947265625,23.210176263456038,1227.9189985931653,-0.40582649782574537,-0.7735369839971437,382.9620822802424
98.94000000001371,0.01,125.0,-0.28082752227783203,23.20734041750877,1228.1511003558,-0.4022656355810458,-0.7775952489754032,382.9543469104024
98.95000000001372,0.01,125.0,-0.2780647277832031,23.20453214228599,1228.3831737599753,-0.39870090183288703,-0.7816179053312158,382.9465709579127
98.96000000001372,0.01,125.0,-0.2752981185913086,23.201751495008157,1228.6152190813982,-0.3951323317637521,-0.7856049143495467,382.9387547788594
98.97000000001373,0.01,125.0,-0.2725248336791992,23.198998513822243,1228.8472365963485,-0.39155996059398684,-0.7895562376671863,382.93089872971586
98.98000000001373,0.01,125.0,-0.269744873046875,23.19627326548545,1229.0792265814869,-0.3879838235814525,-0.7934718372731282,382.9230031673392
98.99000000001374,0.01,125.0,-0.26696205139160156,23.19357581675498,1229.3111893141418,-0.3844039560211777,-0.7973516755089447,382.91506844896645
99.00000000001374,0.01,125.0,-0.2641716003417969,23.190906196241063,1229.5431250723095,-0.38082039324500994,-0.8011957150691584,382.90709493221135
99.01000000001375,0.01,125.0,-0.26137638092041016,23.188264480237642,1229.7750341342721,-0.37723317062126704,-0.8050039190016105,382.89908297506065
99.02000000001375,0.01,125.0,-0.2585773468017578,23.185650716428437,1230.0069167790746,-0.3736423235543882,-0.8087762507078251,382.8910329358706
99.03000000001376,0.01,125.0,-0.2557716369628906,23.183064942960417,1230.238773286239,-0.37004788748458417,-0.8125126739433709,382.8829451733635
99.04000000001376,0.01,125.0,-0.2529621124267578,23.180507226590787,1230.4706039356686,-0.36644989788748794,-0.8162131528182186,382.87482004662405
99.05000000001377,0.01,125.0,-0.25014495849609375,23.17797760546652,1230.7024090079346,-0.36284839027380417,-0.8198776517970954,382.86665791509586
99.06000000001377,0.01,125.0,-0.24732398986816406,23.175476155881558,1230.9341887839894,-0.359243400188959,-0.8235061356998352,382.85845913857787
99.07000000001378,0.01,125.0,-0.24449729919433594,23.173002915982874,1231.1659435455483,-0.3556349632127493,-0.8270985697017267,382.85022407722084
99.08000000001378,0.01,125.0,-0.2416667938232422,23.17055794299093,1231.3976735747083,-0.3520231149589912,-0.830654919333856,382.8419530915238
99.09000000001379,0.01,125.0,-0.2388296127319336,23.168141275052694,1231.6293791541384,-0.3484078910751687,-0.8341751504834478,382.8336465423305
99.1000000000138,0.01,125.0,-0.23598766326904297,23.165752978925372,1231.8610605668891,-0.34478932724208206,-0.8376592293942012,382.82530479082567
99.1100000000138,0.01,125.0,-0.2331409454345703,23.16339310229268,1232.0927180966785,-0.3411674591734955,-0.8411071226666238,382.81692819853174
99.1200000000138,0.01,125.0,-0.23028945922851562,23.161061692838334,1232.3243520277015,-0.33754232261578454,-0.8445187972583605,382.8085171273051
99.13000000001381,0.01,125.0,-0.22743511199951172,23.158758798246048,1232.55596264463,-0.3339139533475836,-0.8478942204845201,382.8000719393325
99.14000000001381,0.01,125.0,-0.22457122802734375,23.15648444712605,1232.7875502326126,-0.3302823871794325,-0.8512333600179977,382.7915929971276
99.15000000001382,0.01,125.0,-0.22170543670654297,23.154238734845777,1233.019115077084,-0.3266476599534231,-0.8545361838897937,382.7830806635274
99.16000000001382,0.01,125.0,-0.21883487701416016,23.15202168047871,1233.2506574644326,-0.3230098075428458,-0.8578026604893296,382.7745353016885
99.17000000001383,0.01,125.0,-0.2159576416015625,23.149833331708567,1233.4821776812375,-0.31936886585183527,-0.8610327585647597,382.7659572750836
99.18000000001383,0.01,125.0,-0.21307659149169922,23.14767375529255,1233.7136760145547,-0.31572487081501605,-0.8642264472232797,382.757346947498
99.19000000001384,0.01,125.0,-0.2101917266845703,23.145542989377635,1233.9451527521078,-0.3120778583971479,-0.8673836959314315,382.7487046830257
99.20000000001384,0.01,125.0,-0.20729923248291016,23.14344107211079,1234.1766081820017,-0.3084278645927712,-0.8705044745154046,382.7400308460664
99.21000000001385,0.01,125.0,-0.2044048309326172,23.14136807978596,1234.408042592723,-0.30477492542585116,-0.8735887531613339,382.73132580132125
99.22000000001385,0.01,125.0,-0.20150470733642578,23.139324031476633,1234.6394562735209,-0.30111907694942264,-0.876636502415594,382.72258991378965
99.23000000001386,0.01,125.0,-0.19859981536865234,23.13730898440327,1234.8708495138358,-0.2974603552452341,-0.8796476931850897,382.7138235487655
99.24000000001386,0.01,125.0,-0.19568920135498047,23.13532298624958,1235.1022226036798,-0.2937987964233918,-0.8826222967375436,382.7050270718336
99.25000000001387,0.01,125.0,-0.19277572631835938,23.13336609423603,1235.3335758335425,-0.29013443662200294,-0.8855602847017789,382.6962008488662
99.26000000001387,0.01,125.0,-0.18985652923583984,23.131438336972845,1235.564909494485,-0.2864673120068196,-0.8884616290680004,382.6873452460192
99.27000000001388,0.01,125.0,-0.1869335174560547,23.129539771680484,1235.7962238778548,-0.28279745877088097,-0.8913263021880701,382.67846062972853
99.28000000001389,0.01,125.0,-0.1840047836303711,23.127670436505923,1236.0275192755716,-0.2791249131341571,-0.8941542767757803,382.66954736670664
99.29000000001389,0.01,125.0,-0.18107128143310547,23.12583038866962,1236.2587959799368,-0.27544971134319074,-0.8969455259071233,382.66060582393885
99.3000000000139,0.01,125.0,-0.17813491821289062,23.124019675855287,1236.4900542838236,-0.2717718896707398,-0.8997000230205566,382.65163636867976
99.3100000000139,0.01,125.0,-0.17519378662109375,23.122238326673155,1236.7212944805822,-0.26809148441541936,-0.9024177419172654,382.6426393684495
99.3200000000139,0.01,125.0,-0.17224788665771484,23.120486388806945,1236.952516863849,-0.2644085319013435,-0.905098656761421,382.63361519103034
99.33000000001391,0.01,125.0,-0.1692981719970703,23.118763909940366,1237.1837217277373,-0.26072306847776666,-0.9077427420804358,382.62456420446273
99.34000000001392,0.01,125.0,-0.16634178161621094,23.117070928220393,1237.4149093668368,-0.2570351305187249,-0.9103499727652148,382.6154867770419
99.35000000001392,0.01,125.0,-0.16338443756103516,23.11540751040423,1237.6460800761192,-0.25334475442267707,-0.9129203240704034,382.60638327731425
99.36000000001393,0.01,125.0,-0.16041946411132812,23.113773666028617,1237.8772341512233,-0.24965197661214533,-0.9154537716146314,382.59725407407353
99.37000000001393,0.01,125.0,-0.15745258331298828,23.112169471387503,1238.1083718878838,-0.24595683353335585,-0.9179502913807541,382.5880995363574
99.38000000001394,0.01,125.0,-0.15447998046875,23.11059494555437,1238.3394935825977,-0.242259361655879,-0.9204098597160889,382.5789200334436
99.39000000001394,0.01,125.0,-0.1515045166015625,23.109050145749684,1238.5705995320534,-0.2385595974722695,-0.922832453332649,382.56971593484644
99.40000000001395,0.01,125.0,-0.14852523803710938,23.107535100583668,1238.801690033511,-0.23485757749770625,-0.9252180493073728,382.5604876103131
99.41000000001395,0.01,125.0,-0.145538330078125,23.106049848203295,1239.032765384517,-0.23115333826963172,-0.9275666250823511,382.55123542982
99.42000000001396,0.01,125.0,-0.14255046844482422,23.10459446490251,1239.263825882999,-0.2274469163473917,-0.9298781584650486,382.5419597635692
99.43000000001396,0.01,125.0,-0.1395578384399414,23.103168960218063,1239.4948718276482,-0.2237383483118742,-0.9321526276285237,382.5326609819845
99.44000000001397,0.01,125.0,-0.13655948638916016,23.101773381833663,1239.7259035172506,-0.22002767076514854,-0.9343900111116435,382.52333945570825
99.45000000001397,0.01,125.0,-0.1335592269897461,23.10040778696977,1239.956921251069,-0.216314920330104,-0.9365902878192962,382.51399555559715
99.46000000001398,0.01,125.0,-0.13055419921875,23.099072194699872,1240.1879253289387,-0.21260013365008848,-0.9387534370225984,382.50462965271896
99.47000000001398,0.01,125.0,-0.12754440307617188,23.097766652707683,1240.4189160508859,-0.20888334738854683,-0.9408794383591004,382.49524211834876
99.48000000001399,0.01,125.0,-0.12453174591064453,23.09649120867692,1240.649893717413,-0.20516459822865893,-0.9429682718329869,382.48583332396515
99.49000000001399,0.01,125.0,-0.12151432037353516,23.09524589121781,1240.8808586295,-0.20144392287297763,-0.9450199178152746,382.4764036412468
99.500000000014,0.01,125.0,-0.11849403381347656,23.094030748014074,1241.1118110884122,-0.19772135804306662,-0.9470343570440054,382.46695344206864
99.510000000014,0.01,125.0,-0.11546897888183594,23.09284580767594,1241.3427513958925,-0.1939969404791379,-0.9490115706244371,382.4574830984982
99.52000000001401,0.01,125.0,-0.11243915557861328,23.09169111788712,1241.5736798539695,-0.1902707069396892,-0.9509515400292294,382.44799298279196
99.53000000001401,0.01,125.0,-0.10940742492675781,23.090566726331332,1241.8045967651485,-0.18654269420114125,-0.9528542470986273,382.4384834673917
99.54000000001402,0.01,125.0,-0.10637187957763672,23.089472652082065,1242.035502432412,-0.18281293905747467,-0.9547196740406397,382.4289549249207
99.55000000001402,0.01,125.0,-0.1033315658569336,23.08840893328629,1242.266397158933,-0.17908147831986707,-0.9565478034312154,382.41940772818026
99.56000000001403,0.01,125.0,-0.10028839111328125,23.087375617627718,1242.4972812482658,-0.17534834881632935,-0.9583386182144149,382.40984225014597
99.57000000001403,0.01,125.0,-0.09723854064941406,23.086372733716583,1242.7281550044422,-0.17161358739134264,-0.9600921017025791,382.4002588639638
99.58000000001404,0.01,125.0,-0.09418869018554688,23.08540034831009,1242.9590187317795,-0.16787723090549445,-0.9618082375764934,382.3906579429468
99.59000000001404,0.01,125.0,-0.09113407135009766,23.084458461408232,1243.1898727352627,-0.1641393162351148,-0.9634870098855491,382.38103986057104
99.60000000001405,0.01,125.0,-0.08807659149169922,23.083547120694732,1243.420717319877,-0.1603998802719125,-0.9651284030479012,382.3714049904722
99.61000000001405,0.01,125.0,-0.08501434326171875,23.082666354779814,1243.651552791084,-0.15665895992261078,-0.9667324018506211,382.3617537064417
99.62000000001406,0.01,125.0,-0.08194732666015625,23.081816211347196,1243.882379454632,-0.15291659210858324,-0.9682989914498481,382.3520863824232
99.63000000001406,0.01,125.0,-0.07887840270996094,23.080996738080593,1244.1131976167455,-0.14917281376548938,-0.9698281573709348,382.3424033925087
99.64000000001407,0.01,125.0,-0.0758056640625,23.080207954053492,1244.3440075841265,-0.14542766184290998,-0.9713198855085904,382.33270511093497
99.65000000001407,0.01,125.0,-0.07273006439208984,23.079449897412868,1244.574809663667,-0.1416811733039825,-0.9727741621270203,382.3229919120799
99.66000000001408,0.01,125.0,-0.06965065002441406,23.078722596768948,1244.8056041626414,-0.1379333851250364,-0.9741909738600608,382.31326417045864
99.67000000001408,0.01,125.0,-0.06656742095947266,23.078026090268704,1245.0363913886092,-0.13418433429522791,-0.9755703077113119,382.30352226072006
99.68000000001409,0.01,125.0,-0.06348133087158203,23.077360416059108,1245.267171649512,-0.13043405781617515,-0.9769121510542649,382.2937665576429
99.6900000000141,0.01,125.0,-0.06039142608642578,23.076725602750393,1245.4979452536727,-0.12668259270159293,-0.9782164916324273,382.2839974361324
99.7000000000141,0.01,125.0,-0.05729866027832031,23.07612168848953,1245.7287125097002,-0.12292997597692742,-0.9794833175594438,382.27421527121606
99.7100000000141,0.01,125.0,-0.05420398712158203,23.075548701886746,1245.9594737265852,-0.11917624467899071,-0.9807126173192138,382.2644204380405
99.72000000001411,0.01,125.0,-0.051102638244628906,23.07500666201553,1246.1902292136042,-0.11542143585559525,-0.9819043797660043,382.2546133118673
99.73000000001412,0.01,125.0,-0.04800128936767578,23.07449563563308,1246.4209792802244,-0.11166558656518824,-0.9830585941245609,382.2447942680696
99.74000000001412,0.01,125.0,-0.04489612579345703,23.074015622739402,1246.6517242365808,-0.10790873387648589,-0.9841752499902133,382.23496368212835
99.75000000001413,0.01,125.0,-0.041787147521972656,23.07356666148147,1246.8824643928083,-0.10415091486810751,-0.9852543373289787,382.2251219296285
99.76000000001413,0.01,125.0,-0.03867340087890625,23.073148790006247,1247.1132000594232,-0.10039216662820968,-0.9862958464776603,382.21526938625516
99.77000000001414,0.01,125.0,-0.03555870056152344,23.072762055997458,1247.3439315473233,-0.09663252625412,-0.9872997681439429,382.20540642779036
99.78000000001414,0.01,125.0,-0.032440185546875,23.072406468991844,1247.5746591678835,-0.09287203085197117,-0.9882660934064846,382.1955334301089
99.79000000001415,0.01,125.0,-0.029320716857910156,23.072082067136375,1247.8053832325736,-0.08911071753633462,-0.9891948137150048,382.18565076917486
99.80000000001415,0.01,125.0,-0.026195526123046875,23.071788859967796,1248.036104053245,-0.08534862342985426,-0.9900859208903686,382.1757588210377
99.81000000001416,0.01,125.0,-0.023067474365234375,23.071526904706566,1248.266821941845,-0.08158578566288013,-0.9909394071246675,382.16585796182875
99.82000000001416,0.01,125.0,-0.01993846893310547,23.071296229962915,1248.497537210892,-0.07782224137310187,-0.9917552649812967,382.1559485677575
99.83000000001417,0.01,125.0,-0.01680469512939453,23.071096845273583,1248.7282501731918,-0.07405802770518219,-0.9925334873950281,382.14603101510767
99.84000000001417,0.01,125.0,-0.013669013977050781,23.07092879832229,1248.9589611416445,-0.07029318181039033,-0.9932740676720803,382.1361056802337
99.85000000001418,0.01,125.0,-0.010529518127441406,23.07079210818252,1249.1896704296278,-0.06652774084623533,-0.9939769994901845,382.12617293955697
99.86000000001418,0.01,125.0,-0.007388114929199219,23.070686813001245,1249.4203783507096,-0.06276174197609938,-0.9946422768986471,382.11623316956207
99.87000000001419,0.01,125.0,-0.004242897033691406,23.070612931851954,1249.6510852188396,-0.058995222368870885,-0.9952698943184085,382.10628674679305
99.88000000001419,0.01,125.0,-0.0010957717895507812,23.07057050288162,1249.8817913481582,-0.055228219198577774,-0.9958598465420975,382.09633404784984
99.8900000000142,0.01,125.0,0.0020532608032226562,23.070559545163725,1250.112497053187,-0.051460769644020556,-0.9964121287340836,382.08637544938443
99.9000000000142,0.01,125.0,0.0052051544189453125,23.07058007777176,1250.343202648639,-0.04769291088840533,-0.9969267364305241,382.0764113280971
99.91000000001421,0.01,125.0,0.00836181640625,23.070632129315946,1250.5739084494166,-0.043924680118976885,-0.9974036655394084,382.0664420607328
99.92000000001421,0.01,125.0,0.011518478393554688,23.07071574748001,1250.80461477071,-0.040156114526651604,-0.9978429123405984,382.0564680240774
99.93000000001422,0.01,125.0,0.014678955078125,23.070830932263945,1251.0353219281849,-0.03638725130565047,-0.9982444734858651,382.046489594954
99.94000000001422,0.01,125.0,0.017841339111328125,23.070977721814728,1251.2660302375077,-0.03261812765313191,-0.9986083459989218,382.0365071502191
99.95000000001423,0.01,125.0,0.021007537841796875,23.071156135205843,1251.496740014726,-0.028848780768824724,-0.9989345272754533,382.02652106675913
99.96000000001423,0.01,125.0,0.02417755126953125,23.071366210584262,1251.727451576078,-0.025079247854660907,-0.9992230150831417,382.0165317214864
99.97000000001424,0.01,125.0,0.02734661102294922,23.071607986096957,1251.958165238184,-0.021309566114408506,-0.9994738075616885,382.00653949133556
99.98000000001424,0.01,125.0,0.030519485473632812,23.071881452207187,1252.188881318045,-0.017539772753304407,-0.9996869032228327,381.9965447532599
99.99000000001425,0.01,125.0,0.033695220947265625,23.072186647061923,1252.4196001325672,-0.013769904977687167,-0.9998623009503659,381.98654788422766
